
***********************************************************

 Cron execution started at :2023-02-09 00:15:02 

 Total Count =>97

Total records SUCCESS: 1
(903859366) 
Total records FAIL: 0
() 
 Total records PENDING: 5
(903859367,903859370,812367600,903859425,812367620)
 Total records No Response: 91
(903859364,903859368,903859372,903859373,903859375,812367582,812367583,812367584,812367585,812367586,812367587,812367588,812367590,812367592,812367594,812367596,903859380,903859378,903859383,903859384,903859389,903859390,903859394,903859396,903859398,903859399,903859400,903859403,903859407,903859416,903859420,903859422,903859427,903859423,903859434,903859436,903859435,903859443,903859444,903859455,903859456,903859457,903859458,903859459,903859461,903859460,903859451,903859466,903859464,903859472,903859469,903859476,812367611,903859479,903859482,903859489,903859490,903859494,903859497,903859493,903859501,903859496,903859502,903859512,903859514,903859511,903859517,903859518,903859519,903859525,903859531,903859533,903859534,903859529,903859538,903859540,812367627,812367628,812367629,903859544,36776,903859541,36775,812367632,812367633,812367634,812367635,812367636,812367637,812367638,812367642)
 Cron execution ended at: 2023-02-09 00:15:50
