
***********************************************************

 Cron execution started at :2022-10-01 23:55:01 

 Total Count =>232

Total records SUCCESS: 1
(903721063) 
Total records FAIL: 0
() 
 Total records PENDING: 38
(903720426,903720429,903720438,903720484,903720500,903720501,903720547,903720552,903720556,903720557,903720562,903720564,903720570,903720585,903720636,903720658,903720693,903720721,903720774,903720781,903720792,903720819,903720844,903720862,903720892,903720898,903720941,903720932,903720968,903720980,903720995,903721000,903721006,903721018,903721024,903721034,903721070,903721098)
 Total records No Response: 193
(903720341,903720342,903720344,903720439,903720425,903720352,903720354,903720359,903720451,903720363,903720455,903720457,903720371,903720474,903720382,903720385,903720477,903720487,903720396,903720495,903720400,903720508,903720507,903720511,903720516,903720421,903720521,903720522,903720525,903720518,903720428,903720434,903720524,903720528,903720535,903720537,903720452,903720456,903720463,903720550,903720470,903720548,903720565,903720483,903720579,903720491,903720568,903720576,903720504,903720589,903720595,903720600,903720517,903720601,903720523,903720604,903720605,903720531,903720610,903720612,903720539,903720540,903720624,903720625,903720628,903720631,903720555,903720573,903720649,903720651,903720663,903720664,903720668,903720667,903720669,903720622,903720623,903720627,903720629,903720630,903720696,903720634,903720701,903720641,903720702,903720643,903720646,903720715,903720714,903720716,903720657,903720661,903720731,903720665,903720741,903720745,903720742,903720743,903720748,903720683,903720684,903720769,903720762,903720777,903720780,903720785,903720706,903720709,903720790,903720717,903720801,903720806,903720809,903720728,903720729,903720815,903720750,903720758,903720825,903720773,903720833,903720834,903720831,903720837,903720848,903720855,903720860,903720797,903720871,903720877,903720880,903720883,903720820,903720822,903720901,903720832,903720840,903720910,903720843,903720851,903720853,903720858,903720926,903720859,903720933,903720936,903720938,903720869,903720930,903720940,903720881,903720887,903720957,903720959,903720897,903720964,903720902,903720969,903720970,903720914,903720915,903720918,903720919,903720942,903720993,903720945,903720948,903720994,903720997,903720951,903721003,903720954,903721011,903721015,903721017,903721019,903721020,903721022,903721025,903720983,903720988,903721037,903721040,903720999,903721056,903721052,903721073,903721077,903721027,903721097,903721039,903721053,903721055)
 Cron execution ended at: 2022-10-02 00:01:05
