
***********************************************************

 Cron execution started at :2023-01-23 07:00:01 

 Total Count =>107

Total records SUCCESS: 0
() 
Total records FAIL: 0
() 
 Total records PENDING: 7
(903852243,903852247,903852268,903852309,903852362,903852369,903852373)
 Total records No Response: 100
(903852222,903852219,903852224,903852225,812366556,812366557,812366558,812366559,812366560,903852229,903852228,903852231,903852230,903852232,812366561,812366562,903852242,903852239,903852238,903852245,812366564,812366565,903852248,903852257,812366566,903852258,812366567,812366568,903852252,903852253,812366569,903852263,903852259,812366572,812366573,812366574,903852269,903852265,903852267,903852273,812366577,812366578,812366579,812366580,903852275,903852280,812366582,903852276,903852285,903852291,903852282,903852289,903852293,903852294,812366583,812366584,812366585,812366586,812366587,812366588,812366589,812366591,903852322,903852316,903852320,903852326,812366596,812366597,812366598,903852323,903852335,903852327,903852338,903852334,812366600,812366601,812366602,812366603,903852344,903852343,903852348,903852346,903852349,903852351,903852355,903852352,903852370,903852359,903852360,903852363,903852367,903852374,903852372,903852379,903852389,812366605,903852388,903852397,903852401,903852403)
 Cron execution ended at: 2023-01-23 07:01:07

***********************************************************

 Cron execution started at :2023-01-23 19:00:01 

 Total Count =>31

Total records SUCCESS: 0
() 
Total records FAIL: 0
() 
 Total records PENDING: 2
(812366614,903852434)
 Total records No Response: 29
(812366609,812366610,36726,903852411,903852410,903852412,903852414,903852415,903852419,903852420,903852422,903852423,812366624,903852429,903852428,903852430,903852424,903852426,903852431,903852437,903852441,903852442,903852438,36727,903852439,903852440,903852444,903852447,903852448)
 Cron execution ended at: 2023-01-23 19:00:14
