
***********************************************************

 Cron execution started at :2021-04-07 00:00:01 

 Total Count =>269

Total records SUCCESS: 0
() 
Total records FAIL: 33
(902744815,902744847,902744849,902744868,902744886,902744901,902744924,902745008,902745056,902745102,902745106,902745387,902745421,902745438,902745439,902745447,902745449,902745452,902745455,902745456,902745460,902745461,902745469,902745482,902745484,902745485,902745491,902745497,902745503,902745520,902745528,902745532,902745537) 
 Total records PENDING: 0
()
 Total records No Response: 234
(902743762,902743763,902743770,902743795,902743801,902743812,902743819,902743827,902743833,902743834,902743849,902743855,812251105,902743880,902743891,902743896,902743903,902743916,902743923,902743925,902743934,902743961,902743982,902743988,902744009,902744012,902744019,902744020,902744042,902744050,902744060,902744061,902744071,902744075,902744076,902744086,902744089,902744091,902744095,902744097,902744099,902744108,902744114,902744119,902744132,902744145,902744149,902744162,902744164,902744173,902744177,902744185,902744186,902744190,902744200,902744208,812251106,902744217,902744218,902744224,902744227,902744243,902744244,902744252,902744256,902744259,902744262,902744284,902744288,902744295,902744296,902744306,902744319,902744326,902744328,902744355,902744360,902744365,902744371,902744374,902744380,902744397,902744399,902744407,902744418,902744449,902744453,902744462,902744478,902744484,902744507,902744532,902744536,902744547,902744569,902744586,902744592,902744593,902744600,902744607,902744618,902744627,902744643,902744656,902744676,902744706,902744713,902744724,902744728,902744756,902744764,902744779,902744793,902744800,902744837,902744839,902744860,902744864,902744866,902744879,902744897,902744898,902744909,902744914,902744918,902744922,902744929,902744934,902744950,902744951,902744962,902744974,902744981,902744985,902744994,902744995,902744997,902744999,902745000,902745014,902745017,902745030,902745031,902745032,902745039,902745040,902745042,902745062,902745063,902745071,902745077,902745097,902745101,902745103,902745105,902745110,902745121,902745129,902745134,902745136,902745144,902745147,902745164,902745167,902745168,902745174,902745176,902745180,902745193,902745197,902745206,902745223,902745225,902745233,902745234,902745236,902745240,902745248,902745257,902745260,902745263,902745264,902745274,902745278,902745280,902745282,902745283,902745284,902745286,902745294,902745297,902745311,902745319,902745321,902745329,902745331,902745340,902745345,902745354,902745358,902745362,902745364,902745365,902745366,902745367,902745369,902745379,902745380,902745381,902745401,902745413,902745423,902745426,902745427,902745434,902745435,902745440,902745448,902745465,902745471,902745477,902745486,902745487,902745498,902745501,902745505,902745514,902745515,902745518,902745521,902745523,902745524,902745526,902745530)
 Cron execution ended at: 2021-04-07 00:09:38

***********************************************************

 Cron execution started at :2021-04-07 00:12:02 

 Total Count =>229

Total records SUCCESS: 0
() 
Total records FAIL: 11
(902745167,32771,902745585,902745592,902745594,902745600,902745611,902745615,902745619,902745621,902745637) 
 Total records PENDING: 0
()
 Total records No Response: 216
(902744042,902744050,902744060,902744061,902744071,902744075,902744076,902744086,902744089,902744091,902744095,902744097,902744099,902744108,902744114,902744119,902744132,902744145,902744149,902744162,902744164,902744173,902744177,902744185,902744186,902744190,902744200,902744208,812251106,902744217,902744218,902744224,902744227,902744243,902744244,902744252,902744256,902744259,902744262,902744284,902744288,902744295,902744296,902744306,902744319,902744326,902744328,902744355,902744360,902744365,902744371,902744374,902744380,902744397,902744399,902744407,902744418,902744449,902744453,902744462,902744478,902744484,902744507,902744532,902744536,902744547,902744569,902744586,902744592,902744593,902744600,902744607,902744618,902744627,902744643,902744656,902744676,902744706,902744713,902744724,902744728,902744756,902744764,902744779,902744793,902744800,902744837,902744839,902744860,902744864,902744866,902744879,902744897,902744898,902744909,902744914,902744918,902744922,902744929,902744934,902744950,902744951,902744962,902744974,902744981,902744985,902744994,902744995,902744997,902744999,902745000,902745017,902745032,902745039,902745040,902745042,902745062,902745063,902745077,902745101,902745103,902745105,902745110,902745134,902745136,902745144,902745147,902745164,902745168,902745174,902745176,902745180,902745193,902745197,902745206,902745223,902745225,902745233,902745234,902745236,902745240,902745248,902745257,902745260,902745263,902745264,902745274,902745278,902745280,902745282,902745283,902745284,902745286,902745294,902745297,902745311,902745319,902745321,902745329,902745331,902745340,902745345,902745354,902745358,902745362,902745364,902745365,902745366,902745367,902745369,902745379,902745380,902745381,902745401,902745413,902745423,902745426,902745427,902745434,902745435,902745440,902745448,902745465,902745471,902745477,902745486,902745487,902745498,902745501,902745505,902745514,902745515,902745518,902745521,902745523,902745524,902745526,902745530,902745540,902745545,902745551,902745565,902745567,902745576,902745577,902745581,902745584,902745588,902745593,902745595,902745597,902745612,902745613,902745624,902745633,902745638)
 Cron execution ended at: 2021-04-07 00:17:32

***********************************************************

 Cron execution started at :2021-04-07 00:18:01 

 Total Count =>195

Total records SUCCESS: 0
() 
Total records FAIL: 2
(902745225,902745274) 
 Total records PENDING: 0
()
 Total records No Response: 193
(902744173,902744177,902744185,902744186,902744190,902744200,902744208,812251106,902744217,902744218,902744224,902744227,902744243,902744244,902744252,902744256,902744259,902744262,902744284,902744288,902744295,902744296,902744306,902744319,902744326,902744328,902744355,902744360,902744365,902744371,902744374,902744380,902744397,902744399,902744407,902744418,902744449,902744453,902744462,902744478,902744484,902744507,902744532,902744536,902744547,902744569,902744586,902744592,902744593,902744600,902744607,902744618,902744627,902744643,902744656,902744676,902744706,902744713,902744724,902744728,902744756,902744764,902744779,902744793,902744800,902744837,902744839,902744860,902744864,902744866,902744879,902744897,902744898,902744909,902744914,902744918,902744922,902744929,902744934,902744950,902744951,902744962,902744974,902744981,902744985,902744994,902744995,902744997,902744999,902745000,902745017,902745032,902745039,902745040,902745042,902745062,902745063,902745077,902745101,902745103,902745105,902745110,902745134,902745136,902745144,902745147,902745164,902745168,902745174,902745176,902745180,902745193,902745197,902745206,902745223,902745233,902745234,902745236,902745240,902745248,902745257,902745260,902745263,902745264,902745278,902745280,902745282,902745283,902745284,902745286,902745294,902745297,902745311,902745319,902745321,902745329,902745331,902745340,902745345,902745354,902745358,902745362,902745364,902745365,902745366,902745367,902745369,902745379,902745380,902745381,902745401,902745413,902745423,902745426,902745427,902745434,902745435,902745440,902745448,902745465,902745471,902745477,902745486,902745487,902745498,902745501,902745505,902745514,902745515,902745518,902745521,902745523,902745524,902745526,902745530,902745540,902745545,902745551,902745565,902745567,902745576,902745577,902745581,902745584,902745588,902745593,902745595,902745597,902745612,902745613,902745624,902745633,902745638)
 Cron execution ended at: 2021-04-07 00:21:31

***********************************************************

 Cron execution started at :2021-04-07 00:24:01 

 Total Count =>168

Total records SUCCESS: 0
() 
Total records FAIL: 1
(902745331) 
 Total records PENDING: 0
()
 Total records No Response: 167
(902744319,902744326,902744328,902744355,902744360,902744365,902744371,902744374,902744380,902744397,902744399,902744407,902744418,902744449,902744453,902744462,902744478,902744484,902744507,902744532,902744536,902744547,902744569,902744586,902744592,902744593,902744600,902744607,902744618,902744627,902744643,902744656,902744676,902744706,902744713,902744724,902744728,902744756,902744764,902744779,902744793,902744800,902744837,902744839,902744860,902744864,902744866,902744879,902744897,902744898,902744909,902744914,902744918,902744922,902744929,902744934,902744950,902744951,902744962,902744974,902744981,902744985,902744994,902744995,902744997,902744999,902745000,902745017,902745032,902745039,902745040,902745042,902745062,902745063,902745077,902745101,902745103,902745105,902745110,902745134,902745136,902745144,902745147,902745164,902745168,902745174,902745176,902745180,902745193,902745197,902745206,902745223,902745233,902745234,902745236,902745240,902745248,902745257,902745260,902745263,902745264,902745278,902745280,902745282,902745283,902745284,902745286,902745294,902745297,902745319,902745329,902745340,902745345,902745354,902745358,902745362,902745364,902745365,902745366,902745367,902745369,902745379,902745380,902745381,902745401,902745413,902745423,902745426,902745427,902745434,902745435,902745440,902745448,902745465,902745471,902745477,902745486,902745487,902745498,902745501,902745505,902745514,902745515,902745518,902745521,902745523,902745524,902745526,902745530,902745540,902745545,902745551,902745565,902745567,902745576,902745577,902745581,902745584,902745588,902745593,902745595,902745597,902745612,902745613,902745624,902745633,902745638)
 Cron execution ended at: 2021-04-07 00:26:41

***********************************************************

 Cron execution started at :2021-04-07 00:27:01 

 Total Count =>159

Total records SUCCESS: 0
() 
Total records FAIL: 0
() 
 Total records PENDING: 0
()
 Total records No Response: 159
(902744374,902744380,902744397,902744399,902744407,902744418,902744449,902744453,902744462,902744478,902744484,902744507,902744532,902744536,902744547,902744569,902744586,902744592,902744593,902744600,902744607,902744618,902744627,902744643,902744656,902744676,902744706,902744713,902744724,902744728,902744756,902744764,902744779,902744793,902744800,902744837,902744839,902744860,902744864,902744866,902744879,902744897,902744898,902744909,902744914,902744918,902744922,902744929,902744934,902744950,902744951,902744962,902744974,902744981,902744985,902744994,902744995,902744997,902744999,902745000,902745017,902745032,902745039,902745040,902745042,902745062,902745063,902745077,902745101,902745103,902745105,902745110,902745134,902745136,902745144,902745147,902745164,902745168,902745174,902745176,902745180,902745193,902745197,902745206,902745223,902745233,902745234,902745236,902745240,902745248,902745257,902745260,902745263,902745264,902745278,902745280,902745282,902745283,902745284,902745286,902745294,902745297,902745319,902745329,902745340,902745345,902745354,902745358,902745362,902745364,902745365,902745366,902745367,902745369,902745379,902745381,902745401,902745413,902745423,902745426,902745427,902745434,902745435,902745440,902745448,902745465,902745471,902745477,902745486,902745487,902745498,902745501,902745505,902745514,902745515,902745518,902745521,902745523,902745524,902745526,902745530,902745540,902745545,902745551,902745565,902745567,902745576,902745577,902745581,902745584,902745588,902745593,902745595,902745597,902745612,902745613,902745624,902745633,902745638)
 Cron execution ended at: 2021-04-07 00:29:22

***********************************************************

 Cron execution started at :2021-04-07 00:30:01 

 Total Count =>153

Total records SUCCESS: 0
() 
Total records FAIL: 0
() 
 Total records PENDING: 0
()
 Total records No Response: 153
(902744449,902744453,902744462,902744478,902744484,902744507,902744532,902744536,902744547,902744569,902744586,902744592,902744593,902744600,902744607,902744618,902744627,902744643,902744656,902744676,902744706,902744713,902744724,902744728,902744756,902744764,902744779,902744793,902744800,902744837,902744839,902744860,902744864,902744866,902744879,902744897,902744898,902744909,902744914,902744918,902744922,902744929,902744934,902744950,902744951,902744962,902744974,902744981,902744985,902744994,902744995,902744997,902744999,902745000,902745017,902745032,902745039,902745040,902745042,902745062,902745063,902745077,902745101,902745103,902745105,902745110,902745134,902745136,902745144,902745147,902745164,902745168,902745174,902745176,902745180,902745193,902745197,902745206,902745223,902745233,902745234,902745236,902745240,902745248,902745257,902745260,902745263,902745264,902745278,902745280,902745282,902745283,902745284,902745286,902745294,902745297,902745319,902745329,902745340,902745345,902745354,902745358,902745362,902745364,902745365,902745366,902745367,902745369,902745379,902745381,902745401,902745413,902745423,902745426,902745427,902745434,902745435,902745440,902745448,902745465,902745471,902745477,902745486,902745487,902745498,902745501,902745505,902745514,902745515,902745518,902745521,902745523,902745524,902745526,902745530,902745540,902745545,902745551,902745565,902745567,902745576,902745577,902745581,902745584,902745588,902745593,902745595,902745597,902745612,902745613,902745624,902745633,902745638)
 Cron execution ended at: 2021-04-07 00:32:15

***********************************************************

 Cron execution started at :2021-04-07 00:33:01 

 Total Count =>159

Total records SUCCESS: 0
() 
Total records FAIL: 4
(902745642,902745658,902745662,902745664) 
 Total records PENDING: 0
()
 Total records No Response: 154
(902744484,902744507,902744532,902744536,902744547,902744569,902744586,902744592,902744593,902744600,902744607,902744618,902744627,902744643,902744656,902744676,902744706,902744713,902744724,902744728,902744756,902744764,902744779,902744793,902744800,902744837,902744839,902744860,902744864,902744866,902744879,902744897,902744898,902744909,902744914,902744918,902744922,902744929,902744934,902744950,902744951,902744962,902744974,902744981,902744985,902744994,902744995,902744997,902744999,902745000,902745017,902745032,902745039,902745040,902745042,902745062,902745063,902745077,902745101,902745103,902745105,902745110,902745134,902745136,902745144,902745147,902745164,902745168,902745174,902745176,902745180,902745193,902745197,902745206,902745223,902745233,902745234,902745236,902745240,902745248,902745257,902745260,902745263,902745264,902745278,902745280,902745282,902745283,902745284,902745286,902745294,902745297,902745319,902745329,902745340,902745345,902745354,902745358,902745362,902745364,902745365,902745366,902745367,902745369,902745379,902745381,902745401,902745413,902745423,902745426,902745427,902745434,902745435,902745440,902745448,902745465,902745471,902745477,902745486,902745487,902745498,902745501,902745505,902745514,902745515,902745518,902745521,902745523,902745524,902745526,902745530,902745540,902745545,902745551,902745565,902745567,902745576,902745577,902745581,902745584,902745588,902745593,902745595,902745597,902745612,902745613,902745624,902745633,902745638,902745640,902745643,902745647,902745656,902745663)
 Cron execution ended at: 2021-04-07 00:36:17

***********************************************************

 Cron execution started at :2021-04-07 00:39:02 

 Total Count =>160

Total records SUCCESS: 0
() 
Total records FAIL: 6
(902745690,902745693,902745697,902745703,902745704,902745706) 
 Total records PENDING: 0
()
 Total records No Response: 153
(902744592,902744593,902744600,902744607,902744618,902744627,902744643,902744656,902744676,902744706,902744713,902744724,902744728,902744756,902744764,902744779,902744793,902744800,902744837,902744839,902744860,902744864,902744866,902744879,902744897,902744898,902744909,902744914,902744918,902744922,902744929,902744934,902744950,902744951,902744962,902744974,902744981,902744985,902744994,902744995,902744997,902744999,902745000,902745017,902745032,902745039,902745040,902745042,902745062,902745063,902745077,902745101,902745103,902745105,902745110,902745134,902745136,902745144,902745147,902745164,902745168,902745174,902745176,902745180,902745193,902745197,902745206,902745223,902745233,902745234,902745236,902745240,902745248,902745257,902745260,902745263,902745264,902745278,902745280,902745282,902745283,902745284,902745286,902745294,902745297,902745319,902745329,902745340,902745345,902745354,902745358,902745362,902745364,902745365,902745366,902745367,902745369,902745379,902745381,902745401,902745413,902745423,902745426,902745427,902745434,902745435,902745440,902745448,902745465,902745471,902745477,902745486,902745487,902745498,902745501,902745505,902745514,902745515,902745518,902745521,902745523,902745524,902745526,902745530,902745540,902745545,902745551,902745565,902745567,902745576,902745577,902745581,902745584,902745588,902745593,902745595,902745597,902745612,902745613,902745624,902745633,902745638,902745640,902745643,902745647,902745656,902745663,902745669,902745670,902745672,902745691,902745692,902745701)
 Cron execution ended at: 2021-04-07 00:42:42

***********************************************************

 Cron execution started at :2021-04-07 00:45:02 

 Total Count =>149

Total records SUCCESS: 0
() 
Total records FAIL: 1
(902745723) 
 Total records PENDING: 0
()
 Total records No Response: 148
(902744713,902744724,902744728,902744756,902744764,902744779,902744793,902744800,902744837,902744839,902744860,902744864,902744866,902744879,902744897,902744898,902744909,902744914,902744918,902744922,902744929,902744934,902744950,902744951,902744962,902744974,902744981,902744985,902744994,902744995,902744997,902744999,902745000,902745017,902745032,902745039,902745040,902745042,902745062,902745063,902745077,902745101,902745103,902745105,902745110,902745134,902745136,902745144,902745147,902745164,902745168,902745174,902745176,902745180,902745193,902745197,902745206,902745223,902745233,902745234,902745236,902745240,902745248,902745257,902745260,902745263,902745264,902745278,902745280,902745282,902745283,902745284,902745286,902745294,902745297,902745319,902745329,902745340,902745345,902745354,902745358,902745362,902745364,902745365,902745366,902745367,902745369,902745379,902745381,902745401,902745413,902745423,902745426,902745427,902745434,902745435,902745440,902745448,902745465,902745471,902745477,902745486,902745487,902745498,902745501,902745505,902745514,902745515,902745518,902745521,902745523,902745524,902745526,902745530,902745540,902745545,902745551,902745565,902745567,902745576,902745577,902745581,902745584,902745588,902745593,902745595,902745597,902745612,902745613,902745624,902745633,902745638,902745640,902745643,902745647,902745656,902745663,902745669,902745670,902745672,902745691,902745692,902745701,902745713,902745714,902745716,902745717,902745735)
 Cron execution ended at: 2021-04-07 00:47:53

***********************************************************

 Cron execution started at :2021-04-07 00:48:01 

 Total Count =>153

Total records SUCCESS: 0
() 
Total records FAIL: 4
(902745743,902745744,902745747,902745750) 
 Total records PENDING: 0
()
 Total records No Response: 149
(902744756,902744764,902744779,902744793,902744800,902744837,902744839,902744860,902744864,902744866,902744879,902744897,902744898,902744909,902744914,902744918,902744922,902744929,902744934,902744950,902744951,902744962,902744974,902744981,902744985,902744994,902744995,902744997,902744999,902745000,902745017,902745032,902745039,902745040,902745042,902745062,902745063,902745077,902745101,902745103,902745105,902745110,902745134,902745136,902745144,902745147,902745164,902745168,902745174,902745176,902745180,902745193,902745197,902745206,902745223,902745233,902745234,902745236,902745240,902745248,902745257,902745260,902745263,902745264,902745278,902745280,902745282,902745283,902745284,902745286,902745294,902745297,902745319,902745329,902745340,902745345,902745354,902745358,902745362,902745364,902745365,902745366,902745367,902745369,902745379,902745381,902745401,902745413,902745423,902745426,902745427,902745434,902745435,902745440,902745448,902745465,902745471,902745477,902745486,902745487,902745498,902745501,902745505,902745514,902745515,902745518,902745521,902745523,902745524,902745526,902745530,902745540,902745545,902745551,902745565,902745567,902745576,902745577,902745581,902745584,902745588,902745593,902745595,902745597,902745612,902745613,902745624,902745633,902745638,902745640,902745643,902745647,902745656,902745663,902745669,902745670,902745672,902745691,902745692,902745701,902745713,902745714,902745716,902745717,902745735,902745738,902745741,902745745,902745749)
 Cron execution ended at: 2021-04-07 00:51:22

***********************************************************

 Cron execution started at :2021-04-07 00:54:01 

 Total Count =>150

Total records SUCCESS: 0
() 
Total records FAIL: 1
(902745769) 
 Total records PENDING: 0
()
 Total records No Response: 149
(902744860,902744864,902744866,902744879,902744897,902744898,902744909,902744914,902744918,902744922,902744929,902744934,902744950,902744951,902744962,902744974,902744981,902744985,902744994,902744995,902744997,902744999,902745000,902745017,902745032,902745039,902745040,902745042,902745062,902745063,902745077,902745101,902745103,902745105,902745110,902745134,902745136,902745144,902745147,902745164,902745168,902745174,902745176,902745180,902745193,902745197,902745206,902745223,902745233,902745234,902745236,902745240,902745248,902745257,902745260,902745263,902745264,902745278,902745280,902745282,902745283,902745284,902745286,902745294,902745297,902745319,902745329,902745340,902745345,902745354,902745358,902745362,902745364,902745365,902745366,902745367,902745369,902745379,902745381,902745401,902745413,902745423,902745426,902745427,902745434,902745435,902745440,902745448,902745465,902745471,902745477,902745486,902745487,902745498,902745501,902745505,902745514,902745515,902745518,902745521,902745523,902745524,902745526,902745530,902745540,902745545,902745551,902745565,902745567,902745576,902745577,902745581,902745584,902745588,902745593,902745595,902745597,902745612,902745613,902745624,902745633,902745638,902745640,902745643,902745647,902745656,902745663,902745669,902745670,902745672,902745691,902745692,902745701,902745713,902745714,902745716,902745717,902745735,902745738,902745741,902745745,902745749,902745755,902745757,902745760,902745762,902745770,902745774,902745775)
 Cron execution ended at: 2021-04-07 00:56:53

***********************************************************

 Cron execution started at :2021-04-07 00:57:02 

 Total Count =>144

Total records SUCCESS: 0
() 
Total records FAIL: 0
() 
 Total records PENDING: 0
()
 Total records No Response: 144
(902744909,902744914,902744918,902744922,902744929,902744934,902744950,902744951,902744962,902744974,902744981,902744985,902744994,902744995,902744997,902744999,902745000,902745017,902745032,902745039,902745040,902745042,902745062,902745063,902745077,902745101,902745103,902745105,902745110,902745134,902745136,902745144,902745147,902745164,902745168,902745174,902745176,902745180,902745193,902745197,902745206,902745223,902745233,902745234,902745236,902745240,902745248,902745257,902745260,902745263,902745264,902745278,902745280,902745282,902745283,902745284,902745286,902745294,902745297,902745319,902745329,902745340,902745345,902745354,902745358,902745362,902745364,902745365,902745366,902745367,902745369,902745379,902745381,902745401,902745413,902745423,902745426,902745427,902745434,902745435,902745440,902745448,902745465,902745471,902745477,902745486,902745487,902745498,902745501,902745505,902745514,902745515,902745518,902745521,902745523,902745524,902745526,902745530,902745540,902745545,902745551,902745565,902745567,902745576,902745577,902745581,902745584,902745588,902745593,902745595,902745597,902745612,902745613,902745624,902745633,902745638,902745640,902745643,902745647,902745656,902745663,902745669,902745670,902745672,902745691,902745692,902745701,902745713,902745714,902745716,902745717,902745735,902745738,902745741,902745745,902745749,902745755,902745757,902745760,902745762,902745770,902745774,902745775,902745783)
 Cron execution ended at: 2021-04-07 00:59:52

***********************************************************

 Cron execution started at :2021-04-07 01:00:02 

 Total Count =>138

Total records SUCCESS: 0
() 
Total records FAIL: 1
(902745792) 
 Total records PENDING: 0
()
 Total records No Response: 137
(902744962,902744974,902744981,902744985,902744994,902744995,902744997,902744999,902745000,902745017,902745032,902745039,902745040,902745042,902745062,902745063,902745077,902745101,902745103,902745105,902745110,902745134,902745136,902745144,902745147,902745164,902745168,902745174,902745176,902745180,902745193,902745197,902745206,902745223,902745233,902745234,902745236,902745240,902745248,902745257,902745260,902745263,902745264,902745278,902745280,902745282,902745283,902745284,902745286,902745294,902745297,902745319,902745329,902745340,902745345,902745354,902745358,902745362,902745364,902745365,902745366,902745367,902745369,902745379,902745381,902745401,902745413,902745423,902745426,902745427,902745434,902745435,902745440,902745448,902745465,902745471,902745477,902745486,902745487,902745498,902745501,902745505,902745514,902745515,902745518,902745521,902745523,902745524,902745526,902745530,902745540,902745545,902745551,902745565,902745567,902745576,902745577,902745581,902745584,902745588,902745593,902745595,902745597,902745612,902745613,902745624,902745633,902745638,902745640,902745643,902745647,902745656,902745663,902745669,902745670,902745672,902745691,902745692,902745701,902745713,902745714,902745716,902745717,902745735,902745738,902745741,902745745,902745749,902745755,902745757,902745760,902745762,902745770,902745774,902745775,902745783,902745790)
 Cron execution ended at: 2021-04-07 01:03:04

***********************************************************

 Cron execution started at :2021-04-07 01:06:01 

 Total Count =>127

Total records SUCCESS: 0
() 
Total records FAIL: 0
() 
 Total records PENDING: 0
()
 Total records No Response: 126
(902745062,902745063,902745077,902745101,902745103,902745105,902745110,902745134,902745136,902745144,902745147,902745164,902745168,902745174,902745176,902745180,902745193,902745197,902745206,902745223,902745233,902745234,902745236,902745240,902745248,902745257,902745260,902745263,902745264,902745278,902745280,902745282,902745283,902745284,902745286,902745294,902745297,902745319,902745329,902745340,902745345,902745354,902745358,902745362,902745364,902745365,902745366,902745367,902745369,902745379,902745381,902745401,902745413,902745423,902745426,902745427,902745434,902745435,902745440,902745448,902745465,902745471,902745477,902745486,902745487,902745498,902745501,902745505,902745514,902745515,902745518,902745521,902745523,902745524,902745526,902745530,902745540,902745545,902745551,902745565,902745567,902745576,902745577,902745581,902745584,902745588,902745593,902745595,902745597,902745612,902745613,902745624,902745633,902745638,902745640,902745643,902745647,902745656,902745663,902745669,902745670,902745672,902745691,902745692,902745701,902745713,902745714,902745716,902745717,902745735,902745738,902745741,902745745,902745749,902745755,902745757,902745760,902745762,902745770,902745774,902745775,902745783,902745790,902745798,902745803,902745814)
 Cron execution ended at: 2021-04-07 01:09:00

***********************************************************

 Cron execution started at :2021-04-07 01:09:02 

 Total Count =>122

Total records SUCCESS: 0
() 
Total records FAIL: 4
(902745640,902745656,902745817,902745823) 
 Total records PENDING: 0
()
 Total records No Response: 118
(902745110,902745134,902745136,902745144,902745147,902745164,902745168,902745174,902745176,902745180,902745193,902745197,902745206,902745223,902745233,902745234,902745236,902745240,902745248,902745257,902745260,902745263,902745264,902745278,902745280,902745282,902745283,902745284,902745286,902745294,902745297,902745319,902745329,902745340,902745345,902745354,902745358,902745362,902745364,902745365,902745366,902745367,902745369,902745379,902745381,902745401,902745413,902745423,902745426,902745427,902745434,902745435,902745440,902745448,902745465,902745471,902745477,902745486,902745487,902745498,902745501,902745505,902745514,902745515,902745518,902745521,902745523,902745524,902745526,902745530,902745540,902745545,902745551,902745565,902745567,902745576,902745577,902745581,902745584,902745588,902745593,902745595,902745597,902745612,902745613,902745624,902745633,902745638,902745643,902745647,902745663,902745669,902745670,902745672,902745691,902745692,902745701,902745713,902745714,902745716,902745717,902745735,902745738,902745741,902745745,902745749,902745755,902745757,902745760,902745762,902745770,902745774,902745775,902745783,902745790,902745798,902745803,902745814)
 Cron execution ended at: 2021-04-07 01:12:04

***********************************************************

 Cron execution started at :2021-04-07 01:15:02 

 Total Count =>110

Total records SUCCESS: 0
() 
Total records FAIL: 3
(902745692,902745846,902745850) 
 Total records PENDING: 0
()
 Total records No Response: 107
(902745206,902745223,902745233,902745234,902745236,902745240,902745248,902745257,902745260,902745263,902745264,902745278,902745280,902745282,902745283,902745284,902745286,902745294,902745297,902745319,902745329,902745340,902745345,902745354,902745358,902745362,902745364,902745365,902745366,902745367,902745369,902745379,902745381,902745401,902745413,902745423,902745426,902745427,902745434,902745435,902745440,902745448,902745465,902745471,902745477,902745486,902745487,902745498,902745501,902745505,902745514,902745515,902745518,902745521,902745523,902745524,902745526,902745530,902745540,902745545,902745551,902745565,902745567,902745576,902745577,902745581,902745584,902745588,902745593,902745595,902745597,902745612,902745613,902745624,902745633,902745638,902745643,902745647,902745663,902745669,902745670,902745672,902745691,902745701,902745713,902745714,902745716,902745717,902745735,902745738,902745741,902745745,902745749,902745755,902745757,902745760,902745762,902745770,902745774,902745775,902745783,902745790,902745798,902745803,902745814,902745844,902745849)
 Cron execution ended at: 2021-04-07 01:17:47

***********************************************************

 Cron execution started at :2021-04-07 01:18:02 

 Total Count =>104

Total records SUCCESS: 0
() 
Total records FAIL: 2
(902745714,902745855) 
 Total records PENDING: 0
()
 Total records No Response: 101
(902745248,902745257,902745260,902745263,902745264,902745278,902745280,902745282,902745283,902745284,902745286,902745294,902745297,902745319,902745329,902745340,902745345,902745354,902745358,902745362,902745364,902745365,902745366,902745367,902745369,902745379,902745381,902745401,902745413,902745423,902745426,902745427,902745434,902745435,902745440,902745448,902745465,902745471,902745477,902745486,902745487,902745498,902745501,902745505,902745514,902745515,902745518,902745521,902745523,902745524,902745526,902745530,902745540,902745545,902745551,902745565,902745567,902745576,902745577,902745581,902745584,902745588,902745593,902745595,902745597,902745612,902745613,902745624,902745633,902745638,902745643,902745647,902745663,902745669,902745670,902745672,902745691,902745701,902745713,902745716,902745717,902745735,902745738,902745741,902745745,902745749,902745755,902745757,902745760,902745762,902745770,902745774,902745775,902745783,902745790,902745798,902745803,902745814,902745844,902745849,902745853)
 Cron execution ended at: 2021-04-07 01:20:31

***********************************************************

 Cron execution started at :2021-04-07 01:21:01 

 Total Count =>92

Total records SUCCESS: 0
() 
Total records FAIL: 0
() 
 Total records PENDING: 0
()
 Total records No Response: 92
(902745294,902745297,902745319,902745329,902745340,902745345,902745354,902745358,902745362,902745364,902745365,902745366,902745367,902745369,902745379,902745381,902745401,902745413,902745423,902745426,902745427,902745434,902745435,902745440,902745448,902745465,902745471,902745477,902745486,902745487,902745498,902745501,902745505,902745514,902745515,902745518,902745521,902745523,902745524,902745526,902745530,902745540,902745545,902745551,902745565,902745567,902745576,902745577,902745581,902745584,902745588,902745593,902745595,902745597,902745612,902745613,902745624,902745633,902745638,902745643,902745647,902745663,902745669,902745670,902745672,902745691,902745701,902745713,902745716,902745717,902745735,902745738,902745741,902745745,902745749,902745755,902745757,902745760,902745762,902745770,902745774,902745775,902745783,902745790,902745798,902745803,902745814,902745844,902745849,902745853,902745866,902745867)
 Cron execution ended at: 2021-04-07 01:23:07

***********************************************************

 Cron execution started at :2021-04-07 01:24:02 

 Total Count =>90

Total records SUCCESS: 0
() 
Total records FAIL: 0
() 
 Total records PENDING: 0
()
 Total records No Response: 90
(902745340,902745345,902745354,902745358,902745362,902745364,902745365,902745366,902745367,902745369,902745379,902745381,902745401,902745413,902745423,902745426,902745427,902745434,902745435,902745440,902745448,902745465,902745471,902745477,902745486,902745487,902745498,902745501,902745505,902745514,902745515,902745518,902745521,902745523,902745524,902745526,902745530,902745540,902745545,902745551,902745565,902745567,902745576,902745577,902745581,902745584,902745588,902745593,902745595,902745597,902745612,902745613,902745624,902745633,902745638,902745643,902745647,902745663,902745669,902745670,902745672,902745691,902745701,902745713,902745716,902745717,902745735,902745738,902745741,902745745,902745749,902745755,902745757,902745760,902745762,902745770,902745774,902745775,902745783,902745790,902745798,902745803,902745814,902745844,902745849,902745853,902745866,902745867,902745880,902745882)
 Cron execution ended at: 2021-04-07 01:26:23

***********************************************************

 Cron execution started at :2021-04-07 01:27:02 

 Total Count =>85

Total records SUCCESS: 0
() 
Total records FAIL: 2
(902745889,902745891) 
 Total records PENDING: 0
()
 Total records No Response: 83
(902745379,902745381,902745401,902745413,902745423,902745426,902745427,902745434,902745435,902745440,902745448,902745465,902745471,902745477,902745486,902745487,902745498,902745501,902745505,902745514,902745515,902745518,902745521,902745523,902745524,902745526,902745530,902745540,902745545,902745551,902745565,902745567,902745576,902745577,902745581,902745584,902745588,902745593,902745595,902745597,902745612,902745613,902745624,902745633,902745638,902745643,902745647,902745663,902745669,902745670,902745672,902745691,902745701,902745713,902745716,902745717,902745735,902745738,902745741,902745745,902745749,902745755,902745757,902745760,902745762,902745770,902745774,902745775,902745783,902745790,902745798,902745803,902745814,902745844,902745849,902745853,902745866,902745867,902745880,902745882,902745886,902745894,902745895)
 Cron execution ended at: 2021-04-07 01:29:34

***********************************************************

 Cron execution started at :2021-04-07 01:30:02 

 Total Count =>83

Total records SUCCESS: 0
() 
Total records FAIL: 2
(812251112,902745901) 
 Total records PENDING: 0
()
 Total records No Response: 81
(902745413,902745423,902745426,902745427,902745434,902745435,902745440,902745448,902745465,902745471,902745477,902745486,902745487,902745498,902745501,902745505,902745514,902745515,902745518,902745521,902745523,902745524,902745526,902745530,902745540,902745545,902745551,902745565,902745567,902745576,902745577,902745581,902745584,902745588,902745593,902745595,902745597,902745612,902745613,902745624,902745633,902745638,902745643,902745647,902745663,902745669,902745670,902745672,902745691,902745701,902745713,902745716,902745717,902745735,902745738,902745741,902745745,902745749,902745755,902745757,902745760,902745762,902745770,902745774,902745775,902745783,902745790,902745798,902745803,902745814,902745844,902745849,902745853,902745866,902745867,902745880,902745882,902745886,902745894,902745895,902745899)
 Cron execution ended at: 2021-04-07 01:32:37

***********************************************************

 Cron execution started at :2021-04-07 01:33:02 

 Total Count =>73

Total records SUCCESS: 0
() 
Total records FAIL: 0
() 
 Total records PENDING: 0
()
 Total records No Response: 73
(902745465,902745471,902745477,902745486,902745487,902745498,902745501,902745505,902745514,902745515,902745518,902745521,902745523,902745524,902745526,902745530,902745540,902745545,902745551,902745565,902745567,902745576,902745577,902745581,902745584,902745588,902745593,902745595,902745597,902745612,902745613,902745624,902745633,902745638,902745643,902745647,902745663,902745669,902745670,902745672,902745691,902745701,902745713,902745716,902745717,902745735,902745738,902745741,902745745,902745749,902745755,902745757,902745760,902745762,902745770,902745774,902745775,902745783,902745790,902745798,902745803,902745814,902745844,902745849,902745853,902745866,902745867,902745880,902745882,902745886,902745894,902745895,902745899)
 Cron execution ended at: 2021-04-07 01:35:14

***********************************************************

 Cron execution started at :2021-04-07 01:36:01 

 Total Count =>70

Total records SUCCESS: 0
() 
Total records FAIL: 1
(902745790) 
 Total records PENDING: 0
()
 Total records No Response: 69
(902745487,902745498,902745501,902745505,902745514,902745515,902745518,902745521,902745523,902745524,902745526,902745530,902745540,902745545,902745551,902745565,902745567,902745576,902745577,902745581,902745584,902745588,902745593,902745595,902745597,902745612,902745613,902745624,902745633,902745638,902745643,902745647,902745663,902745669,902745670,902745672,902745691,902745701,902745713,902745716,902745717,902745735,902745738,902745741,902745745,902745749,902745755,902745757,902745760,902745762,902745770,902745774,902745775,902745783,902745798,902745803,902745814,902745844,902745849,902745853,902745866,902745867,902745880,902745882,902745886,902745894,902745895,902745899,902745909)
 Cron execution ended at: 2021-04-07 01:38:12

***********************************************************

 Cron execution started at :2021-04-07 01:39:02 

 Total Count =>59

Total records SUCCESS: 0
() 
Total records FAIL: 1
(902745783) 
 Total records PENDING: 0
()
 Total records No Response: 58
(902745526,902745530,902745540,902745545,902745551,902745565,902745567,902745576,902745577,902745581,902745584,902745588,902745593,902745595,902745597,902745612,902745613,902745624,902745633,902745638,902745643,902745647,902745663,902745669,902745670,902745672,902745691,902745701,902745713,902745716,902745717,902745735,902745738,902745741,902745745,902745749,902745755,902745757,902745760,902745762,902745770,902745774,902745775,902745798,902745803,902745814,902745844,902745849,902745853,902745866,902745867,902745880,902745882,902745886,902745894,902745895,902745899,902745909)
 Cron execution ended at: 2021-04-07 01:40:50

***********************************************************

 Cron execution started at :2021-04-07 01:42:02 

 Total Count =>54

Total records SUCCESS: 0
() 
Total records FAIL: 0
() 
 Total records PENDING: 0
()
 Total records No Response: 54
(902745565,902745567,902745576,902745577,902745581,902745584,902745588,902745593,902745595,902745597,902745612,902745613,902745624,902745633,902745638,902745643,902745647,902745663,902745669,902745670,902745672,902745691,902745701,902745713,902745716,902745717,902745735,902745738,902745741,902745745,902745749,902745755,902745757,902745760,902745762,902745770,902745774,902745775,902745798,902745803,902745814,902745844,902745849,902745853,902745866,902745867,902745880,902745882,902745886,902745894,902745895,902745899,902745909,902745921)
 Cron execution ended at: 2021-04-07 01:43:46

***********************************************************

 Cron execution started at :2021-04-07 01:45:02 

 Total Count =>49

Total records SUCCESS: 0
() 
Total records FAIL: 0
() 
 Total records PENDING: 0
()
 Total records No Response: 49
(902745588,902745593,902745595,902745597,902745612,902745613,902745624,902745633,902745638,902745643,902745647,902745663,902745669,902745670,902745672,902745691,902745701,902745713,902745716,902745717,902745735,902745738,902745741,902745745,902745749,902745755,902745757,902745760,902745762,902745770,902745774,902745775,902745798,902745803,902745814,902745844,902745849,902745853,902745866,902745867,902745880,902745882,902745886,902745894,902745895,902745899,902745909,902745921,902745926)
 Cron execution ended at: 2021-04-07 01:46:21

***********************************************************

 Cron execution started at :2021-04-07 01:48:02 

 Total Count =>44

Total records SUCCESS: 0
() 
Total records FAIL: 1
(902745933) 
 Total records PENDING: 0
()
 Total records No Response: 43
(902745633,902745638,902745643,902745647,902745663,902745669,902745670,902745672,902745691,902745701,902745713,902745716,902745717,902745735,902745738,902745741,902745745,902745749,902745755,902745757,902745760,902745762,902745770,902745774,902745775,902745798,902745803,902745814,902745844,902745849,902745853,902745866,902745867,902745880,902745882,902745886,902745894,902745895,902745899,902745909,902745921,902745926,902745934)
 Cron execution ended at: 2021-04-07 01:49:27

***********************************************************

 Cron execution started at :2021-04-07 01:51:01 

 Total Count =>41

Total records SUCCESS: 0
() 
Total records FAIL: 0
() 
 Total records PENDING: 0
()
 Total records No Response: 41
(902745643,902745647,902745663,902745669,902745670,902745672,902745691,902745701,902745713,902745716,902745717,902745735,902745738,902745741,902745745,902745749,902745755,902745757,902745760,902745762,902745770,902745774,902745775,902745798,902745803,902745814,902745844,902745849,902745853,902745866,902745867,902745880,902745882,902745886,902745894,902745895,902745899,902745909,902745921,902745926,902745934)
 Cron execution ended at: 2021-04-07 01:52:03

***********************************************************

 Cron execution started at :2021-04-07 01:54:02 

 Total Count =>42

Total records SUCCESS: 0
() 
Total records FAIL: 0
() 
 Total records PENDING: 0
()
 Total records No Response: 42
(902745643,902745647,902745663,902745669,902745670,902745672,902745691,902745701,902745713,902745716,902745717,902745735,902745738,902745741,902745745,902745749,902745755,902745757,902745760,902745762,902745770,902745774,902745775,902745798,902745803,902745814,902745844,902745849,902745853,902745866,902745867,902745880,902745882,902745886,902745894,902745895,902745899,902745909,902745921,902745926,902745934,902745939)
 Cron execution ended at: 2021-04-07 01:55:04

***********************************************************

 Cron execution started at :2021-04-07 01:57:02 

 Total Count =>42

Total records SUCCESS: 0
() 
Total records FAIL: 0
() 
 Total records PENDING: 0
()
 Total records No Response: 42
(902745643,902745647,902745663,902745669,902745670,902745672,902745691,902745701,902745713,902745716,902745717,902745735,902745738,902745741,902745745,902745749,902745755,902745757,902745760,902745762,902745770,902745774,902745775,902745798,902745803,902745814,902745844,902745849,902745853,902745866,902745867,902745880,902745882,902745886,902745894,902745895,902745899,902745909,902745921,902745926,902745934,902745939)
 Cron execution ended at: 2021-04-07 01:58:02

***********************************************************

 Cron execution started at :2021-04-07 02:00:02 

 Total Count =>42

Total records SUCCESS: 0
() 
Total records FAIL: 1
(902745866) 
 Total records PENDING: 0
()
 Total records No Response: 41
(902745643,902745647,902745663,902745669,902745670,902745672,902745691,902745701,902745713,902745716,902745717,902745735,902745738,902745741,902745745,902745749,902745755,902745757,902745760,902745762,902745770,902745774,902745775,902745798,902745803,902745814,902745844,902745849,902745853,902745867,902745880,902745882,902745886,902745894,902745895,902745899,902745909,902745921,902745926,902745934,902745939)
 Cron execution ended at: 2021-04-07 02:01:02

***********************************************************

 Cron execution started at :2021-04-07 02:03:02 

 Total Count =>42

Total records SUCCESS: 0
() 
Total records FAIL: 1
(902745880) 
 Total records PENDING: 0
()
 Total records No Response: 41
(902745643,902745647,902745663,902745669,902745670,902745672,902745691,902745701,902745713,902745716,902745717,902745735,902745738,902745741,902745745,902745749,902745755,902745757,902745760,902745762,902745770,902745774,902745775,902745798,902745803,902745814,902745844,902745849,902745853,902745867,902745882,902745886,902745894,902745895,902745899,902745909,902745921,902745926,902745934,902745939,902745944)
 Cron execution ended at: 2021-04-07 02:03:55

***********************************************************

 Cron execution started at :2021-04-07 02:06:01 

 Total Count =>41

Total records SUCCESS: 0
() 
Total records FAIL: 1
(902745882) 
 Total records PENDING: 0
()
 Total records No Response: 40
(902745643,902745647,902745663,902745669,902745670,902745672,902745691,902745701,902745713,902745716,902745717,902745735,902745738,902745741,902745745,902745749,902745755,902745757,902745760,902745762,902745770,902745774,902745775,902745798,902745803,902745814,902745844,902745849,902745853,902745867,902745886,902745894,902745895,902745899,902745909,902745921,902745926,902745934,902745939,902745944)
 Cron execution ended at: 2021-04-07 02:06:44

***********************************************************

 Cron execution started at :2021-04-07 02:09:01 

 Total Count =>42

Total records SUCCESS: 0
() 
Total records FAIL: 0
() 
 Total records PENDING: 0
()
 Total records No Response: 41
(902745643,902745647,902745663,902745669,902745670,902745672,902745691,902745701,902745713,902745716,902745717,902745735,902745738,902745741,902745745,902745749,902745755,902745757,902745760,902745762,902745770,902745774,902745775,902745798,902745803,902745814,902745844,902745849,902745853,902745867,902745886,902745894,902745895,902745899,902745909,902745921,902745926,902745934,902745939,902745944,902745948)
 Cron execution ended at: 2021-04-07 02:09:46

***********************************************************

 Cron execution started at :2021-04-07 02:12:01 

 Total Count =>38

Total records SUCCESS: 0
() 
Total records FAIL: 1
(902745909) 
 Total records PENDING: 0
()
 Total records No Response: 37
(902745663,902745669,902745670,902745672,902745691,902745701,902745713,902745716,902745717,902745735,902745738,902745741,902745745,902745749,902745755,902745757,902745760,902745762,902745770,902745774,902745775,902745798,902745803,902745814,902745844,902745849,902745853,902745867,902745886,902745894,902745895,902745921,902745926,902745934,902745939,902745944,902745948)
 Cron execution ended at: 2021-04-07 02:12:29

***********************************************************

 Cron execution started at :2021-04-07 02:15:01 

 Total Count =>33

Total records SUCCESS: 0
() 
Total records FAIL: 0
() 
 Total records PENDING: 0
()
 Total records No Response: 33
(902745691,902745701,902745713,902745716,902745717,902745735,902745738,902745741,902745745,902745749,902745755,902745757,902745760,902745762,902745770,902745774,902745775,902745798,902745803,902745814,902745844,902745849,902745853,902745867,902745886,902745894,902745895,902745921,902745926,902745934,902745939,902745944,902745948)
 Cron execution ended at: 2021-04-07 02:15:18

***********************************************************

 Cron execution started at :2021-04-07 02:18:01 

 Total Count =>34

Total records SUCCESS: 0
() 
Total records FAIL: 1
(902745957) 
 Total records PENDING: 0
()
 Total records No Response: 33
(902745701,902745713,902745716,902745717,902745735,902745738,902745741,902745745,902745749,902745755,902745757,902745760,902745762,902745770,902745774,902745775,902745798,902745803,902745814,902745844,902745849,902745853,902745867,902745886,902745894,902745895,902745921,902745926,902745934,902745939,902745944,902745948,902745958)
 Cron execution ended at: 2021-04-07 02:18:27

***********************************************************

 Cron execution started at :2021-04-07 02:21:01 

 Total Count =>31

Total records SUCCESS: 0
() 
Total records FAIL: 0
() 
 Total records PENDING: 0
()
 Total records No Response: 31
(902745716,902745717,902745735,902745738,902745741,902745745,902745749,902745755,902745757,902745760,902745762,902745770,902745774,902745775,902745798,902745803,902745814,902745844,902745849,902745853,902745867,902745886,902745894,902745895,902745921,902745926,902745934,902745939,902745944,902745948,902745958)
 Cron execution ended at: 2021-04-07 02:21:34

***********************************************************

 Cron execution started at :2021-04-07 02:24:02 

 Total Count =>29

Total records SUCCESS: 0
() 
Total records FAIL: 0
() 
 Total records PENDING: 0
()
 Total records No Response: 29
(902745735,902745738,902745741,902745745,902745749,902745755,902745757,902745760,902745762,902745770,902745774,902745775,902745798,902745803,902745814,902745844,902745849,902745853,902745867,902745886,902745894,902745895,902745921,902745926,902745934,902745939,902745944,902745948,902745958)
 Cron execution ended at: 2021-04-07 02:24:49

***********************************************************

 Cron execution started at :2021-04-07 02:27:02 

 Total Count =>26

Total records SUCCESS: 0
() 
Total records FAIL: 0
() 
 Total records PENDING: 0
()
 Total records No Response: 26
(902745745,902745749,902745755,902745757,902745760,902745762,902745770,902745774,902745775,902745798,902745803,902745814,902745844,902745849,902745853,902745867,902745886,902745894,902745895,902745921,902745926,902745934,902745939,902745944,902745948,902745958)
 Cron execution ended at: 2021-04-07 02:27:21

***********************************************************

 Cron execution started at :2021-04-07 02:30:01 

 Total Count =>23

Total records SUCCESS: 0
() 
Total records FAIL: 0
() 
 Total records PENDING: 0
()
 Total records No Response: 23
(902745760,902745762,902745770,902745774,902745775,902745798,902745803,902745814,902745844,902745849,902745853,902745867,902745886,902745894,902745895,902745921,902745926,902745934,902745939,902745944,902745948,902745958,902745965)
 Cron execution ended at: 2021-04-07 02:30:35

***********************************************************

 Cron execution started at :2021-04-07 02:33:02 

 Total Count =>21

Total records SUCCESS: 1
(902745971) 
Total records FAIL: 0
() 
 Total records PENDING: 0
()
 Total records No Response: 20
(902745774,902745775,902745798,902745803,902745814,902745844,902745849,902745853,902745867,902745886,902745894,902745895,902745921,902745926,902745934,902745939,902745944,902745948,902745958,902745965)
 Cron execution ended at: 2021-04-07 02:33:37

***********************************************************

 Cron execution started at :2021-04-07 02:36:01 

 Total Count =>19

Total records SUCCESS: 0
() 
Total records FAIL: 1
(902745974) 
 Total records PENDING: 0
()
 Total records No Response: 18
(902745798,902745803,902745814,902745844,902745849,902745853,902745867,902745886,902745894,902745895,902745921,902745926,902745934,902745939,902745944,902745948,902745958,902745965)
 Cron execution ended at: 2021-04-07 02:36:45

***********************************************************

 Cron execution started at :2021-04-07 02:39:01 

 Total Count =>20

Total records SUCCESS: 0
() 
Total records FAIL: 0
() 
 Total records PENDING: 0
()
 Total records No Response: 19
(902745798,902745803,902745814,902745844,902745849,902745853,902745867,902745886,902745894,902745895,902745921,902745926,902745934,902745939,902745944,902745948,902745958,902745965,902745976)
 Cron execution ended at: 2021-04-07 02:39:46

***********************************************************

 Cron execution started at :2021-04-07 02:42:02 

 Total Count =>17

Total records SUCCESS: 0
() 
Total records FAIL: 0
() 
 Total records PENDING: 0
()
 Total records No Response: 17
(902745814,902745844,902745849,902745853,902745867,902745886,902745894,902745895,902745921,902745926,902745934,902745939,902745944,902745948,902745958,902745965,902745976)
 Cron execution ended at: 2021-04-07 02:42:46
