
***********************************************************

 Cron execution started at :2021-11-15 23:55:01 

 Total Count =>108

Total records SUCCESS: 1
(902993551) 
Total records FAIL: 56
(902993328,902993329,902993326,902993335,902993363,902993365,902993368,902993371,902993388,902993395,902993397,902993401,902993406,902993407,902993415,902993416,902993417,902993422,812274197,902993428,902993435,902993438,902993440,902993441,902993443,902993448,902993449,902993455,902993454,902993460,902993475,902993477,902993485,902993494,902993498,902993499,902993501,902993506,902993512,902993526,812274214,902993532,902993533,902993547,902993550,902993552,902993557,902993562,812274222,902993572,812274224,902993585,902993601,902993604,812274234,902993613) 
 Total records PENDING: 0
()
 Total records No Response: 44
(812273872,902991646,902991658,902991726,902991756,902991768,902991814,902991916,902991981,902991990,902992093,902992120,902992150,902992247,902992265,902992270,812273998,902992284,812274008,812274012,902992329,812274015,812274016,812274018,812274017,902992356,902992495,812274046,902992537,902992570,902992587,902992610,902992878,812274112,902992989,902993013,812274144,902993154,812274156,812274162,902993291,902993496,902993514,902993565)
 Cron execution ended at: 2021-11-16 00:03:33
