
***********************************************************

 Cron execution started at :2022-09-02 23:44:01 

 Total Count =>151

Total records SUCCESS: 70
(903541680,903541678,903541681,903541686,903541689,903541690,903541697,903541709,903541719,903541727,903541732,903541733,903541734,903541736,903541741,903541742,903541743,903541746,903541755,903541722,903541767,903541769,903541770,903541771,903541775,903541778,903541781,903541779,903541784,903541754,903541789,903541798,903541803,903541802,903541806,903541777,903541812,903541816,903541824,903541809,903541850,903541857,903541862,903541864,903541869,903541868,903541865,903541843,903541854,903541882,903541884,903541883,903541890,903541893,903541895,903541902,903541905,903541876,903541911,903541920,903541921,903541886,903541928,903541932,903541935,903541917,903541939,903541938,903541942,903541922) 
Total records FAIL: 10
(903541665,903541726,903541693,903541748,903541759,903541774,903541790,903541760,903541820,903541891) 
 Total records PENDING: 15
(903541645,903541691,903541696,903541699,903541701,903541716,903541766,903541763,903541800,903541825,903541833,903541852,903541946,903541947,903541955)
 Total records No Response: 56
(903541677,903541700,903541706,903541704,903541705,903541717,903541720,903541723,903541730,903541731,903541713,903541750,903541751,903541761,903541740,903541776,903541796,903541805,903541815,903541794,903541827,903541835,903541838,903541840,903541839,903541814,903541818,903541846,903541849,903541853,903541831,903541856,903541860,903541867,812327561,903541871,903541845,903541877,903541875,903541879,903541878,812327565,903541888,903541870,903541899,903541910,903541913,903541914,903541919,903541924,903541927,812327566,903541898,903541945,903541948,903541954)
 Cron execution ended at: 2022-09-03 00:02:47
