
***********************************************************

 Cron execution started at :2022-09-02 23:57:02 

 Total Count =>181

Total records SUCCESS: 28
(903541929,903541960,903541963,903541967,903541940,903541953,903541979,903541988,903541985,903541996,903542002,903542009,903542015,903542019,903542028,903541997,903542025,903542029,903542035,903542045,903542046,903542052,903542054,903542053,903542056,903542064,903542068,903542076) 
Total records FAIL: 2
(903541891,903542041) 
 Total records PENDING: 27
(903541619,903541635,903541632,903541658,903541671,903541645,903541691,903541696,903541699,903541701,903541716,903541766,903541763,903541800,903541825,903541833,903541852,903541946,903541947,903541955,903541998,903542000,903542013,903542017,903542042,903542060,903542074)
 Total records No Response: 100
(903541569,903541574,903541581,903541586,903541547,903541596,903541605,903541608,903541609,812327545,903541623,903541600,903541641,812327548,903541659,903541662,903541666,903541668,903541669,903541674,903541677,903541700,903541706,903541704,903541705,903541717,903541720,903541723,903541730,903541731,903541713,903541750,903541751,903541761,903541740,903541776,903541796,903541805,903541815,903541794,903541827,903541835,903541838,903541840,903541839,903541814,903541818,903541846,903541849,903541853,903541831,903541856,903541860,903541867,812327561,903541871,903541845,903541877,903541875,903541879,903541878,812327565,903541888,903541870,903541899,903541910,903541913,903541914,903541919,903541924,903541927,812327566,903541898,903541945,903541948,903541954,903541975,903541974,903541982,903541991,903541995,903541968,903542003,903542007,903542014,903542022,903542030,903542004,903542012,903542037,903542039,903542040,903542043,903542048,903542050,903542049,812327573,903542055,903542070,903542072)
 Cron execution ended at: 2022-09-03 00:09:56
