
***********************************************************

 Cron execution started at :2022-09-08 01:40:03 

 Total Count =>174

Total records SUCCESS: 3
(812338636,812338653,812338688) 
Total records FAIL: 0
() 
 Total records PENDING: 26
(903602386,812338584,903602457,812338618,903602488,903602525,812338617,903602543,903602551,903602558,903602560,903602625,903602630,903602641,812338651,903602656,903602660,903602677,903602690,903602695,903602721,903602746,903602768,903602772,903602805,812338680)
 Total records No Response: 144
(812338585,903602378,903602379,903602384,903602385,812338586,903602393,812338587,812338590,903602403,812338591,812338593,812338592,903602408,903602415,903602338,903602418,903602420,903602349,903602374,903602427,812338603,903602433,903602438,903602389,903602445,903602447,812338607,812338610,812338611,903602455,812338612,903602454,903602412,903602460,812338613,812338615,812338616,903602465,903602467,903602474,903602479,903602481,903602490,903602486,903602489,903602498,903602509,812338625,903602530,812338631,903602539,903602546,903602552,903602555,903602557,812338633,903602559,812338634,903602568,903602502,903602572,903602514,903602538,812338637,903602601,903602608,903602615,903602596,903602620,903602603,812338644,812338645,812338646,812338647,903602610,903602634,903602636,812338649,812338652,812338654,903602643,903602645,903602646,903602647,903602650,903602655,903602657,903602658,903602659,903602663,903602671,903602674,903602661,903602676,903602678,903602667,903602684,903602685,812338666,903602696,812338667,903602702,903602703,903602713,903602699,903602718,903602705,903602701,812338671,812338672,812338673,903602729,903602736,903602733,903602742,903602752,903602754,903602755,903602758,903602760,903602766,903602769,903602776,903602779,903602774,903602789,903602790,903602793,903602794,903602795,903602797,903602800,903602798,903602810,903602809,903602813,903602818,812338684,903602828,903602830,812338689,812338690,903602834)
 Cron execution ended at: 2022-09-08 01:44:12

***********************************************************

 Cron execution started at :2022-09-08 02:00:04 

 Total Count =>105

Total records SUCCESS: 2
(812338653,812338688) 
Total records FAIL: 0
() 
 Total records PENDING: 16
(903602625,903602630,903602641,812338651,903602656,903602660,903602677,903602690,903602695,903602721,903602746,903602768,903602772,903602805,812338680,903602842)
 Total records No Response: 86
(903602601,903602608,903602615,903602596,903602620,903602603,812338644,812338645,812338646,812338647,903602610,903602634,903602636,812338649,812338652,812338654,903602643,903602645,903602646,903602647,903602650,903602655,903602657,903602658,903602659,903602663,903602671,903602674,903602661,903602676,903602678,903602667,903602684,903602685,812338666,903602696,812338667,903602702,903602703,903602713,903602699,903602718,903602705,903602701,812338671,812338672,812338673,903602729,903602736,903602733,903602742,903602752,903602754,903602755,903602758,903602760,903602766,903602769,903602776,903602779,903602774,903602789,903602790,903602793,903602794,903602795,903602797,903602800,903602798,903602810,903602809,903602813,903602818,812338684,903602828,903602830,812338689,812338690,903602834,903602836,903602841,903602847,903602843,903602854,903602857,903602858)
 Cron execution ended at: 2022-09-08 02:02:37

***********************************************************

 Cron execution started at :2022-09-08 02:10:02 

 Total Count =>106

Total records SUCCESS: 2
(812338653,812338688) 
Total records FAIL: 0
() 
 Total records PENDING: 17
(903602625,903602630,903602641,812338651,903602656,903602660,903602677,903602690,903602695,903602721,903602746,903602768,903602772,903602805,812338680,903602842,903602861)
 Total records No Response: 87
(903602601,903602608,903602615,903602596,903602620,903602603,812338644,812338645,812338646,812338647,903602610,903602634,903602636,812338649,812338652,812338654,903602643,903602645,903602646,903602647,903602650,903602655,903602657,903602658,903602659,903602663,903602671,903602674,903602661,903602676,903602678,903602667,903602684,903602685,812338666,903602696,812338667,903602702,903602703,903602713,903602699,903602718,903602705,903602701,812338671,812338672,812338673,903602729,903602736,903602733,903602742,903602752,903602754,903602755,903602758,903602760,903602766,903602769,903602776,903602779,903602774,903602789,903602790,903602793,903602794,903602795,903602797,903602800,903602798,903602810,903602809,903602813,903602818,812338684,903602828,903602830,812338689,812338690,903602834,903602836,903602841,903602847,903602843,903602854,903602857,903602858,903602862)
 Cron execution ended at: 2022-09-08 02:12:39

***********************************************************

 Cron execution started at :2022-09-08 02:20:02 

 Total Count =>83

Total records SUCCESS: 1
(812338688) 
Total records FAIL: 0
() 
 Total records PENDING: 14
(903602656,903602660,903602677,903602690,903602695,903602721,903602746,903602768,903602772,903602805,812338680,903602842,903602861,903602870)
 Total records No Response: 68
(903602650,903602655,903602657,903602658,903602659,903602663,903602671,903602674,903602661,903602676,903602678,903602667,903602684,903602685,812338666,903602696,812338667,903602702,903602703,903602713,903602699,903602718,903602705,903602701,812338671,812338672,812338673,903602729,903602736,903602733,903602742,903602752,903602754,903602755,903602758,903602760,903602766,903602769,903602776,903602779,903602774,903602789,903602790,903602793,903602794,903602795,903602797,903602800,903602798,903602810,903602809,903602813,903602818,812338684,903602828,903602830,812338689,812338690,903602834,903602836,903602841,903602847,903602843,903602854,903602857,903602858,903602862,903602869)
 Cron execution ended at: 2022-09-08 02:22:45

***********************************************************

 Cron execution started at :2022-09-08 02:40:02 

 Total Count =>50

Total records SUCCESS: 1
(812338688) 
Total records FAIL: 0
() 
 Total records PENDING: 9
(903602746,903602768,903602772,903602805,812338680,903602842,903602861,903602870,903602879)
 Total records No Response: 40
(903602742,903602752,903602754,903602755,903602758,903602760,903602766,903602769,903602776,903602779,903602774,903602789,903602790,903602793,903602794,903602795,903602797,903602800,903602798,903602810,903602809,903602813,903602818,812338684,903602828,903602830,812338689,812338690,903602834,903602836,903602841,903602847,903602843,903602854,903602857,903602858,903602862,903602869,903602872,903602886)
 Cron execution ended at: 2022-09-08 02:41:19

***********************************************************

 Cron execution started at :2022-09-08 02:50:02 

 Total Count =>44

Total records SUCCESS: 1
(812338688) 
Total records FAIL: 0
() 
 Total records PENDING: 8
(903602768,903602772,903602805,812338680,903602842,903602861,903602870,903602879)
 Total records No Response: 35
(903602769,903602776,903602779,903602774,903602789,903602790,903602793,903602794,903602795,903602797,903602800,903602798,903602810,903602809,903602813,903602818,812338684,903602828,903602830,812338689,812338690,903602834,903602836,903602841,903602847,903602843,903602854,903602857,903602858,903602862,903602869,903602872,903602886,903602885,903602887)
 Cron execution ended at: 2022-09-08 02:51:23

***********************************************************

 Cron execution started at :2022-09-08 03:00:05 

 Total Count =>35

Total records SUCCESS: 1
(812338688) 
Total records FAIL: 0
() 
 Total records PENDING: 6
(903602805,812338680,903602842,903602861,903602870,903602879)
 Total records No Response: 28
(903602797,903602800,903602798,903602810,903602809,903602813,903602818,812338684,903602828,903602830,812338689,812338690,903602834,903602836,903602841,903602847,903602843,903602854,903602857,903602858,903602862,903602869,903602872,903602886,903602885,903602887,903602893,903602896)
 Cron execution ended at: 2022-09-08 03:00:56

***********************************************************

 Cron execution started at :2022-09-08 03:20:03 

 Total Count =>24

Total records SUCCESS: 0
() 
Total records FAIL: 0
() 
 Total records PENDING: 5
(903602842,903602861,903602870,903602879,903602906)
 Total records No Response: 19
(903602836,903602841,903602847,903602843,903602854,903602857,903602858,903602862,903602869,903602872,903602886,903602885,903602887,903602893,903602896,903602897,903602898,903602902,903602901)
 Cron execution ended at: 2022-09-08 03:20:52

***********************************************************

 Cron execution started at :2022-09-08 03:50:02 

 Total Count =>19

Total records SUCCESS: 0
() 
Total records FAIL: 0
() 
 Total records PENDING: 5
(903602870,903602879,903602906,903602907,903602911)
 Total records No Response: 14
(903602869,903602872,903602886,903602885,903602887,903602893,903602896,903602897,903602898,903602902,903602901,903602910,903602912,903602916)
 Cron execution ended at: 2022-09-08 03:50:45

***********************************************************

 Cron execution started at :2022-09-08 04:00:04 

 Total Count =>20

Total records SUCCESS: 0
() 
Total records FAIL: 0
() 
 Total records PENDING: 5
(903602879,903602906,903602907,903602911,903602921)
 Total records No Response: 15
(903602872,903602886,903602885,903602887,903602893,903602896,903602897,903602898,903602902,903602901,903602910,903602912,903602916,903602920,903602922)
 Cron execution ended at: 2022-09-08 04:00:51

***********************************************************

 Cron execution started at :2022-09-08 04:10:03 

 Total Count =>22

Total records SUCCESS: 0
() 
Total records FAIL: 0
() 
 Total records PENDING: 7
(903602879,903602906,903602907,903602911,903602921,903602923,903602929)
 Total records No Response: 15
(903602886,903602885,903602887,903602893,903602896,903602897,903602898,903602902,903602901,903602910,903602912,903602916,903602920,903602922,903602927)
 Cron execution ended at: 2022-09-08 04:11:17

***********************************************************

 Cron execution started at :2022-09-08 04:30:02 

 Total Count =>19

Total records SUCCESS: 0
() 
Total records FAIL: 0
() 
 Total records PENDING: 6
(903602906,903602907,903602911,903602921,903602923,903602929)
 Total records No Response: 13
(903602893,903602896,903602897,903602898,903602902,903602901,903602910,903602912,903602916,903602920,903602922,903602927,903602937)
 Cron execution ended at: 2022-09-08 04:31:01

***********************************************************

 Cron execution started at :2022-09-08 04:40:02 

 Total Count =>20

Total records SUCCESS: 0
() 
Total records FAIL: 0
() 
 Total records PENDING: 6
(903602906,903602907,903602911,903602921,903602923,903602929)
 Total records No Response: 13
(903602897,903602898,903602902,903602901,903602910,903602912,903602916,903602920,903602922,903602927,903602937,903602942,812338694)
 Cron execution ended at: 2022-09-08 04:41:06

***********************************************************

 Cron execution started at :2022-09-08 05:00:04 

 Total Count =>18

Total records SUCCESS: 0
() 
Total records FAIL: 0
() 
 Total records PENDING: 5
(903602907,903602911,903602921,903602923,903602929)
 Total records No Response: 12
(903602910,903602912,903602916,903602920,903602922,903602927,903602937,903602942,812338694,903602941,903602945,903602947)
 Cron execution ended at: 2022-09-08 05:00:56

***********************************************************

 Cron execution started at :2022-09-08 05:10:02 

 Total Count =>18

Total records SUCCESS: 0
() 
Total records FAIL: 0
() 
 Total records PENDING: 4
(903602911,903602921,903602923,903602929)
 Total records No Response: 14
(903602912,903602916,903602920,903602922,903602927,903602937,903602942,812338694,903602941,903602945,903602947,903602960,903602961,903602962)
 Cron execution ended at: 2022-09-08 05:10:39

***********************************************************

 Cron execution started at :2022-09-08 05:30:03 

 Total Count =>21

Total records SUCCESS: 0
() 
Total records FAIL: 0
() 
 Total records PENDING: 4
(903602921,903602923,903602929,903602968)
 Total records No Response: 17
(903602920,903602922,903602927,903602937,903602942,812338694,903602941,903602945,903602947,903602960,903602961,903602962,903602964,903602966,903602972,903602974,903602975)
 Cron execution ended at: 2022-09-08 05:30:41

***********************************************************

 Cron execution started at :2022-09-08 05:40:02 

 Total Count =>26

Total records SUCCESS: 0
() 
Total records FAIL: 0
() 
 Total records PENDING: 4
(903602923,903602929,903602968,903602980)
 Total records No Response: 22
(903602927,903602937,903602942,812338694,903602941,903602945,903602947,903602960,903602961,903602962,903602964,903602966,903602972,903602974,903602975,812338696,903602976,903602978,903602979,903602982,903602985,903602986)
 Cron execution ended at: 2022-09-08 05:40:45

***********************************************************

 Cron execution started at :2022-09-08 05:50:06 

 Total Count =>27

Total records SUCCESS: 0
() 
Total records FAIL: 0
() 
 Total records PENDING: 3
(903602968,903602980,903602992)
 Total records No Response: 24
(903602937,903602942,812338694,903602941,903602945,903602947,903602960,903602961,903602962,903602964,903602966,903602972,903602974,903602975,812338696,903602976,903602978,903602979,903602982,903602985,903602986,903602983,903602989,903602995)
 Cron execution ended at: 2022-09-08 05:50:36

***********************************************************

 Cron execution started at :2022-09-08 06:10:03 

 Total Count =>37

Total records SUCCESS: 0
() 
Total records FAIL: 0
() 
 Total records PENDING: 7
(903602968,903602980,903602992,903603001,903603003,903603008,903603011)
 Total records No Response: 30
(903602942,812338694,903602941,903602945,903602947,903602960,903602961,903602962,903602964,903602966,903602972,903602974,903602975,812338696,903602976,903602978,903602979,903602982,903602985,903602986,903602983,903602989,903602995,903603005,903603007,903603012,903603013,903603014,903603018,903603019)
 Cron execution ended at: 2022-09-08 06:11:51

***********************************************************

 Cron execution started at :2022-09-08 06:20:02 

 Total Count =>41

Total records SUCCESS: 0
() 
Total records FAIL: 0
() 
 Total records PENDING: 7
(903602968,903602980,903602992,903603001,903603003,903603008,903603011)
 Total records No Response: 34
(903602941,903602945,903602947,903602960,903602961,903602962,903602964,903602966,903602972,903602974,903602975,812338696,903602976,903602978,903602979,903602982,903602985,903602986,903602983,903602989,903602995,903603005,903603007,903603012,903603013,903603014,903603018,903603019,903603022,903603029,903603031,903603032,903603034,903603036)
 Cron execution ended at: 2022-09-08 06:21:15

***********************************************************

 Cron execution started at :2022-09-08 06:40:03 

 Total Count =>57

Total records SUCCESS: 0
() 
Total records FAIL: 1
(903603080) 
 Total records PENDING: 8
(903602968,903602980,903602992,903603001,903603003,903603008,903603011,903603065)
 Total records No Response: 47
(903602960,903602961,903602962,903602964,903602966,903602972,903602974,903602975,812338696,903602976,903602978,903602979,903602982,903602985,903602986,903602983,903602989,903602995,903603005,903603007,903603012,903603013,903603014,903603018,903603019,903603022,903603029,903603031,903603032,903603034,903603036,903603039,903603038,903603042,903603044,903603048,903603049,903603052,903603056,903603057,903603061,903603062,903603063,903603070,903603067,903603068,903603078)
 Cron execution ended at: 2022-09-08 06:41:49

***********************************************************

 Cron execution started at :2022-09-08 08:40:02 

 Total Count =>283

Total records SUCCESS: 0
() 
Total records FAIL: 12
(903603780,903603803,903603829,903603827,903603849,903603851,812338807,903603854,903603859,903603861,812338812,903603871) 
 Total records PENDING: 37
(903603162,903603177,903603196,903603201,903603213,903603283,903603288,903603298,903603308,903603313,903603342,903603433,903603442,903603480,903603503,903603513,903603527,812338775,903603567,903603589,903603612,903603620,812338787,903603631,903603665,903603672,903603687,903603682,903603715,903603718,812338795,903603736,903603744,903603789,903603772,903603860,903603872)
 Total records No Response: 218
(903603158,903603167,903603153,903603169,903603173,903603160,812338714,903603176,903603181,903603182,903603166,903603186,903603187,903603190,903603175,812338716,903603197,903603207,903603209,903603214,903603217,903603219,903603229,903603231,903603235,903603236,903603240,903603241,903603245,903603247,903603234,903603251,903603237,903603253,903603258,812338720,903603260,812338721,812338722,903603280,903603270,812338723,812338724,903603293,903603291,812338726,812338727,903603304,812338728,812338729,903603305,903603309,812338732,903603314,812338733,903603316,812338735,812338736,903603302,903603331,903603334,903603338,903603340,903603343,903603348,903603347,903603350,903603361,903603364,903603368,903603357,903603374,903603383,903603391,903603395,903603396,903603385,903603402,903603409,903603416,903603418,903603399,903603426,903603429,903603434,903603439,903603422,903603444,903603450,903603449,903603451,812338750,903603462,903603465,903603467,903603470,903603477,903603482,903603483,903603469,903603489,812338757,903603493,903603478,903603494,903603496,903603498,903603506,903603507,903603509,812338763,903603517,903603522,903603524,812338764,812338766,812338767,903603534,903603536,903603549,903603550,903603551,812338770,903603531,812338772,903603555,812338773,812338774,903603558,903603560,903603564,903603568,903603572,903603576,903603582,903603583,903603584,903603586,903603593,903603594,903603599,903603604,903603606,903603609,903603611,812338781,812338782,903603618,903603624,903603625,812338784,812338785,903603638,903603644,903603647,903603649,903603652,903603637,903603633,903603636,903603662,903603666,903603669,903603667,903603670,903603671,903603677,903603650,903603680,903603683,903603694,903603660,903603699,812338791,903603701,903603704,903603705,903603710,903603712,903603696,903603691,903603719,903603722,903603728,903603730,903603738,903603752,903603753,903603755,903603757,903603766,903603770,903603779,903603781,903603785,903603798,903603778,903603810,903603812,903603797,903603793,903603799,903603824,812338809,903603832,903603833,903603834,903603835,903603840,903603842,903603847,903603848,903603830,903603856,903603857,903603863,903603865,903603867)
 Cron execution ended at: 2022-09-08 08:50:26

***********************************************************

 Cron execution started at :2022-09-08 13:00:08 

 Total Count =>134

Total records SUCCESS: 4
(812339014,812339019,812339066,812339085) 
Total records FAIL: 0
() 
 Total records PENDING: 26
(903605049,903605041,903605078,903605087,812339007,903605104,903605119,903605122,903605123,903605140,903605154,903605158,903605167,903605190,903605196,903605238,812339028,812339031,812339032,903605303,903605310,812339044,903605329,812339073,903605408,903605413)
 Total records No Response: 104
(903605054,903605051,903605062,903605063,903605075,812339001,903605085,903605068,903605106,903605109,903605110,903605118,903605124,903605127,903605129,903605130,903605136,903605112,903605149,903605148,903605156,903605157,903605161,903605162,903605169,903605168,903605176,903605177,903605180,903605181,903605182,903605197,903605198,903605159,812339016,903605210,903605211,903605214,903605195,903605226,903605227,903605229,903605230,812339023,812339024,903605234,812339025,903605228,903605245,903605254,903605243,812339034,903605265,903605256,903605276,903605278,903605287,903605283,903605286,903605299,903605307,812339041,903605311,812339042,812339043,812339045,812339046,812339047,812339048,812339049,812339050,812339051,812339053,903605318,903605316,812339055,812339057,812339058,812339059,812339060,812339062,903605324,903605339,812339068,812339069,812339070,812339071,903605357,903605362,903605365,903605376,903605380,903605393,903605394,903605399,903605385,903605386,903605406,903605391,812339083,812339084,903605416,903605421,903605409)
 Cron execution ended at: 2022-09-08 13:04:21

***********************************************************

 Cron execution started at :2022-09-08 13:10:14 

 Total Count =>104

Total records SUCCESS: 4
(812339014,812339019,812339066,812339085) 
Total records FAIL: 0
() 
 Total records PENDING: 16
(903605154,903605158,903605167,903605190,903605196,903605238,812339028,812339031,812339032,903605303,903605310,812339044,903605329,812339073,903605408,903605413)
 Total records No Response: 84
(903605156,903605157,903605161,903605162,903605169,903605168,903605176,903605177,903605180,903605181,903605182,903605197,903605198,903605159,812339016,903605210,903605211,903605214,903605195,903605226,903605227,903605229,903605230,812339023,812339024,903605234,812339025,903605228,903605245,903605254,903605243,812339034,903605265,903605256,903605276,903605278,903605287,903605283,903605286,903605299,903605307,812339041,903605311,812339042,812339043,812339045,812339046,812339047,812339048,812339049,812339050,812339051,812339053,903605318,903605316,812339055,812339057,812339058,812339059,812339060,812339062,903605324,903605339,812339068,812339069,812339070,812339071,903605357,903605362,903605365,903605376,903605380,903605393,903605394,903605399,903605385,903605386,903605406,903605391,812339083,812339084,903605416,903605421,903605409)
 Cron execution ended at: 2022-09-08 13:12:45

***********************************************************

 Cron execution started at :2022-09-08 15:20:02 

 Total Count =>210

Total records SUCCESS: 0
() 
Total records FAIL: 1
(903606027) 
 Total records PENDING: 39
(812339112,903605540,903605593,903605597,903605602,812339139,903605619,903605661,903605651,903605741,903605745,903605763,903605765,903605755,903605777,903605796,812339196,812339199,903605823,903605835,903605848,812339210,812339215,903605882,903605886,903605888,812339218,903605900,812339231,812339236,903605929,903605936,903605944,812339251,903605956,812339267,812339268,903606011,812339277)
 Total records No Response: 165
(903605547,903605549,903605553,35912,812339115,903605559,812339117,903605565,903605571,903605569,903605570,903605550,903605544,903605576,903605588,903605589,903605587,812339124,903605609,903605608,903605613,903605616,812339129,903605598,812339130,812339131,812339133,812339134,903605624,903605628,812339137,903605629,812339140,812339141,812339142,812339143,903605620,903605648,903605658,903605659,903605637,903605660,903605666,812339151,903605670,903605671,812339154,812339155,903605683,903605686,903605694,903605699,903605702,903605703,812339159,903605684,903605708,903605709,903605715,903605716,903605719,903605718,903605737,903605738,812339165,903605743,903605753,903605762,812339179,903605769,903605766,903605771,903605774,812339181,812339187,903605785,903605786,903605791,812339194,903605797,903605798,903605804,812339198,903605810,903605811,903605812,903605813,903605818,903605806,903605809,812339202,903605826,903605831,903605833,812339201,903605834,903605837,903605836,903605828,903605844,812339207,812339208,903605847,903605858,903605851,903605855,903605854,903605866,903605857,903605872,903605884,903605889,903605892,903605890,903605903,812339224,812339225,903605908,812339228,903605901,903605918,903605904,812339234,903605924,903605927,903605930,903605931,812339239,903605934,812339240,812339242,903605941,903605948,903605951,903605953,903605943,903605945,903605947,812339252,812339254,812339258,903605978,903605964,812339259,812339261,812339262,903605967,903605972,812339264,903605987,903605990,903605991,903606002,903606004,903606008,903606013,903606014,903606006,812339271,812339274,903606019,903606022,812339275,903606024,903606018)
 Cron execution ended at: 2022-09-08 15:27:00

***********************************************************

 Cron execution started at :2022-09-08 16:30:03 

 Total Count =>175

Total records SUCCESS: 0
() 
Total records FAIL: 0
() 
 Total records PENDING: 35
(903605900,812339231,812339236,903605929,903605936,903605944,812339251,903605956,812339267,812339268,903606011,812339277,903606045,903606054,903606048,903606072,903606103,812339295,812339296,903606128,812339306,903606151,903606157,812339311,903606148,812339328,903606193,903606214,812339332,903606253,812339342,812339343,812339348,812339352,903606285)
 Total records No Response: 138
(812339224,812339225,903605908,812339228,903605901,903605918,903605904,812339234,903605924,903605927,903605930,903605931,812339239,903605934,812339240,812339242,903605941,903605948,903605951,903605953,903605943,903605945,903605947,812339252,812339254,812339258,903605978,903605964,812339259,812339261,812339262,903605967,903605972,812339264,903605987,903605990,903605991,903606002,903606004,903606008,903606013,903606014,903606006,812339271,812339274,903606019,903606022,812339275,903606024,903606018,903606040,903606049,903606052,903606059,903606061,903606050,903606068,903606070,812339282,903606071,903606074,903606073,903606075,903606060,903606077,903606079,903606081,903606085,903606097,903606098,903606105,903606115,903606116,903606120,903606108,903606124,903606114,812339300,903606130,812339301,903606135,812339302,903606138,903606139,903606141,903606143,812339304,903606152,903606154,903606159,903606163,903606165,903606166,812339315,812339318,812339319,812339320,812339321,812339322,903606178,812339323,903606181,903606174,903606187,903606195,35914,903606191,903606204,903606205,903606206,903606218,903606219,812339331,903606226,903606228,903606230,903606231,903606233,903606224,812339335,903606243,903606237,812339337,812339338,812339339,812339340,903606249,903606260,903606264,812339349,812339350,812339355,812339358,903606302,903606308,903606315,903606323,903606324)
 Cron execution ended at: 2022-09-08 16:34:56

***********************************************************

 Cron execution started at :2022-09-08 17:00:03 

 Total Count =>189

Total records SUCCESS: 0
() 
Total records FAIL: 2
(812339419,903606457) 
 Total records PENDING: 32
(903606045,903606054,903606048,903606072,903606103,812339295,812339296,903606128,812339306,903606151,903606157,812339311,903606148,812339328,903606193,903606214,812339332,903606253,812339342,812339343,812339348,812339352,903606285,903606357,903606368,812339380,903606388,903606414,903606416,903606423,903606434,903606438)
 Total records No Response: 146
(903606040,903606049,903606052,903606059,903606061,903606050,903606068,903606070,812339282,903606071,903606074,903606073,903606075,903606060,903606077,903606079,903606081,903606085,903606097,903606098,903606105,903606115,903606116,903606120,903606108,903606124,903606114,812339300,903606130,812339301,903606135,812339302,903606138,903606139,903606141,903606143,812339304,903606152,903606154,903606159,903606163,903606165,903606166,812339315,812339318,812339319,812339320,812339321,812339322,903606178,812339323,903606181,903606174,903606187,903606195,35914,903606191,903606204,903606205,903606206,903606218,903606219,812339331,903606226,903606228,903606230,903606231,903606233,903606224,812339335,903606243,903606237,812339337,812339338,812339339,812339340,903606249,903606260,903606264,812339349,812339350,812339355,812339358,903606302,903606308,903606315,903606323,903606324,903606329,903606319,903606334,903606342,903606330,903606352,812339367,35915,812339369,812339374,903606361,903606374,903606375,903606379,903606383,903606394,812339383,903606385,812339385,812339384,812339386,812339387,812339388,812339389,812339391,812339390,812339393,812339395,812339396,812339397,812339398,812339399,812339400,812339401,812339402,812339403,812339404,903606402,903606405,812339406,812339407,812339408,812339409,903606399,812339410,812339411,903606415,812339415,903606422,812339417,903606427,903606428,812339420,903606440,812339426,812339427,903606454,903606455)
 Cron execution ended at: 2022-09-08 17:06:32

***********************************************************

 Cron execution started at :2022-09-08 21:30:03 

 Total Count =>387

Total records SUCCESS: 1
(812339884) 
Total records FAIL: 5
(812340059,903608800,903608807,903608863,903608851) 
 Total records PENDING: 75
(903607832,903607808,903607812,903607816,903607811,903607854,903607861,903607929,903607937,812339834,903607928,812339843,903607977,812339855,903607996,812339864,812339877,903608055,903608061,812339887,903608043,812339891,812339893,812339894,903608095,903608097,812339898,903608113,903608119,903608164,812339928,812339932,812339933,903608260,812339941,903608275,903608340,903608356,903608370,903608342,903608384,903608397,903608420,812339978,903608423,903608459,812339990,903608441,903608506,903608520,903608530,903608493,903608512,812340015,903608554,903608582,903608596,903608631,903608655,812340041,903608656,903608682,903608697,903608731,903608687,903608753,903608769,903608770,903608785,903608813,903608852,903608839,903608879,903608891,903608895)
 Total records No Response: 280
(812339795,903607789,812339797,812339798,812339799,903607838,903607842,903607843,903607814,903607847,903607823,903607818,903607857,903607858,812339803,812339804,903607865,903607868,812339806,903607876,903607888,903607893,903607901,903607902,812339810,812339811,812339814,812339820,903607925,903607903,903607934,812339830,903607941,812339819,903607914,903607946,812339825,903607953,903607930,903607958,812339826,903607961,903607959,903607960,812339839,812339840,812339842,812339844,812339846,812339828,812339849,903607978,812339831,812339832,812339835,903607982,903607987,812339836,903607997,812339859,903607999,903607968,812339861,903608006,903607976,812339851,812339852,812339868,812339853,903607993,812339869,903608027,812339870,903607991,812339871,812339872,903608031,812339873,903608035,812339875,903608037,812339879,812339882,903608053,903608058,903608062,903608063,812339889,903608075,812339890,903608084,903608086,903608088,903608100,903608108,903608109,903608120,903608124,903608098,903608128,903608133,903608137,903608140,903608154,903608155,903608158,903608165,903608169,903608174,903608173,903608191,903608192,903608196,903608201,903608207,812339915,903608208,812339917,812339918,812339920,903608212,812339921,903608215,903608186,903608216,812339924,812339925,812339927,903608224,903608241,903608245,903608246,903608252,903608265,903608266,903608263,903608233,903608268,903608270,903608271,903608273,903608276,903608242,903608289,903608290,903608294,903608303,903608302,903608308,903608314,903608317,903608318,903608319,903608323,903608325,903608296,903608335,903608338,812339963,903608355,903608358,903608360,903608331,903608362,812339965,903608372,903608367,812339966,903608376,903608380,903608382,903608395,812339973,903608400,903608359,903608403,903608368,903608410,903608411,812339971,903608413,812339972,903608429,903608435,903608439,903608406,903608445,812339983,812339986,903608456,903608434,903608473,903608443,903608498,903608513,812340002,903608526,903608531,903608496,903608535,903608536,903608543,903608547,903608565,903608564,812340010,812340011,903608573,812340012,903608576,903608579,903608549,903608584,812340020,903608563,903608604,903608608,903608609,903608610,903608614,903608616,903608627,903608641,903608642,812340035,903608658,812340039,903608628,903608643,903608666,903608672,903608677,903608699,812340053,812340044,903608707,903608709,812340045,903608711,903608713,903608718,903608730,812340051,903608742,903608747,903608750,903608733,903608765,903608766,903608772,903608777,903608781,903608783,903608784,903608787,903608789,903608792,903608799,903608808,903608778,903608811,812340071,903608817,903608820,903608823,903608798,903608832,812340076,903608840,903608842,812340080,903608849,903608855,903608857,903608833,903608861,903608836,903608866,903608873,903608878)
 Cron execution ended at: 2022-09-08 21:45:46

***********************************************************

 Cron execution started at :2022-09-08 23:20:02 

 Total Count =>402

Total records SUCCESS: 7
(812340148,812340173,812340203,812340226,903610233,903610269,903610273) 
Total records FAIL: 8
(903610113,812340387,903610171,903610177,903610185,903610207,903610259,903610237) 
 Total records PENDING: 49
(903609028,903609031,903609055,903609065,903609079,903609049,903609114,903609123,903609141,903609194,903609200,812340152,903609245,903609268,903609346,903609378,903609400,903609406,903609418,903609444,903609447,903609457,903609575,812340232,903609586,903609590,903609678,903609677,903609644,903609725,812340267,903609766,812340292,903609740,903609862,903609898,812340340,812340354,903610066,903610079,903610091,812340363,903610093,812340406,903610220,903610221,903610225,903610219,903610256)
 Total records No Response: 302
(903609025,903609024,812340117,903608989,903608996,903609035,903609037,903609042,812340126,903609029,903609063,903609080,903609088,903609047,903609090,903609093,903609097,903609096,903609111,903609115,903609116,903609121,903609091,903609124,903609127,903609135,903609138,903609144,903609149,903609155,903609159,903609163,903609168,903609172,903609177,903609180,903609158,903609186,903609190,903609191,903609196,903609197,812340153,903609219,903609216,903609222,903609220,903609230,903609203,903609234,812340162,903609242,903609239,903609248,903609255,903609256,903609213,903609261,903609265,903609226,903609270,903609276,903609237,903609284,903609286,903609291,903609246,903609295,903609299,903609252,903609306,903609307,903609324,903609285,903609338,903609347,903609352,903609354,903609360,903609359,35921,903609362,903609368,903609369,903609323,903609328,812340178,903609386,812340181,812340191,903609344,903609393,903609396,812340184,812340194,903609412,903609416,903609417,903609377,812340200,903609432,903609398,903609442,903609441,903609443,903609455,903609454,903609461,903609469,903609474,903609475,903609477,903609479,903609484,903609492,903609495,903609503,903609504,903609512,903609514,903609517,903609525,903609524,903609530,903609541,903609545,812340227,903609559,903609571,903609573,812340222,903609578,903609585,903609592,812340240,903609604,903609606,903609608,903609616,903609619,903609594,903609629,903609628,903609598,903609636,903609641,903609651,903609661,903609668,903609675,903609679,812340262,812340263,812340264,903609691,903609694,903609662,903609705,903609708,903609715,903609717,812340280,903609729,903609726,903609733,812340284,903609699,903609737,812340285,903609742,903609704,903609744,812340286,903609751,903609754,903609759,903609768,903609769,903609772,903609783,903609785,903609748,812340298,903609797,903609798,812340300,903609802,903609808,903609816,903609767,903609826,903609828,903609835,903609790,903609839,903609840,903609843,903609846,903609848,903609850,903609851,903609853,903609859,812340315,903609837,812340317,903609872,812340319,812340320,903609844,812340322,903609883,812340323,903609896,903609897,812340329,903609902,903609903,903609904,903609868,903609880,903609918,903609928,903609938,903609940,812340342,812340344,903609954,903609955,903609962,903609963,812340352,903609991,903609999,903610003,903610021,903609984,903610029,903610039,903610046,903610052,903610054,903610057,903610070,812340365,903610036,812340367,903610080,903610083,812340369,903610085,903610089,812340372,903610094,903610065,903610076,903610100,903610081,812340377,903610084,903610106,812340382,903610115,903610118,903610120,812340384,903610124,903610129,903610097,903610112,903610145,812340392,812340397,903610134,903610169,903610135,903610141,903610176,812340403,903610180,903610184,903610188,903610189,812340399,903610198,903610199,903610208,903610211,903610215,903610218,812340413,903610222,903610230,903610195,903610242,903610212,903610244,903610246,903610255,812340417,903610268,903610274)
 Cron execution ended at: 2022-09-08 23:35:28
