
***********************************************************

 Cron execution started at :2022-09-08 23:50:03 

 Total Count =>343

Total records SUCCESS: 2
(812340203,812340226) 
Total records FAIL: 3
(903610473,903610516,903610544) 
 Total records PENDING: 47
(903609418,903609444,903609447,903609457,903609575,812340232,903609586,903609590,903609678,903609677,903609644,903609725,812340267,903609766,812340292,903609740,903609862,903609898,812340340,812340354,903610066,903610079,903610091,812340363,903610093,812340406,903610220,903610221,903610225,903610219,903610256,903610291,903610309,903610367,903610393,903610400,903610451,903610481,812340481,903610492,812340484,903610513,903610518,903610523,903610546,903610548,903610550)
 Total records No Response: 277
(903609412,903609416,903609417,903609377,812340200,903609432,903609398,903609442,903609441,903609443,903609455,903609454,903609461,903609469,903609474,903609475,903609477,903609479,903609484,903609492,903609495,903609503,903609504,903609512,903609514,903609517,903609525,903609524,903609530,903609541,903609545,812340227,903609559,903609571,903609573,812340222,903609578,903609585,903609592,812340240,903609604,903609606,903609608,903609616,903609619,903609594,903609629,903609628,903609598,903609636,903609641,903609651,903609661,903609668,903609675,903609679,812340262,812340263,812340264,903609691,903609694,903609662,903609705,903609708,903609715,903609717,812340280,903609729,903609726,903609733,812340284,903609699,903609737,812340285,903609742,903609704,903609744,812340286,903609751,903609754,903609759,903609768,903609769,903609772,903609783,903609785,903609748,812340298,903609797,903609798,812340300,903609802,903609808,903609816,903609767,903609826,903609828,903609835,903609790,903609839,903609840,903609843,903609846,903609848,903609850,903609851,903609853,903609859,812340315,903609837,812340317,903609872,812340319,812340320,903609844,812340322,903609883,812340323,903609896,903609897,812340329,903609902,903609903,903609904,903609868,903609880,903609918,903609928,903609938,903609940,812340342,812340344,903609954,903609955,903609962,903609963,812340352,903609991,903609999,903610003,903610021,903609984,903610029,903610039,903610046,903610052,903610054,903610057,903610070,812340365,903610036,812340367,903610080,903610083,812340369,903610085,903610089,812340372,903610094,903610065,903610076,903610100,903610081,812340377,903610084,903610106,812340382,903610115,903610118,903610120,812340384,903610124,903610129,903610097,903610112,903610145,812340392,812340397,903610134,903610169,903610135,903610141,903610176,812340403,903610180,903610184,903610188,903610189,812340399,903610198,903610199,903610208,903610211,903610215,903610218,812340413,903610222,903610230,903610195,903610242,903610212,903610244,903610246,903610255,812340417,903610268,903610274,903610254,903610288,903610293,812340435,903610300,812340439,812340442,812340444,903610313,903610314,812340446,903610316,903610298,903610329,903610297,903610332,903610334,903610335,903610349,812340455,903610361,812340456,812340461,903610376,812340462,903610383,903610386,903610372,903610405,903610370,903610377,903610415,903610419,903610423,903610424,903610426,903610430,903610432,903610433,903610413,903610414,903610412,812340471,903610460,903610464,903610465,903610471,903610475,903610456,812340479,903610461,903610468,903610485,903610486,903610488,812340482,903610477,903610505,903610508,903610509,903610511,903610512,903610514,903610524,903610526,903610527,903610533,903610535,903610537,903610540)
 Cron execution ended at: 2022-09-09 00:00:14
