
***********************************************************

 Cron execution started at :2021-03-30 23:56:01 

 Total Count =>130

Total records SUCCESS: 4
(812250559,812250587,812250607,812250612) 
Total records FAIL: 17
(812250555,902733251,812250558,902733578,902733580,902733587,902733589,902733609,902733610,902733611,812250620,902733615,902733619,902733621,902733626,902733633,902733640) 
 Total records PENDING: 0
()
 Total records No Response: 104
(902733249,812250556,812250557,902733257,902733261,902733262,902733265,902733266,902733268,902733271,902733272,902733275,902733282,902733288,902733290,902733295,902733297,902733299,902733301,812250566,902733316,812250569,902733320,902733322,902733325,812250575,812250576,902733330,812250577,902733337,902733342,902733346,902733353,902733358,902733366,902733374,902733379,902733384,902733385,902733395,902733401,902733403,902733404,902733412,902733413,902733414,902733421,902733424,902733427,902733430,812250595,902733434,902733442,902733443,812250597,902733447,902733455,902733457,902733470,902733478,902733484,902733492,812250601,812250602,902733498,902733501,902733509,902733513,902733519,902733521,902733522,902733523,902733526,902733527,902733528,902733531,902733539,902733546,902733551,902733554,902733556,902733566,902733567,902733569,812250613,902733584,902733590,902733593,902733596,812250614,812250616,812250617,812250618,902733603,812250619,902733614,812250622,812250623,902733620,902733625,902733628,812250625,902733632,812250626)
 Cron execution ended at: 2021-03-31 00:04:21
