
***********************************************************

 Cron execution started at :2023-02-14 02:45:01 

 Total Count =>551

Total records SUCCESS: 0
() 
Total records FAIL: 0
() 
 Total records PENDING: 79
(903861956,903861991,903861995,903862003,903862008,903862040,903862049,36792,903862064,903862137,903862168,812367911,903862190,903862210,903862212,903862217,903862249,903862265,903862268,903862291,903862330,903862331,903862339,903862347,903862355,903862357,903862387,903862395,903862407,903862458,903862485,903862489,903862521,903862543,903862565,903862567,903862580,903862591,903862610,903862620,903862636,903862649,812367979,903862690,903862704,903862707,903862720,903862723,903862746,903862751,903862772,903862797,903862833,903862868,903862888,903862911,903862944,903862946,812367993,903862967,903862974,903862987,903863012,903863027,903863029,903863039,903863180,903863198,903863199,903863210,903863211,903863246,903863254,903863264,903863289,903863320,812368042,812368047,903863411)
 Total records No Response: 472
(903861958,903861962,903861965,903861970,903861973,903861978,903861980,903861982,903861987,903861988,903861992,903861993,903861997,903862000,903862006,903862018,903862024,903862025,903862032,903862033,903862043,903862044,903862048,903862052,903862054,903862058,903862061,903862065,903862071,903862079,903862082,903862085,903862086,903862087,903862095,903862103,903862105,903862115,903862120,903862134,903862140,903862142,903862144,903862147,903862153,903862154,903862155,903862156,903862157,903862159,903862162,903862166,903862172,903862176,903862177,903862178,903862180,903862181,903862182,903862183,903862186,903862187,903862188,903862189,903862194,903862195,903862202,903862203,903862211,903862213,903862220,812367918,812367921,903862224,903862225,903862228,903862230,903862233,903862234,903862241,903862243,903862245,903862248,903862250,903862256,903862258,903862262,903862263,903862266,903862274,903862275,903862276,903862277,903862282,903862285,903862294,903862299,903862305,903862307,903862308,903862310,812367928,903862315,903862319,903862322,903862323,903862324,903862325,903862327,903862328,903862337,903862338,903862343,903862349,903862350,903862351,903862352,903862356,903862358,903862361,903862367,903862381,903862382,903862388,903862399,903862404,903862409,812367935,812367936,812367937,812367938,812367939,812367941,903862415,903862417,903862418,903862420,812367942,812367943,812367944,812367945,812367946,812367947,903862424,903862425,812367950,903862429,812367951,812367952,903862431,812367953,903862434,903862439,903862441,903862442,903862444,903862448,903862449,903862450,903862451,903862453,903862457,903862463,903862465,903862467,903862479,903862483,903862486,903862496,812367957,903862497,812367958,903862499,903862502,903862503,903862504,903862512,903862517,903862519,903862522,812367962,812367963,903862523,903862527,903862528,903862531,903862533,812367966,903862541,812367967,812367968,903862548,903862550,812367969,812367970,903862553,812367971,812367972,812367973,812367974,812367975,903862554,903862558,812367976,903862571,903862572,903862576,903862578,903862579,903862588,903862589,903862594,903862595,903862597,903862599,903862603,903862608,903862609,903862611,903862612,903862613,903862622,903862624,903862631,903862640,903862641,903862644,903862648,903862656,903862657,903862658,903862659,903862663,903862666,903862673,903862677,903862679,903862680,903862693,903862696,903862706,903862714,903862716,903862717,903862731,903862735,903862737,903862742,812367984,903862755,36793,903862762,903862763,903862771,903862778,903862783,903862784,903862786,903862787,903862799,903862809,903862815,903862818,903862820,903862821,903862824,903862829,903862841,903862845,903862846,903862863,903862864,903862867,903862875,903862877,903862882,903862883,903862884,903862886,903862887,903862891,903862893,903862894,903862900,903862902,903862903,903862904,903862914,903862920,903862921,903862922,903862925,903862926,903862927,812367991,903862935,903862941,903862942,903862949,903862950,903862952,903862953,903862956,903862959,903862963,903862968,903862970,903862977,903862978,903862981,903862988,812367995,903862992,903862994,903862996,903862997,903862999,903863002,903863003,903863004,903863005,903863008,903863009,812368000,812368001,812368002,812368003,903863013,903863020,903863021,903863026,903863028,903863032,903863035,903863041,903863042,903863044,903863046,812368006,903863050,812368008,903863060,903863064,812368011,903863076,903863081,903863095,903863101,812368014,812368015,812368018,903863108,903863109,903863111,903863120,903863123,903863124,903863125,903863126,903863129,903863136,903863137,903863140,903863142,903863144,903863145,903863146,903863147,903863151,903863155,903863156,812368023,903863161,812368025,903863166,903863170,903863171,903863172,903863173,903863176,903863177,903863181,903863183,903863188,903863193,903863194,903863200,903863201,903863208,903863209,903863213,903863216,903863226,903863227,903863229,903863231,903863233,903863235,903863236,903863237,903863242,903863243,903863244,903863247,903863255,903863258,903863262,812368036,903863265,903863272,903863279,903863282,903863284,903863285,903863286,903863291,903863293,903863294,903863296,903863300,903863301,903863303,903863305,903863306,903863307,903863312,903863318,903863327,903863328,903863332,903863340,903863341,903863343,903863344,903863348,903863354,36795,903863361,903863362,903863363,903863364,903863366,903863367,903863370,903863371,903863372,903863373,812368052,903863374,903863377,903863379,903863380,903863381,903863383,903863388,903863389,903863395,903863397,903863401,903863402,903863405,903863406,903863408,903863409,903863413,903863414,903863416,903863417,812368060,812368061,812368062,812368063)
 Cron execution ended at: 2023-02-14 02:57:28
