
***********************************************************

 Cron execution started at :2022-09-02 23:50:02 

 Total Count =>490

Total records SUCCESS: 2
(812327430,812327487) 
Total records FAIL: 5
(903541774,903541790,903541760,903541820,903541891) 
 Total records PENDING: 68
(903540349,903540366,903540433,903540458,903540491,903540517,903540611,903540629,903540663,812327448,812327455,903540730,903540791,903540868,903540909,903540920,903540923,903540951,903540973,903540974,903540969,903541008,903541030,903541043,903541074,903541115,903541156,903541180,903541209,903541224,903541227,903541298,812327510,903541346,903541385,903541414,903541461,903541466,903541479,903541496,903541511,903541532,903541538,903541545,903541546,903541513,903541619,903541635,903541632,903541658,903541671,903541645,903541691,903541696,903541699,903541701,903541716,903541766,903541763,903541800,903541825,903541833,903541852,903541946,903541947,903541955,903541998,903542000)
 Total records No Response: 353
(903540333,903540348,903540281,903540355,903540351,903540360,903540359,903540370,903540368,903540307,903540374,903540309,903540378,903540383,903540385,903540391,903540392,903540387,903540400,903540404,903540411,903540421,903540429,903540430,903540432,903540438,903540444,903540406,903540451,903540450,903540403,903540454,903540408,903540418,903540427,903540470,903540479,903540478,903540486,903540490,903540496,903540467,903540503,903540514,903540518,903540519,903540524,903540525,903540538,903540541,903540542,903540547,903540552,903540557,903540563,903540573,903540572,903540574,903540575,903540526,812327437,903540581,903540586,903540588,812327438,903540596,903540606,903540603,903540609,903540608,903540623,812327442,903540584,903540636,903540640,903540644,903540646,903540652,903540649,903540651,903540655,812327445,812327446,903540626,812327449,903540676,903540686,903540689,903540694,903540641,903540706,903540713,903540712,903540679,812327456,903540732,903540735,903540737,903540738,903540746,903540753,903540760,903540758,903540756,903540714,35827,903540776,903540785,903540790,903540787,903540786,812327460,903540808,903540810,903540754,35828,903540821,903540822,903540780,903540828,903540832,903540836,903540835,903540837,903540841,903540843,903540800,903540845,903540815,903540870,903540874,903540875,903540881,903540859,903540888,903540897,903540899,903540904,903540908,903540913,903540915,903540911,812327472,903540942,903540884,903540946,903540947,903540953,903540964,903540966,903540978,903540998,903540963,903541004,903541009,903541015,903540980,903541034,903541037,903541048,903541052,903541006,903541051,903541057,903541068,903541083,903541082,903541085,903541096,903541109,903541114,903541071,903541121,903541123,903541125,903541130,903541137,903541138,903541143,903541148,903541157,903541158,903541160,903541171,903541167,903541169,903541170,903541186,903541188,903541190,903541196,903541200,903541203,903541218,903541219,903541220,903541222,903541230,903541232,903541238,903541240,903541244,903541248,903541249,903541251,903541254,903541252,812327509,903541229,903541264,812327512,812327513,903541279,903541243,903541282,903541285,812327516,903541288,812327508,812327518,903541299,903541300,903541301,903541307,903541317,903541327,903541314,903541343,903541305,903541323,903541360,903541365,903541373,903541380,903541381,903541392,903541383,812327526,903541399,903541397,903541369,903541407,903541410,903541415,903541421,903541427,903541431,903541401,903541443,903541453,903541458,903541417,903541460,903541469,903541471,903541485,903541449,903541495,903541472,903541509,903541512,903541510,903541537,903541540,903541549,903541552,903541555,903541558,903541560,903541569,903541574,903541581,903541586,903541547,903541596,903541605,903541608,903541609,812327545,903541623,903541600,903541641,812327548,903541659,903541662,903541666,903541668,903541669,903541674,903541677,903541700,903541706,903541704,903541705,903541717,903541720,903541723,903541730,903541731,903541713,903541750,903541751,903541761,903541740,903541776,903541796,903541805,903541815,903541794,903541827,903541835,903541838,903541840,903541839,903541814,903541818,903541846,903541849,903541853,903541831,903541856,903541860,903541867,812327561,903541871,903541845,903541877,903541875,903541879,903541878,812327565,903541888,903541870,903541899,903541910,903541913,903541914,903541919,903541924,903541927,812327566,903541898,903541945,903541948,903541954,903541975,903541974,903541982,903541991,903541995,903541968,903542003,903542007)
 Cron execution ended at: 2022-09-03 00:11:21
