
***********************************************************

 Cron execution started at :2023-02-06 07:00:01 

 Total Count =>80

Total records SUCCESS: 0
() 
Total records FAIL: 0
() 
 Total records PENDING: 9
(903858757,903858763,903858771,36768,812367438,903858821,903858823,36769,903858858)
 Total records No Response: 71
(903858742,903858747,812367422,903858751,903858754,903858755,903858756,903858758,903858761,903858770,903858765,903858772,903858773,903858775,903858767,903858783,903858768,903858787,903858778,903858779,903858780,903858781,903858785,903858796,903858798,903858793,903858794,903858804,903858801,903858807,903858808,903858805,903858813,903858814,903858811,903858817,903858822,903858824,903858829,903858835,903858828,903858843,903858833,903858836,903858838,36770,903858842,903858844,903858845,903858846,903858859,903858866,903858870,903858874,903858875,903858880,903858872,812367444,903858873,903858876,903858887,903858891,903858893,903858895,903858899,812367446,812367447,903858905,903858907,903858909,903858912)
 Cron execution ended at: 2023-02-06 07:01:30

***********************************************************

 Cron execution started at :2023-02-06 19:00:01 

 Total Count =>58

Total records SUCCESS: 0
() 
Total records FAIL: 0
() 
 Total records PENDING: 4
(36772,903858923,812367470,903859029)
 Total records No Response: 54
(903858917,903858920,903858921,903858926,903858932,903858933,812367452,903858930,903858939,903858940,903858944,903858945,812367454,812367455,812367456,812367457,903858946,903858947,903858950,903858955,903858952,903858956,903858963,903858962,903858969,903858973,903858974,903858976,903858978,903858977,903858981,812367466,812367467,903858982,903858984,812367471,903858996,903859002,903859003,903858990,903858992,903859005,812367473,903858995,903858997,903858998,903859007,903859008,903859009,903859010,903859022,903859025,903859012,903859016)
 Cron execution ended at: 2023-02-06 19:00:45
