
***********************************************************

 Cron execution started at :2022-04-21 23:50:02 

 Total Count =>107

Total records SUCCESS: 0
() 
Total records FAIL: 22
(903255550,903255567,903255568,903255587,903255590,903255591,903255604,903255611,903255619,903255636,903255641,903255643,903255646,903255655,903255664,903255673,903255678,903255682,903255692,903255693,903255715,903255724) 
 Total records PENDING: 0
()
 Total records No Response: 85
(903254810,903254814,903254825,903254840,903254851,903254854,903254870,903254888,903254940,903254944,903254968,903254976,903254982,903254987,903254989,903254992,903255012,903255031,812301251,903255050,903255055,903255057,903255058,903255062,903255076,903255079,903255085,903255086,903255088,903255101,903255102,903255109,903255112,812301259,903255153,903255165,903255195,903255213,903255216,903255220,903255234,903255238,812301276,903255254,903255273,903255271,903255293,903255300,903255308,903255310,812301281,903255322,903255325,812301282,903255347,903255373,903255375,903255399,903255407,903255412,903255414,903255421,903255425,903255438,903255441,903255458,903255459,903255476,903255518,903255519,903255543,903255563,903255572,903255579,903255589,903255651,903255658,903255660,903255662,903255663,903255671,903255675,903255695,903255718,903255720)
 Cron execution ended at: 2022-04-22 00:02:27
