
***********************************************************

 Cron execution started at :2023-02-15 07:00:02 

 Total Count =>76

Total records SUCCESS: 0
() 
Total records FAIL: 0
() 
 Total records PENDING: 5
(812368113,812368148,903863650,903863659,812368190)
 Total records No Response: 71
(903863622,903863624,903863625,903863626,903863627,903863628,812368112,903863633,812368102,812368103,812368104,812368105,812368106,812368107,812368108,812368110,903863630,812368115,812368116,812368117,903863635,903863636,903863637,903863638,812368120,812368121,812368124,812368125,812368126,812368127,812368128,903863640,812368129,812368130,812368131,812368132,812368133,812368134,812368135,812368136,812368137,812368138,812368139,812368140,812368141,812368142,812368143,812368144,812368145,812368146,812368147,903863642,812368155,903863646,812368162,812368163,812368164,812368165,812368169,812368170,812368174,812368176,812368177,812368178,812368184,903863656,812368181,903863657,903863658,812368188,812368189)
 Cron execution ended at: 2023-02-15 07:00:23

***********************************************************

 Cron execution started at :2023-02-15 19:00:01 

 Total Count =>67

Total records SUCCESS: 0
() 
Total records FAIL: 0
() 
 Total records PENDING: 8
(903863670,812368204,903863685,903863711,903863722,903863728,903863735,903863746)
 Total records No Response: 59
(903863663,903863664,903863665,812368197,812368198,812368199,903863669,812368203,903863674,812368209,903863676,812368205,812368206,812368207,812368208,812368211,903863678,812368212,812368213,812368214,812368216,812368217,812368218,812368219,812368223,812368224,812368225,812368226,812368227,812368228,903863688,903863689,903863693,903863692,812368231,812368232,812368234,903863698,903863708,903863704,903863705,903863718,812368241,812368242,812368243,812368244,812368245,812368246,812368247,812368248,812368251,903863721,903863730,903863734,903863729,903863736,903863737,36802,903863751)
 Cron execution ended at: 2023-02-15 19:01:01
