
***********************************************************

 Cron execution started at :2023-02-12 07:00:01 

 Total Count =>184

Total records SUCCESS: 0
() 
Total records FAIL: 0
() 
 Total records PENDING: 29
(903861528,903861549,903861654,903861664,903861668,903861665,903861673,903861677,903861698,903861713,903861718,903861723,812367888,903861741,903861778,812367890,903861797,903861805,903861820,903861827,903861851,903861868,903861894,903861900,903861918,903861925,903861930,812367899,903861956)
 Total records No Response: 155
(903861465,812367861,812367865,812367867,903861466,903861467,903861468,903861469,812367870,903861473,903861476,903861486,903861493,903861479,903861512,903861515,903861488,903861523,903861534,903861536,903861539,903861514,903861540,903861518,903861525,903861554,903861560,903861564,903861563,903861533,903861570,903861576,903861545,903861546,903861550,903861583,903861562,903861565,903861569,903861599,903861578,903861590,903861594,903861623,903861626,903861627,903861607,903861636,903861640,903861624,903861625,903861630,903861631,903861646,903861648,903861647,903861635,812367875,812367876,812367877,812367879,812367880,903861643,812367881,903861663,903861671,903861674,903861651,812367883,903861676,903861680,903861682,903861660,903861661,903861686,903861666,903861695,903861705,903861684,812367884,812367885,903861696,903861725,903861726,903861729,903861706,903861711,903861737,903861739,903861740,903861721,903861745,903861751,903861736,903861766,903861768,903861758,903861775,903861780,903861763,903861784,903861787,903861767,903861779,903861782,903861798,903861786,903861790,903861793,903861807,903861799,903861823,903861828,903861831,903861839,903861817,903861843,903861825,903861829,903861830,903861858,903861859,903861842,903861847,903861849,903861864,903861880,903861881,903861882,903861885,903861873,903861891,903861901,903861903,812367895,812367896,903861890,903861910,903861912,903861913,903861914,903861922,903861923,903861915,903861916,903861917,903861927,903861928,903861929,903861942,903861940,903861946,903861951,903861952,903861958)
 Cron execution ended at: 2023-02-12 07:04:28

***********************************************************

 Cron execution started at :2023-02-12 19:00:02 

 Total Count =>106

Total records SUCCESS: 0
() 
Total records FAIL: 0
() 
 Total records PENDING: 18
(903861991,903861995,903862003,903862008,903862040,903862049,36792,903862064,903862137,903862168,812367911,903862190,903862210,903862212,903862217,903862249,903862265,903862268)
 Total records No Response: 88
(903861962,903861965,903861973,903861970,903861978,903861980,903861987,903861992,903861982,903861988,903861997,903862000,903861993,903862006,903862024,903862018,903862032,903862025,903862033,903862043,903862052,903862054,903862044,903862048,903862058,903862061,903862065,903862071,903862082,903862086,903862079,903862095,903862085,903862087,903862103,903862115,903862105,903862134,903862140,903862142,903862120,903862144,903862147,903862156,903862157,903862159,903862166,903862153,903862154,903862155,903862162,903862176,903862177,903862178,903862181,903862182,903862172,903862180,903862183,903862186,903862187,903862195,903862188,903862189,903862202,903862203,903862194,903862213,903862211,903862220,903862224,903862225,812367918,812367921,903862233,903862228,903862230,903862241,903862234,903862243,903862248,903862250,903862245,903862256,903862258,903862262,903862266,903862263)
 Cron execution ended at: 2023-02-12 19:03:01
