
***********************************************************

 Cron execution started at :2023-02-07 00:15:01 

 Total Count =>127

Total records SUCCESS: 0
() 
Total records FAIL: 0
() 
 Total records PENDING: 11
(903858858,36772,903858923,812367470,903859029,903859035,903859040,903859058,903859071,903859080,903859115)
 Total records No Response: 116
(903858859,903858866,903858870,903858874,903858875,903858880,903858872,812367444,903858873,903858876,903858887,903858891,903858893,903858895,903858899,812367446,812367447,903858905,903858907,903858909,903858912,903858917,903858920,903858921,903858926,903858932,903858933,812367452,903858930,903858939,903858940,903858944,903858945,812367454,812367455,812367456,812367457,903858946,903858947,903858950,903858955,903858952,903858956,903858963,903858962,903858969,903858973,903858974,903858976,903858978,903858977,903858981,812367466,812367467,903858982,903858984,812367471,903858996,903859002,903859003,903858990,903858992,903859005,812367473,903858995,903858997,903858998,903859007,903859008,903859009,903859010,903859022,903859025,903859012,903859016,903859020,903859034,903859032,903859024,903859030,812367477,903859041,903859046,812367476,903859050,812367478,903859062,903859066,903859072,903859077,903859081,903859084,903859086,903859088,812367483,812367484,812367485,903859089,812367487,812367488,903859106,903859107,812367491,903859110,903859112,903859109,812367492,903859114,812367495,812367497,812367498,812367499,812367500,812367501,903859118,903859119)
 Cron execution ended at: 2023-02-07 00:16:58
