
***********************************************************

 Cron execution started at :2023-02-16 07:00:02 

 Total Count =>83

Total records SUCCESS: 0
() 
Total records FAIL: 0
() 
 Total records PENDING: 10
(812368267,812368268,903863793,903863804,903863805,903863840,903863856,903863861,903863883,812368330)
 Total records No Response: 73
(812368254,903863762,903863763,903863765,903863770,903863766,903863780,903863782,903863769,903863771,903863773,903863783,36803,812368265,812368269,903863794,903863798,903863796,812368272,812368273,812368274,812368275,812368276,812368277,812368278,812368281,812368283,812368284,812368285,812368286,812368290,903863799,812368294,812368296,812368298,903863814,903863815,903863819,903863824,903863826,903863818,903863820,903863830,903863822,903863825,903863828,903863829,812368308,903863839,812368315,903863846,812368317,812368318,812368313,812368314,812368320,903863845,903863857,903863851,812368321,903863866,812368322,812368323,812368324,903863868,903863871,903863865,903863873,903863870,903863879,903863875,812368328,903863882)
 Cron execution ended at: 2023-02-16 07:01:10

***********************************************************

 Cron execution started at :2023-02-16 19:00:01 

 Total Count =>51

Total records SUCCESS: 0
() 
Total records FAIL: 0
() 
 Total records PENDING: 7
(36804,903863965,903863969,903863972,903863971,903863991,903864002)
 Total records No Response: 44
(903863890,903863887,903863894,903863902,903863906,812368334,903863912,903863911,812368335,812368336,812368337,812368338,812368339,812368340,903863918,812368344,903863930,903863931,903863934,903863941,903863936,903863937,903863940,903863942,903863944,903863952,903863956,903863955,903863958,903863959,903863962,812368352,903863980,903863979,903863982,903863983,903863993,903863984,903863985,903863986,903863987,903863999,903863992,903863995)
 Cron execution ended at: 2023-02-16 19:01:07
