
***********************************************************

 Cron execution started at :2023-02-14 07:00:01 

 Total Count =>144

Total records SUCCESS: 0
() 
Total records FAIL: 0
() 
 Total records PENDING: 13
(903863180,903863198,903863199,903863210,903863211,903863246,903863254,903863264,903863289,903863320,812368042,812368047,903863411)
 Total records No Response: 131
(903863108,903863109,903863111,903863101,812368014,812368015,812368018,903863124,903863125,903863126,903863136,903863137,903863120,903863140,903863142,903863123,903863146,903863147,903863129,903863151,903863155,903863156,812368023,812368025,903863144,903863145,903863170,903863171,903863176,903863177,903863161,903863183,903863166,903863172,903863173,903863194,903863181,903863200,903863201,903863188,903863193,903863213,903863227,903863208,903863231,903863209,903863216,903863233,903863235,903863236,903863226,903863229,903863237,903863242,903863243,903863244,903863255,903863247,812368036,903863272,903863258,903863262,903863265,903863282,903863284,903863285,903863286,903863291,903863279,903863296,903863300,903863301,903863303,903863306,903863307,903863305,903863293,903863294,903863312,903863318,903863327,903863328,903863332,903863340,903863343,903863344,903863341,903863348,903863354,903863361,36795,903863362,903863363,903863366,903863367,903863371,903863370,903863373,903863364,903863380,903863383,903863372,812368052,903863374,903863377,903863379,903863395,903863402,903863381,903863405,903863388,903863389,903863406,903863408,903863397,903863401,903863413,903863414,903863416,903863417,903863409,812368060,812368061,812368062,812368063,812368066,812368067,812368068,812368069,903863429,36796)
 Cron execution ended at: 2023-02-14 07:02:02
