
***********************************************************

 Cron execution started at :2022-10-06 23:50:02 

 Total Count =>565

Total records SUCCESS: 0
() 
Total records FAIL: 0
() 
 Total records PENDING: 66
(903763721,903763757,903763905,903763912,903763916,903763931,903763929,903763988,903763999,903764045,903764052,903764063,903764102,903764125,903764167,903764242,903764259,903764261,903764274,903764309,903764341,903764338,903764394,903764412,903764425,903764410,903764528,903764557,903764571,903764578,903764576,903764606,903764628,903764633,903764657,903764705,903764707,903764811,903764881,903764912,903764918,903764966,903764970,903765027,903765045,903765057,903765066,903765079,903765139,903765151,903765162,903765194,903765222,903765242,903765282,903765309,903765333,903765339,903765354,903765381,903765397,903765404,903765480,903765481,903765520,903765535)
 Total records No Response: 499
(903763714,903763565,903763716,903763574,903763727,903763718,903763719,903763579,903763580,903763735,903763728,903763738,903763589,903763590,903763596,903763750,903763603,903763749,903763610,903763616,903763628,903763767,903763647,903763652,903763778,903763781,903763779,903763790,903763807,903763784,903763811,903763700,903763813,903763704,903763830,903763712,903763846,903763847,903763852,903763736,903763857,903763740,903763860,903763842,903763862,903763744,903763871,903763867,903763748,903763751,903763758,903763879,903763889,903763772,903763901,903763903,903763775,903763904,903763906,903763908,903763909,903763914,903763788,903763895,903763921,903763924,903763804,903763927,903763808,903763944,903763815,903763948,903763922,903763955,903763832,903763965,903763960,903763938,903763971,903763972,903763977,903763858,903763991,903763874,903763876,903763994,903764001,903763997,903763985,903763882,903764022,903764019,903764013,903764016,903764031,903764028,903764037,903764005,903764040,903764043,903764024,903764047,903764053,903763918,903764039,903764057,903764041,903764066,903763932,903763939,903763940,903763942,903764071,903763950,903764075,903763954,903764067,903763966,903764084,903764094,903763969,903763982,903763987,903763992,903764112,903764114,903764119,903764010,903764141,903764023,903764143,903764026,903764027,903764035,903764046,903764051,903764178,903764166,903764190,903764191,903764192,903764194,903764196,903764068,903764078,903764214,903764216,903764092,903764232,903764224,903764233,903764236,903764217,903764104,903764105,903764243,903764121,903764237,903764258,903764265,903764146,903764170,903764295,903764197,903764330,903764200,903764335,903764339,903764212,903764342,903764352,903764361,903764234,903764366,903764368,903764371,903764373,903764369,903764384,903764391,903764385,903764249,903764398,903764256,903764408,903764416,903764404,903764264,903764270,903764289,903764447,903764445,903764297,903764459,903764322,903764326,903764468,903764471,903764332,903764336,903764344,903764347,903764348,903764490,903764470,903764354,903764355,903764494,903764363,903764364,903764501,903764376,903764381,903764392,903764395,903764525,903764419,903764535,903764540,903764435,903764549,903764439,903764554,903764568,903764569,903764458,903764574,903764581,812362571,812362572,812362573,903764592,812362574,903764483,903764596,903764586,903764484,903764485,903764601,903764600,903764608,903764613,812362575,903764618,903764495,903764588,903764621,812362576,903764620,812362577,903764498,903764626,812362578,903764499,812362579,903764631,903764502,812362580,903764515,903764638,903764647,903764651,903764649,903764534,903764538,903764545,903764553,903764672,903764675,903764679,903764573,903764690,903764699,903764580,903764697,903764594,903764713,903764595,903764718,903764721,903764725,903764615,903764729,903764732,903764751,903764750,903764756,903764642,903764646,903764767,903764757,903764782,903764792,903764663,903764800,903764671,903764778,903764814,903764677,903764815,903764818,903764824,903764688,903764836,903764693,903764837,903764839,903764819,903764846,903764849,903764842,903764850,903764712,903764831,903764861,903764862,903764864,903764728,903764867,903764870,903764871,903764743,903764746,903764891,903764894,903764893,903764897,903764763,903764906,903764768,903764883,903764911,903764783,903764916,903764788,903764796,903764921,903764799,903764915,903764801,903764803,903764805,903764928,903764949,903764930,903764835,903764967,903764961,903764969,903764976,903764975,903764988,903765004,903764877,903764884,903765013,903764890,903765017,903764895,903765028,903765026,903765035,903765043,903765046,903764931,903765059,903765061,903764934,903764935,903765068,903765077,903764956,903764957,903764959,903765092,903764965,903765098,903764978,903765106,903765107,903764986,903765117,903765118,903765130,903765134,903765008,903765009,903765020,903765023,903765024,903765148,903765154,903765152,903765036,903765160,903765161,903765038,903765039,903765171,903765054,903765178,903765186,903765072,903765190,903765076,903765100,903765202,903765211,903765214,903765215,903765108,903765109,903765120,903765218,903765234,903765128,903765227,903765228,903765138,903765142,903765245,903765246,903765243,903765159,903765163,903765279,903765278,903765281,903765175,903765177,903765286,903765187,903765300,903765303,903765308,903765313,903765329,903765349,903765236,903765352,903765358,903765336,903765251,903765256,903765258,903765262,903765267,903765270,903765377,903765380,903765283,903765387,903765392,903765398,903765298,903765301,903765305,903765420,903765315,903765427,903765320,903765431,903765434,903765438,903765341,903765444,903765350,903765451,903765454,903765460,903765463,903765363,903765464,903765368,903765369,903765372,903765484,903765388,903765391,903765487,903765393,903765407,903765497,903765411,903765501,903765514,903765511,903765515,903765517,903765426,903765436,903765536,903765445,903765543,903765457,903765549,903765471,903765560,903765475)
 Cron execution ended at: 2022-10-07 00:01:33
