
***********************************************************

 Cron execution started at :2023-01-19 07:00:01 

 Total Count =>55

Total records SUCCESS: 0
() 
Total records FAIL: 0
() 
 Total records PENDING: 4
(903851061,903851062,812366268,903851080)
 Total records No Response: 51
(903851032,903851040,903851038,903851034,903851044,903851037,903851039,903851048,903851046,903851047,903851052,903851049,903851053,812366263,812366264,812366265,903851064,903851066,903851067,812366269,903851071,903851073,903851074,903851077,903851075,812366273,812366274,812366275,903851083,903851084,812366279,903851087,812366281,812366282,903851088,903851093,903851094,903851097,903851100,903851103,903851102,903851110,812366286,812366287,812366288,903851108,903851114,903851120,903851122,903851123,903851125)
 Cron execution ended at: 2023-01-19 07:00:34

***********************************************************

 Cron execution started at :2023-01-19 19:00:02 

 Total Count =>96

Total records SUCCESS: 0
() 
Total records FAIL: 0
() 
 Total records PENDING: 16
(812366291,812366293,903851137,812366294,903851152,903851159,903851161,903851179,903851206,903851240,903851252,903851258,903851263,903851271,903851272,903851284)
 Total records No Response: 80
(903851128,812366292,903851135,903851136,903851139,903851140,812366295,903851147,903851149,903851146,903851151,903851153,903851156,903851160,903851162,903851164,903851167,903851154,903851163,903851168,812366298,903851172,903851181,903851183,903851180,903851184,903851185,903851192,903851194,903851190,903851191,812366304,903851198,903851199,903851202,903851210,903851213,903851222,812366309,812366310,812366311,812366312,812366313,812366314,812366315,812366316,812366317,812366318,812366319,812366320,812366321,903851218,903851233,903851230,903851231,903851238,812366324,903851250,903851243,903851248,903851249,812366323,903851257,903851251,812366325,812366326,903851265,903851270,903851273,903851269,903851275,903851280,903851276,903851281,812366330,812366331,812366332,812366333,812366334,812366335)
 Cron execution ended at: 2023-01-19 19:02:04
