
***********************************************************

 Cron execution started at :2023-01-31 07:00:02 

 Total Count =>104

Total records SUCCESS: 0
() 
Total records FAIL: 0
() 
 Total records PENDING: 6
(903854035,903854070,903854101,903854190,903854303,903854338)
 Total records No Response: 98
(903854032,903853982,903854034,903853987,903854040,903853995,903854000,903854045,903854046,903854048,903854011,903854012,903854050,903854014,903854052,903854054,903854057,903854058,903854059,903854066,903854067,903854064,903854074,903854075,903854093,903854100,903854103,812366981,903854105,903854116,903854130,903854076,903854079,812366979,903854090,903854107,903854112,903854139,812366982,903854140,903854135,903854152,903854158,903854161,903854145,903854147,903854155,812366984,812366985,903854167,903854169,903854175,903854178,903854183,903854189,903854201,903854214,903854176,903854221,903854228,903854229,903854227,903854240,903854209,903854213,903854261,903854232,903854247,903854276,903854252,903854257,903854287,812366993,812366994,903854298,903854307,903854284,903854317,903854318,903854289,903854295,903854322,903854296,903854299,903854324,903854335,903854329,903854340,903854351,903854344,903854345,903854346,903854355,903854356,903854360,903854364,903854366,903854369)
 Cron execution ended at: 2023-01-31 07:01:19

***********************************************************

 Cron execution started at :2023-01-31 19:00:02 

 Total Count =>118

Total records SUCCESS: 0
() 
Total records FAIL: 0
() 
 Total records PENDING: 17
(903854452,903854481,903854505,903854519,903854544,903854584,903854631,903854628,812367032,812367033,903854678,903854704,812367038,903854720,903854723,903854727,903854742)
 Total records No Response: 101
(903854374,903854379,903854385,903854382,903854394,903854396,903854398,903854399,903854401,903854418,903854421,903854422,903854410,903854425,903854439,903854441,903854445,903854433,903854435,903854458,903854447,903854450,903854469,903854462,903854474,903854477,903854475,903854484,812367006,812367007,812367008,903854500,903854488,903854512,903854503,903854510,903854513,903854524,903854520,903854528,903854529,903854532,903854537,903854530,812367012,903854553,903854550,903854538,903854540,903854542,903854565,903854568,903854547,903854576,903854555,903854580,812367020,812367015,812367016,812367017,903854587,903854592,903854581,903854599,812367022,903854610,903854609,903854613,903854630,903854615,903854637,812367029,812367026,812367027,812367028,903854647,903854638,903854649,903854652,903854650,903854672,903854660,903854675,903854681,903854688,903854689,903854692,903854693,903854676,903854694,903854697,903854705,903854708,903854712,903854718,903854698,903854728,903854729,903854736,903854739,903854741)
 Cron execution ended at: 2023-01-31 19:02:29
