
***********************************************************

 Cron execution started at :2023-01-30 00:15:01 

 Total Count =>109

Total records SUCCESS: 1
(903853071) 
Total records FAIL: 0
() 
 Total records PENDING: 9
(903853003,812366878,903853032,903853034,903853035,903853061,903853064,903853091,903853094)
 Total records No Response: 99
(812366870,903852983,903852984,903852985,903852989,903852991,903852994,903852999,903853001,903853004,903853006,903853009,903853010,903853015,903853018,903853019,903853021,812366872,812366873,812366874,812366875,903853024,903853027,903853031,903853033,812366880,812366881,903853036,812366882,903853041,903853037,903853042,903853044,903853039,903853043,903853045,903853050,812366886,812366887,812366888,812366889,812366890,812366891,812366892,903853051,903853056,903853057,903853054,903853058,903853060,812366894,903853059,903853068,903853072,903853077,903853078,812366899,812366900,812366901,812366902,812366903,812366904,903853080,812366905,812366906,812366907,812366908,812366909,812366910,903853082,903853081,903853087,812366916,812366911,812366912,812366913,812366914,812366915,903853090,903853092,903853093,812366918,812366919,903853097,903853098,903853096,812366921,812366922,812366923,812366924,812366925,812366929,812366930,903853103,812366931,812366932,812366933,903853105,903853106)
 Cron execution ended at: 2023-01-30 00:16:00
