
***********************************************************

 Cron execution started at :2023-02-13 02:45:02 

 Total Count =>678

Total records SUCCESS: 0
() 
Total records FAIL: 0
() 
 Total records PENDING: 87
(903860906,903860918,903860931,903860944,903860955,903860957,903860962,903861003,903861015,903861016,903861018,903861070,903861075,903861086,903861112,903861137,903861145,812367833,903861172,903861199,903861213,903861218,903861383,903861528,903861549,903861654,903861664,903861665,903861668,903861673,903861677,903861698,903861713,903861718,903861723,812367888,903861741,903861778,812367890,903861797,903861805,903861820,903861827,903861851,903861868,903861894,903861900,903861918,903861925,903861930,812367899,903861956,903861991,903861995,903862003,903862008,903862040,903862049,36792,903862064,903862137,903862168,812367911,903862190,903862210,903862212,903862217,903862249,903862265,903862268,903862291,903862300,903862313,903862330,903862331,903862339,903862347,903862355,903862357,903862387,903862395,903862407,903862458,903862485,903862489,903862521,903862543)
 Total records No Response: 591
(903860907,812367810,812367811,812367813,812367814,812367815,812367816,812367817,812367818,903860908,903860915,903860919,903860921,903860923,903860929,903860932,903860934,903860935,903860937,903860948,903860949,903860953,903860954,812367820,903860971,812367821,903860973,903860980,903860982,903860987,903860988,903860991,903860994,903860995,903860996,903861008,903861010,903861020,903861024,903861030,903861033,903861040,903861042,903861043,903861048,903861051,903861056,903861061,903861072,903861074,903861079,903861081,903861082,903861084,903861087,903861092,903861094,903861095,903861102,812367824,903861107,812367825,903861114,903861115,903861116,903861118,903861120,903861121,903861125,903861126,903861127,903861128,903861131,903861132,812367828,812367829,812367830,903861136,812367831,903861143,903861147,903861153,903861161,903861164,903861165,903861168,903861173,903861176,903861180,903861183,903861184,903861187,903861194,903861195,903861196,903861197,903861200,903861216,903861222,903861225,903861229,812367837,812367838,812367839,812367840,812367841,903861232,812367842,903861240,903861241,903861243,903861252,903861254,903861259,903861268,903861271,903861273,903861274,903861276,903861277,903861281,903861283,903861285,903861286,903861287,903861289,903861292,903861293,903861296,903861302,903861305,903861306,903861312,903861319,903861320,903861321,903861325,903861326,903861330,903861336,903861341,903861342,903861347,903861351,903861352,903861353,903861361,903861362,903861363,903861364,903861366,903861367,812367850,903861381,903861382,903861385,903861389,903861390,903861392,903861394,903861396,903861397,903861398,903861399,903861400,903861401,903861402,812367851,903861403,903861404,903861405,903861406,903861407,903861408,903861409,903861410,903861411,903861412,903861413,903861414,903861415,903861416,903861417,903861418,903861419,903861420,903861421,903861422,903861423,812367852,812367853,812367854,812367855,812367856,812367857,903861424,812367858,903861425,903861426,903861427,903861428,903861429,903861430,903861431,903861432,903861433,812367859,903861434,812367860,903861435,903861436,903861437,903861438,903861439,903861440,903861441,903861442,903861443,903861444,903861445,903861446,812367861,812367862,812367863,812367864,812367865,812367866,812367867,812367868,812367869,903861447,812367870,903861448,903861449,903861450,903861451,903861452,903861453,903861454,903861455,903861456,903861457,903861458,903861459,903861460,903861461,903861462,903861463,903861464,903861465,903861466,903861467,903861468,903861469,903861473,903861476,903861479,903861486,903861488,903861493,903861512,903861514,903861515,903861518,903861523,903861525,903861533,903861534,903861536,903861539,903861540,903861545,903861546,903861550,903861554,903861560,903861562,903861563,903861564,903861565,903861569,903861570,903861576,903861578,903861583,903861590,903861594,903861599,903861607,903861623,903861624,903861625,903861626,903861627,903861630,903861631,903861635,812367875,812367876,903861636,812367877,812367879,812367880,903861640,903861643,812367881,903861646,903861647,903861648,903861651,903861660,903861661,903861663,903861666,903861671,903861674,812367883,903861676,903861680,903861682,903861684,903861686,812367884,812367885,903861695,903861696,903861705,903861706,903861711,903861721,903861725,903861726,903861729,903861736,903861737,903861739,903861740,903861745,903861751,903861758,903861763,903861766,903861767,903861768,903861775,903861779,903861780,903861782,903861784,903861786,903861787,903861790,903861793,903861798,903861799,903861807,903861817,903861823,903861825,903861828,903861829,903861830,903861831,903861839,903861842,903861843,903861847,903861849,903861858,903861859,903861864,903861873,903861880,903861881,903861882,903861885,812367895,812367896,903861890,903861891,903861901,903861903,903861910,903861912,903861913,903861914,903861915,903861916,903861917,903861922,903861923,903861927,903861928,903861929,903861940,903861942,903861946,903861951,903861952,903861958,903861962,903861965,903861970,903861973,903861978,903861980,903861982,903861987,903861988,903861992,903861993,903861997,903862000,903862006,903862018,903862024,903862025,903862032,903862033,903862043,903862044,903862048,903862052,903862054,903862058,903862061,903862065,903862071,903862079,903862082,903862085,903862086,903862087,903862095,903862103,903862105,903862115,903862120,903862134,903862140,903862142,903862144,903862147,903862153,903862154,903862155,903862156,903862157,903862159,903862162,903862166,903862172,903862176,903862177,903862178,903862180,903862181,903862182,903862183,903862186,903862187,903862188,903862189,903862194,903862195,903862202,903862203,903862211,903862213,903862220,812367918,812367921,903862224,903862225,903862228,903862230,903862233,903862234,903862241,903862243,903862245,903862248,903862250,903862256,903862258,903862262,903862263,903862266,903862274,903862275,903862276,903862277,903862282,903862285,903862294,903862299,903862305,903862307,903862308,903862310,812367928,903862315,903862319,903862322,903862323,903862324,903862325,903862327,903862328,903862337,903862338,903862343,903862349,903862350,903862351,903862352,903862356,903862358,903862361,903862367,903862381,903862382,903862388,903862399,903862404,903862409,812367935,812367936,812367937,812367938,812367939,812367941,903862415,903862417,903862418,903862420,812367942,812367943,812367944,812367945,812367946,812367947,903862424,903862425,812367950,903862429,812367951,812367952,903862431,812367953,903862434,903862439,903862441,903862442,903862444,903862448,903862449,903862450,903862451,903862453,903862457,903862463,903862465,903862467,903862479,903862483,903862486,903862496,812367957,903862497,812367958,903862499,903862502,903862503,903862504,903862512,903862517,903862519,903862522,812367962,812367963,903862523,903862527,903862528,903862531,903862533,812367966,903862541,812367967,812367968,903862550)
 Cron execution ended at: 2023-02-13 03:00:13
