
***********************************************************

 Cron execution started at :2022-05-13 12:21:18 

 Total Count =>159

Total records SUCCESS: 0
() 
Total records FAIL: 53
(903408804,903408875,903408879,903408885,903408910,903408915,903408918,903408928,903408941,903408946,903408949,903408980,903408983,903408986,903408987,903409000,903409001,903409007,903409012,903409014,903409016,903409018,903409097,903409098,903409106,903409110,903409115,903409132,903409140,903409145,903409149,903409155,903409174,903409176,903409193,903409200,903409213,903409226,903409230,903409250,903409394,903409395,903409408,903409422,903409431,903409442,903409449,903409619,903409621,903409632,903409636,903409637,903409657) 
 Total records PENDING: 0
()
 Total records No Response: 106
(903408803,903408806,903408810,903408813,903408815,903408824,903408827,903408831,903408839,903408847,903408860,903408861,903408878,903408921,903408936,903408956,903408959,903408962,903408968,903408969,903408984,903409008,903409011,903409015,903409017,903409027,903409030,903409046,903409060,903409063,903409067,903409079,903409090,903409099,903409100,903409102,903409127,903409130,903409131,903409135,903409152,903409165,903409167,903409172,903409184,903409185,903409191,903409206,903409215,903409227,903409232,903409243,903409259,903409266,903409306,903409308,903409316,903409318,903409334,903409342,903409355,903409368,903409372,903409374,903409378,903409384,903409386,903409400,903409401,903409402,903409403,903409410,903409413,903409414,903409415,903409430,903409446,903409452,903409459,903409460,903409481,903409487,903409489,903409498,903409500,903409512,903409515,903409521,903409532,903409536,903409541,903409572,903409577,903409586,903409592,903409607,903409608,903409612,903409613,903409615,903409620,903409629,903409645,903409651,903409658,903409663)
 Cron execution ended at: 2022-05-13 12:36:45

***********************************************************

 Cron execution started at :2022-05-13 12:42:30 

 Total Count =>76

Total records SUCCESS: 0
() 
Total records FAIL: 0
() 
 Total records PENDING: 0
()
 Total records No Response: 76
(903409067,903409079,903409090,903409099,903409100,903409102,903409127,903409130,903409131,903409135,903409152,903409165,903409167,903409172,903409184,903409185,903409191,903409206,903409215,903409227,903409232,903409243,903409259,903409266,903409306,903409308,903409316,903409318,903409334,903409342,903409355,903409368,903409372,903409374,903409378,903409384,903409386,903409400,903409401,903409402,903409403,903409410,903409413,903409414,903409415,903409430,903409446,903409452,903409459,903409460,903409481,903409487,903409489,903409498,903409500,903409512,903409515,903409521,903409532,903409536,903409541,903409572,903409577,903409586,903409592,903409607,903409608,903409612,903409613,903409615,903409620,903409629,903409645,903409651,903409658,903409663)
 Cron execution ended at: 2022-05-13 12:48:26

***********************************************************

 Cron execution started at :2022-05-13 12:49:22 

 Total Count =>66

Total records SUCCESS: 0
() 
Total records FAIL: 0
() 
 Total records PENDING: 0
()
 Total records No Response: 66
(903409152,903409165,903409167,903409172,903409184,903409185,903409191,903409206,903409215,903409227,903409232,903409243,903409259,903409266,903409306,903409308,903409316,903409318,903409334,903409342,903409355,903409368,903409372,903409374,903409378,903409384,903409386,903409400,903409401,903409402,903409403,903409410,903409413,903409414,903409415,903409430,903409446,903409452,903409459,903409460,903409481,903409487,903409489,903409498,903409500,903409512,903409515,903409521,903409532,903409536,903409541,903409572,903409577,903409586,903409592,903409607,903409608,903409612,903409613,903409615,903409620,903409629,903409645,903409651,903409658,903409663)
 Cron execution ended at: 2022-05-13 12:54:43

***********************************************************

 Cron execution started at :2022-05-13 12:56:26 

 Total Count =>57

Total records SUCCESS: 0
() 
Total records FAIL: 0
() 
 Total records PENDING: 0
()
 Total records No Response: 57
(903409227,903409232,903409243,903409259,903409266,903409306,903409308,903409316,903409318,903409334,903409342,903409355,903409368,903409372,903409374,903409378,903409384,903409386,903409400,903409401,903409402,903409403,903409410,903409413,903409414,903409415,903409430,903409446,903409452,903409459,903409460,903409481,903409487,903409489,903409498,903409500,903409512,903409515,903409521,903409532,903409536,903409541,903409572,903409577,903409586,903409592,903409607,903409608,903409612,903409613,903409615,903409620,903409629,903409645,903409651,903409658,903409663)
 Cron execution ended at: 2022-05-13 13:00:54

***********************************************************

 Cron execution started at :2022-05-13 13:07:28 

 Total Count =>47

Total records SUCCESS: 0
() 
Total records FAIL: 1
(903409446) 
 Total records PENDING: 0
()
 Total records No Response: 46
(903409342,903409355,903409368,903409372,903409374,903409378,903409384,903409386,903409400,903409401,903409402,903409403,903409410,903409413,903409414,903409415,903409430,903409452,903409459,903409460,903409481,903409487,903409489,903409498,903409500,903409512,903409515,903409521,903409532,903409536,903409541,903409572,903409577,903409586,903409592,903409607,903409608,903409612,903409613,903409615,903409620,903409629,903409645,903409651,903409658,903409663)
 Cron execution ended at: 2022-05-13 13:11:05

***********************************************************

 Cron execution started at :2022-05-13 13:14:25 

 Total Count =>29

Total records SUCCESS: 0
() 
Total records FAIL: 0
() 
 Total records PENDING: 0
()
 Total records No Response: 29
(903409430,903409452,903409460,903409481,903409487,903409489,903409498,903409500,903409512,903409515,903409521,903409532,903409536,903409541,903409572,903409577,903409586,903409592,903409607,903409608,903409612,903409613,903409615,903409620,903409629,903409645,903409651,903409658,903409663)
 Cron execution ended at: 2022-05-13 13:16:38

***********************************************************

 Cron execution started at :2022-05-13 13:21:12 

 Total Count =>23

Total records SUCCESS: 0
() 
Total records FAIL: 1
(903409515) 
 Total records PENDING: 0
()
 Total records No Response: 22
(903409512,903409521,903409532,903409536,903409541,903409572,903409577,903409586,903409592,903409607,903409608,903409612,903409613,903409615,903409620,903409629,903409645,903409651,903409658,903409663,903409671,903409672)
 Cron execution ended at: 2022-05-13 13:23:05

***********************************************************

 Cron execution started at :2022-05-13 13:28:08 

 Total Count =>27

Total records SUCCESS: 0
() 
Total records FAIL: 0
() 
 Total records PENDING: 0
()
 Total records No Response: 27
(903409572,903409577,903409586,903409592,903409607,903409608,903409612,903409613,903409615,903409620,903409629,903409645,903409651,903409658,903409663,903409671,903409672,903409683,903409692,903409697,903409698,903409699,903409704,903409707,903409712,903409718,903409721)
 Cron execution ended at: 2022-05-13 13:30:25

***********************************************************

 Cron execution started at :2022-05-13 13:35:44 

 Total Count =>47

Total records SUCCESS: 0
() 
Total records FAIL: 6
(903409786,903409791,903409792,903409812,903409817,903409829) 
 Total records PENDING: 0
()
 Total records No Response: 41
(903409629,903409645,903409651,903409658,903409663,903409671,903409672,903409683,903409692,903409697,903409698,903409699,903409704,903409707,903409712,903409718,903409721,903409728,903409731,903409738,903409740,903409751,903409752,903409765,903409767,903409774,903409782,903409784,903409800,903409805,903409806,903409808,903409810,903409820,903409823,903409825,903409832,903409839,903409841,903409846,903409864)
 Cron execution ended at: 2022-05-13 13:40:26

***********************************************************

 Cron execution started at :2022-05-13 13:42:11 

 Total Count =>58

Total records SUCCESS: 0
() 
Total records FAIL: 4
(903409907,903409933,903409936,903409967) 
 Total records PENDING: 0
()
 Total records No Response: 53
(903409671,903409672,903409683,903409692,903409697,903409698,903409699,903409704,903409707,903409712,903409718,903409721,903409728,903409731,903409738,903409740,903409751,903409752,903409765,903409767,903409774,903409782,903409784,903409800,903409805,903409806,903409808,903409810,903409820,903409823,903409825,903409832,903409839,903409841,903409846,903409864,903409874,903409878,903409881,903409887,903409889,903409900,903409905,903409916,903409920,903409938,903409942,903409945,903409948,903409958,903409962,903409963,903409968)
 Cron execution ended at: 2022-05-13 13:47:38

***********************************************************

 Cron execution started at :2022-05-13 13:49:27 

 Total Count =>75

Total records SUCCESS: 0
() 
Total records FAIL: 10
(903409978,903409994,903409996,903410009,903410025,903410031,903410044,903410048,903410054,903410059) 
 Total records PENDING: 0
()
 Total records No Response: 65
(903409671,903409672,903409683,903409692,903409697,903409698,903409699,903409704,903409707,903409712,903409718,903409721,903409728,903409731,903409738,903409740,903409751,903409752,903409765,903409767,903409774,903409782,903409784,903409800,903409805,903409806,903409808,903409810,903409820,903409823,903409825,903409832,903409839,903409841,903409846,903409864,903409874,903409878,903409881,903409887,903409889,903409900,903409905,903409916,903409920,903409938,903409942,903409945,903409948,903409958,903409962,903409963,903409968,903409972,903409980,903409989,903409992,903409999,903410006,903410014,903410016,903410024,903410040,903410041,903410046)
 Cron execution ended at: 2022-05-13 13:56:42

***********************************************************

 Cron execution started at :2022-05-13 13:56:58 

 Total Count =>77

Total records SUCCESS: 0
() 
Total records FAIL: 4
(903410129,903410131,903410136,903410149) 
 Total records PENDING: 0
()
 Total records No Response: 73
(903409671,903409672,903409683,903409692,903409697,903409698,903409699,903409704,903409707,903409712,903409718,903409721,903409728,903409731,903409738,903409740,903409751,903409752,903409765,903409767,903409774,903409782,903409784,903409800,903409805,903409806,903409808,903409810,903409820,903409823,903409825,903409832,903409839,903409841,903409846,903409864,903409874,903409878,903409881,903409887,903409889,903409900,903409905,903409916,903409920,903409938,903409942,903409945,903409948,903409958,903409962,903409963,903409968,903409972,903409980,903409989,903409992,903409999,903410006,903410014,903410016,903410024,903410040,903410041,903410046,903410062,903410064,903410078,903410092,903410096,903410099,903410124,903410143)
 Cron execution ended at: 2022-05-13 14:03:58

***********************************************************

 Cron execution started at :2022-05-13 14:08:00 

 Total Count =>85

Total records SUCCESS: 0
() 
Total records FAIL: 2
(903410226,903410229) 
 Total records PENDING: 0
()
 Total records No Response: 83
(903409671,903409672,903409683,903409692,903409697,903409698,903409699,903409704,903409707,903409712,903409718,903409721,903409728,903409731,903409738,903409740,903409751,903409752,903409765,903409767,903409774,903409782,903409784,903409800,903409805,903409806,903409808,903409810,903409820,903409823,903409825,903409832,903409839,903409841,903409846,903409864,903409874,903409878,903409881,903409887,903409889,903409900,903409905,903409916,903409920,903409938,903409942,903409945,903409948,903409958,903409962,903409963,903409968,903409972,903409980,903409989,903409992,903409999,903410006,903410014,903410016,903410024,903410040,903410041,903410046,903410062,903410064,903410078,903410092,903410096,903410099,903410124,903410143,903410179,903410185,903410191,903410195,903410202,903410215,903410222,903410235,903410239,903410244)
 Cron execution ended at: 2022-05-13 14:15:37

***********************************************************

 Cron execution started at :2022-05-13 14:21:02 

 Total Count =>91

Total records SUCCESS: 0
() 
Total records FAIL: 1
(903410377) 
 Total records PENDING: 0
()
 Total records No Response: 90
(903409671,903409672,903409683,903409692,903409697,903409698,903409699,903409704,903409707,903409712,903409718,903409721,903409728,903409731,903409738,903409740,903409751,903409752,903409765,903409767,903409774,903409782,903409784,903409800,903409805,903409806,903409808,903409810,903409820,903409823,903409825,903409832,903409839,903409841,903409846,903409864,903409874,903409878,903409881,903409887,903409889,903409900,903409905,903409916,903409920,903409938,903409942,903409945,903409948,903409958,903409962,903409963,903409968,903409972,903409980,903409989,903409992,903409999,903410006,903410014,903410016,903410024,903410040,903410041,903410046,903410062,903410064,903410078,903410092,903410096,903410099,903410124,903410143,903410179,903410185,903410191,903410195,903410202,903410215,903410222,903410235,903410239,903410244,903410266,903410269,903410302,903410347,903410350,903410364,903410368)
 Cron execution ended at: 2022-05-13 14:28:49

***********************************************************

 Cron execution started at :2022-05-13 14:35:02 

 Total Count =>101

Total records SUCCESS: 0
() 
Total records FAIL: 2
(903410480,903410486) 
 Total records PENDING: 0
()
 Total records No Response: 99
(903409671,903409672,903409683,903409692,903409697,903409698,903409699,903409704,903409707,903409712,903409718,903409721,903409728,903409731,903409738,903409740,903409751,903409752,903409765,903409767,903409774,903409782,903409784,903409800,903409805,903409806,903409808,903409810,903409820,903409823,903409825,903409832,903409839,903409841,903409846,903409864,903409874,903409878,903409881,903409887,903409889,903409900,903409905,903409916,903409920,903409938,903409942,903409945,903409948,903409958,903409962,903409963,903409968,903409972,903409980,903409989,903409992,903409999,903410006,903410014,903410016,903410024,903410040,903410041,903410046,903410062,903410064,903410078,903410092,903410096,903410099,903410124,903410143,903410179,903410185,903410191,903410195,903410202,903410215,903410222,903410235,903410239,903410244,903410266,903410269,903410302,903410347,903410350,903410364,903410368,903410398,903410406,903410407,903410410,903410421,903410431,903410451,903410462,903410467)
 Cron execution ended at: 2022-05-13 14:43:56

***********************************************************

 Cron execution started at :2022-05-13 14:49:16 

 Total Count =>89

Total records SUCCESS: 0
() 
Total records FAIL: 1
(903410575) 
 Total records PENDING: 0
()
 Total records No Response: 88
(903409765,903409767,903409774,903409782,903409784,903409800,903409805,903409806,903409808,903409810,903409820,903409823,903409825,903409832,903409839,903409841,903409846,903409864,903409874,903409878,903409881,903409887,903409889,903409900,903409905,903409916,903409920,903409938,903409942,903409945,903409948,903409958,903409962,903409963,903409968,903409972,903409980,903409989,903409992,903409999,903410006,903410014,903410016,903410024,903410040,903410041,903410046,903410062,903410064,903410078,903410092,903410096,903410099,903410124,903410143,903410179,903410185,903410191,903410195,903410202,903410215,903410222,903410235,903410239,903410244,903410266,903410269,903410302,903410347,903410350,903410364,903410368,903410398,903410406,903410407,903410410,903410421,903410431,903410451,903410462,903410467,903410531,903410532,903410549,903410556,903410569,812319559,903410576)
 Cron execution ended at: 2022-05-13 14:56:36

***********************************************************

 Cron execution started at :2022-05-13 15:00:29 

 Total Count =>71

Total records SUCCESS: 0
() 
Total records FAIL: 4
(903410660,903410668,903410670,903410681) 
 Total records PENDING: 0
()
 Total records No Response: 66
(903409958,903409962,903409963,903409968,903409972,903409980,903409989,903409992,903409999,903410006,903410014,903410016,903410024,903410040,903410041,903410046,903410062,903410064,903410078,903410092,903410096,903410099,903410124,903410143,903410179,903410185,903410191,903410195,903410202,903410215,903410222,903410235,903410239,903410244,903410266,903410269,903410302,903410347,903410350,903410364,903410368,903410398,903410406,903410407,903410410,903410421,903410431,903410451,903410462,903410467,903410531,903410532,903410549,903410556,903410569,812319559,903410576,903410584,903410602,903410612,903410614,903410623,903410635,903410642,903410666,903410669)
 Cron execution ended at: 2022-05-13 15:06:39

***********************************************************

 Cron execution started at :2022-05-13 15:07:27 

 Total Count =>55

Total records SUCCESS: 0
() 
Total records FAIL: 1
(903410751) 
 Total records PENDING: 0
()
 Total records No Response: 54
(903410046,903410062,903410064,903410078,903410092,903410096,903410099,903410124,903410143,903410179,903410185,903410191,903410195,903410202,903410215,903410222,903410235,903410239,903410244,903410266,903410269,903410302,903410347,903410350,903410364,903410368,903410398,903410406,903410407,903410410,903410421,903410431,903410451,903410462,903410467,903410531,903410532,903410549,903410556,903410569,812319559,903410576,903410584,903410602,903410612,903410614,903410623,903410635,903410642,903410666,903410669,903410687,903410745,903410748)
 Cron execution ended at: 2022-05-13 15:12:05

***********************************************************

 Cron execution started at :2022-05-13 15:14:37 

 Total Count =>63

Total records SUCCESS: 0
() 
Total records FAIL: 2
(903410819,903410823) 
 Total records PENDING: 0
()
 Total records No Response: 61
(903410124,903410143,903410179,903410185,903410191,903410195,903410202,903410215,903410222,903410235,903410239,903410244,903410266,903410269,903410302,903410347,903410350,903410364,903410368,903410398,903410406,903410407,903410410,903410421,903410431,903410451,903410462,903410467,903410531,903410532,903410549,903410556,903410569,812319559,903410576,903410584,903410602,903410612,903410614,903410623,903410635,903410642,903410666,903410669,903410687,903410745,903410748,903410762,903410769,903410773,903410777,903410797,903410803,903410806,903410811,903410817,903410822,903410827,903410830,903410834,903410838)
 Cron execution ended at: 2022-05-13 15:19:38

***********************************************************

 Cron execution started at :2022-05-13 15:21:41 

 Total Count =>65

Total records SUCCESS: 0
() 
Total records FAIL: 3
(903410885,903410891,903410894) 
 Total records PENDING: 0
()
 Total records No Response: 62
(903410195,903410202,903410215,903410222,903410235,903410239,903410244,903410266,903410269,903410302,903410347,903410350,903410364,903410368,903410398,903410406,903410407,903410410,903410421,903410431,903410451,903410462,903410467,903410531,903410532,903410549,903410556,903410569,812319559,903410576,903410584,903410602,903410612,903410614,903410623,903410635,903410642,903410666,903410669,903410687,903410745,903410748,903410762,903410769,903410773,903410777,903410797,903410803,903410806,903410811,903410817,903410822,903410827,903410830,903410834,903410838,903410849,903410858,903410879,903410886,903410898,903410899)
 Cron execution ended at: 2022-05-13 15:27:03

***********************************************************

 Cron execution started at :2022-05-13 15:29:00 

 Total Count =>62

Total records SUCCESS: 0
() 
Total records FAIL: 2
(903410266,903410950) 
 Total records PENDING: 0
()
 Total records No Response: 60
(903410269,903410302,903410347,903410350,903410364,903410368,903410398,903410406,903410407,903410410,903410421,903410431,903410451,903410462,903410467,903410531,903410532,903410549,903410556,903410569,812319559,903410576,903410584,903410602,903410612,903410614,903410623,903410635,903410642,903410666,903410669,903410687,903410745,903410748,903410762,903410769,903410773,903410777,903410797,903410803,903410806,903410811,903410817,903410822,903410827,903410830,903410834,903410838,903410849,903410858,903410879,903410886,903410898,903410899,903410905,903410931,903410932,903410935,903410942,903410945)
 Cron execution ended at: 2022-05-13 15:33:56

***********************************************************

 Cron execution started at :2022-05-13 15:35:41 

 Total Count =>67

Total records SUCCESS: 0
() 
Total records FAIL: 1
(903411020) 
 Total records PENDING: 0
()
 Total records No Response: 66
(903410347,903410350,903410364,903410368,903410398,903410406,903410407,903410410,903410421,903410431,903410451,903410462,903410467,903410531,903410532,903410549,903410556,903410569,812319559,903410576,903410584,903410602,903410612,903410614,903410623,903410635,903410642,903410666,903410669,903410687,903410745,903410748,903410762,903410769,903410773,903410777,903410797,903410803,903410806,903410811,903410817,903410822,903410827,903410830,903410834,903410838,903410849,903410858,903410879,903410886,903410898,903410899,903410905,903410931,903410932,903410935,903410942,903410945,903410963,903410984,903410990,903410998,903410999,903411000,903411023,903411028)
 Cron execution ended at: 2022-05-13 15:41:01

***********************************************************

 Cron execution started at :2022-05-13 15:42:46 

 Total Count =>66

Total records SUCCESS: 0
() 
Total records FAIL: 1
(903411085) 
 Total records PENDING: 0
()
 Total records No Response: 65
(903410406,903410407,903410410,903410421,903410431,903410451,903410462,903410467,903410531,903410532,903410549,903410556,903410569,812319559,903410576,903410584,903410602,903410612,903410614,903410623,903410635,903410642,903410666,903410669,903410687,903410745,903410748,903410762,903410769,903410773,903410777,903410797,903410803,903410806,903410811,903410817,903410822,903410827,903410830,903410834,903410838,903410849,903410858,903410879,903410886,903410898,903410899,903410905,903410931,903410932,903410935,903410942,903410945,903410963,903410984,903410990,903410998,903410999,903411000,903411023,903411028,903411029,903411056,903411058,903411072)
 Cron execution ended at: 2022-05-13 15:47:58

***********************************************************

 Cron execution started at :2022-05-13 15:49:58 

 Total Count =>69

Total records SUCCESS: 0
() 
Total records FAIL: 2
(903411146,903411152) 
 Total records PENDING: 0
()
 Total records No Response: 67
(903410462,903410467,903410531,903410532,903410549,903410556,903410569,812319559,903410576,903410584,903410602,903410612,903410614,903410623,903410635,903410642,903410666,903410669,903410687,903410745,903410748,903410762,903410769,903410773,903410777,903410797,903410803,903410806,903410811,903410817,903410822,903410827,903410830,903410834,903410838,903410849,903410858,903410879,903410886,903410898,903410899,903410905,903410931,903410932,903410935,903410942,903410945,903410963,903410984,903410990,903410998,903410999,903411000,903411023,903411028,903411029,903411056,903411058,903411072,903411094,903411104,903411114,903411121,903411123,903411134,812319564,903411150)
 Cron execution ended at: 2022-05-13 15:55:12

***********************************************************

 Cron execution started at :2022-05-13 15:56:58 

 Total Count =>70

Total records SUCCESS: 0
() 
Total records FAIL: 1
(903411194) 
 Total records PENDING: 0
()
 Total records No Response: 69
(903410531,903410532,903410549,903410556,903410569,812319559,903410576,903410584,903410602,903410612,903410614,903410623,903410635,903410642,903410666,903410669,903410687,903410745,903410748,903410762,903410769,903410773,903410777,903410797,903410803,903410806,903410811,903410817,903410822,903410827,903410830,903410834,903410838,903410849,903410858,903410879,903410886,903410898,903410899,903410905,903410931,903410932,903410935,903410942,903410945,903410963,903410984,903410990,903410998,903410999,903411000,903411023,903411028,903411029,903411056,903411058,903411072,903411094,903411104,903411114,903411121,903411123,903411134,812319564,903411150,903411159,903411160,903411161,903411178)
 Cron execution ended at: 2022-05-13 16:02:12

***********************************************************

 Cron execution started at :2022-05-13 16:07:28 

 Total Count =>84

Total records SUCCESS: 0
() 
Total records FAIL: 4
(903411275,903411278,903411286,903411300) 
 Total records PENDING: 0
()
 Total records No Response: 80
(903410569,812319559,903410576,903410584,903410602,903410612,903410614,903410623,903410635,903410642,903410666,903410669,903410687,903410745,903410748,903410762,903410769,903410773,903410777,903410797,903410803,903410806,903410811,903410817,903410822,903410827,903410830,903410834,903410838,903410849,903410858,903410879,903410886,903410898,903410899,903410905,903410931,903410932,903410935,903410942,903410945,903410963,903410984,903410990,903410998,903410999,903411000,903411023,903411028,903411029,903411056,903411058,903411072,903411094,903411104,903411114,903411121,903411123,903411134,812319564,903411150,903411159,903411160,903411161,903411178,903411205,903411210,903411212,903411213,903411216,903411217,903411220,903411231,903411255,903411258,903411262,903411266,903411269,903411290,903411299)
 Cron execution ended at: 2022-05-13 16:14:08

***********************************************************

 Cron execution started at :2022-05-13 16:14:28 

 Total Count =>77

Total records SUCCESS: 0
() 
Total records FAIL: 0
() 
 Total records PENDING: 0
()
 Total records No Response: 77
(903410623,903410635,903410642,903410666,903410669,903410687,903410745,903410748,903410762,903410769,903410773,903410777,903410797,903410803,903410806,903410811,903410817,903410822,903410827,903410830,903410834,903410838,903410849,903410858,903410879,903410886,903410898,903410899,903410905,903410931,903410932,903410935,903410942,903410945,903410963,903410984,903410990,903410998,903410999,903411000,903411023,903411028,903411029,903411056,903411058,903411072,903411094,903411104,903411114,903411121,903411123,903411134,812319564,903411150,903411159,903411160,903411161,903411178,903411205,903411210,903411212,903411213,903411216,903411217,903411220,903411231,903411255,903411258,903411262,903411266,903411269,903411290,903411299,903411307,903411327,903411336,903411348)
 Cron execution ended at: 2022-05-13 16:20:39

***********************************************************

 Cron execution started at :2022-05-13 16:21:29 

 Total Count =>78

Total records SUCCESS: 0
() 
Total records FAIL: 2
(903411405,903411411) 
 Total records PENDING: 0
()
 Total records No Response: 76
(903410745,903410748,903410762,903410769,903410773,903410777,903410797,903410803,903410806,903410811,903410817,903410822,903410827,903410830,903410834,903410838,903410849,903410858,903410879,903410886,903410898,903410899,903410905,903410931,903410932,903410935,903410942,903410945,903410963,903410984,903410990,903410998,903410999,903411000,903411023,903411028,903411029,903411056,903411058,903411072,903411094,903411104,903411114,903411121,903411123,903411134,812319564,903411150,903411159,903411160,903411161,903411178,903411205,903411210,903411212,903411213,903411216,903411217,903411220,903411231,903411255,903411258,903411262,903411266,903411269,903411290,903411299,903411307,903411327,903411336,903411348,903411361,903411364,903411376,903411380,903411398)
 Cron execution ended at: 2022-05-13 16:27:48

***********************************************************

 Cron execution started at :2022-05-13 16:28:28 

 Total Count =>77

Total records SUCCESS: 0
() 
Total records FAIL: 1
(903411461) 
 Total records PENDING: 0
()
 Total records No Response: 76
(903410769,903410773,903410777,903410797,903410803,903410806,903410811,903410817,903410822,903410827,903410830,903410834,903410838,903410849,903410858,903410879,903410886,903410898,903410899,903410905,903410931,903410932,903410935,903410942,903410945,903410963,903410984,903410990,903410998,903410999,903411000,903411023,903411028,903411029,903411056,903411058,903411072,903411094,903411104,903411114,903411121,903411123,903411134,812319564,903411150,903411159,903411160,903411161,903411178,903411205,903411210,903411212,903411213,903411216,903411217,903411220,903411231,903411255,903411258,903411262,903411266,903411269,903411290,903411299,903411307,903411327,903411336,903411348,903411361,903411364,903411376,903411380,903411398,903411418,903411438,903411450)
 Cron execution ended at: 2022-05-13 16:34:31

***********************************************************

 Cron execution started at :2022-05-13 16:35:28 

 Total Count =>66

Total records SUCCESS: 0
() 
Total records FAIL: 0
() 
 Total records PENDING: 0
()
 Total records No Response: 66
(903410858,903410879,903410886,903410898,903410899,903410905,903410931,903410932,903410935,903410942,903410945,903410963,903410984,903410990,903410998,903410999,903411000,903411023,903411028,903411029,903411056,903411058,903411072,903411094,903411104,903411114,903411121,903411123,903411134,812319564,903411150,903411159,903411160,903411161,903411178,903411205,903411210,903411212,903411213,903411216,903411217,903411220,903411231,903411255,903411258,903411262,903411266,903411269,903411290,903411299,903411307,903411327,903411336,903411348,903411361,903411364,903411376,903411380,903411398,903411418,903411438,903411450,903411489,903411500,903411520,903411521)
 Cron execution ended at: 2022-05-13 16:40:49

***********************************************************

 Cron execution started at :2022-05-13 16:42:58 

 Total Count =>69

Total records SUCCESS: 0
() 
Total records FAIL: 3
(903411561,903411564,903411571) 
 Total records PENDING: 0
()
 Total records No Response: 66
(903410931,903410932,903410935,903410942,903410945,903410963,903410984,903410990,903410998,903410999,903411000,903411023,903411028,903411029,903411056,903411058,903411072,903411094,903411104,903411114,903411121,903411123,903411134,812319564,903411150,903411159,903411160,903411161,903411178,903411205,903411210,903411212,903411213,903411216,903411217,903411220,903411231,903411255,903411258,903411262,903411266,903411269,903411290,903411299,903411307,903411327,903411336,903411348,903411361,903411364,903411376,903411380,903411398,903411418,903411438,903411450,903411489,903411500,903411520,903411521,903411525,903411529,903411542,903411553,903411567,903411568)
 Cron execution ended at: 2022-05-13 16:49:00

***********************************************************

 Cron execution started at :2022-05-13 16:49:12 

 Total Count =>69

Total records SUCCESS: 0
() 
Total records FAIL: 0
() 
 Total records PENDING: 0
()
 Total records No Response: 69
(903410963,903410984,903410990,903410998,903410999,903411000,903411023,903411028,903411029,903411056,903411058,903411072,903411094,903411104,903411114,903411121,903411123,903411134,812319564,903411150,903411159,903411160,903411161,903411178,903411205,903411210,903411212,903411213,903411216,903411217,903411220,903411231,903411255,903411258,903411262,903411266,903411269,903411290,903411299,903411307,903411327,903411336,903411348,903411361,903411364,903411376,903411380,903411398,903411418,903411438,903411450,903411489,903411500,903411520,903411521,903411525,903411529,903411542,903411553,903411567,903411568,903411587,903411589,903411592,903411601,903411618,812319569,903411634,903411638)
 Cron execution ended at: 2022-05-13 16:54:55

***********************************************************

 Cron execution started at :2022-05-13 16:56:17 

 Total Count =>67

Total records SUCCESS: 0
() 
Total records FAIL: 2
(903411659,903411689) 
 Total records PENDING: 0
()
 Total records No Response: 65
(903411056,903411058,903411072,903411094,903411104,903411114,903411121,903411123,903411134,812319564,903411150,903411159,903411160,903411161,903411178,903411205,903411210,903411212,903411213,903411216,903411217,903411220,903411231,903411255,903411258,903411262,903411266,903411269,903411290,903411299,903411307,903411327,903411336,903411348,903411361,903411364,903411376,903411380,903411398,903411418,903411438,903411450,903411489,903411500,903411520,903411521,903411525,903411529,903411542,903411553,903411567,903411568,903411587,903411589,903411592,903411601,903411618,812319569,903411634,903411638,903411645,903411653,903411665,903411672,903411691)
 Cron execution ended at: 2022-05-13 17:02:03

***********************************************************

 Cron execution started at :2022-05-13 17:07:26 

 Total Count =>67

Total records SUCCESS: 0
() 
Total records FAIL: 0
() 
 Total records PENDING: 0
()
 Total records No Response: 67
(812319564,903411150,903411159,903411160,903411161,903411178,903411205,903411210,903411212,903411213,903411216,903411217,903411220,903411231,903411255,903411258,903411262,903411266,903411269,903411290,903411299,903411307,903411327,903411336,903411348,903411361,903411364,903411376,903411380,903411398,903411418,903411438,903411450,903411489,903411500,903411520,903411521,903411525,903411529,903411542,903411553,903411567,903411568,903411587,903411589,903411592,903411601,903411618,812319569,903411634,903411638,903411645,903411653,903411665,903411672,903411691,903411694,903411704,903411710,903411717,903411718,903411720,903411722,903411728,903411743,903411745,903411777)
 Cron execution ended at: 2022-05-13 17:13:28

***********************************************************

 Cron execution started at :2022-05-13 17:14:24 

 Total Count =>69

Total records SUCCESS: 0
() 
Total records FAIL: 1
(903411829) 
 Total records PENDING: 0
()
 Total records No Response: 68
(903411205,903411210,903411212,903411213,903411216,903411217,903411220,903411231,903411255,903411258,903411262,903411266,903411269,903411290,903411299,903411307,903411327,903411336,903411348,903411361,903411364,903411376,903411380,903411398,903411418,903411438,903411450,903411489,903411500,903411520,903411521,903411525,903411529,903411542,903411553,903411567,903411568,903411587,903411589,903411592,903411601,903411618,812319569,903411634,903411638,903411645,903411653,903411665,903411672,903411691,903411694,903411704,903411710,903411717,903411718,903411720,903411722,903411728,903411743,903411745,903411777,903411784,903411795,903411800,903411816,903411817,903411820,903411827)
 Cron execution ended at: 2022-05-13 17:20:34

***********************************************************

 Cron execution started at :2022-05-13 17:21:23 

 Total Count =>69

Total records SUCCESS: 0
() 
Total records FAIL: 0
() 
 Total records PENDING: 0
()
 Total records No Response: 69
(903411255,903411258,903411262,903411266,903411269,903411290,903411299,903411307,903411327,903411336,903411348,903411361,903411364,903411376,903411380,903411398,903411418,903411438,903411450,903411489,903411500,903411520,903411521,903411525,903411529,903411542,903411553,903411567,903411568,903411587,903411589,903411592,903411601,903411618,812319569,903411634,903411638,903411645,903411653,903411665,903411672,903411691,903411694,903411704,903411710,903411717,903411718,903411720,903411722,903411728,903411743,903411745,903411777,903411784,903411795,903411800,903411816,903411817,903411820,903411827,903411842,903411843,903411852,903411854,903411856,903411860,903411872,903411878,903411888)
 Cron execution ended at: 2022-05-13 17:27:25

***********************************************************

 Cron execution started at :2022-05-13 17:28:24 

 Total Count =>65

Total records SUCCESS: 0
() 
Total records FAIL: 1
(903411960) 
 Total records PENDING: 0
()
 Total records No Response: 64
(903411327,903411336,903411348,903411361,903411364,903411376,903411380,903411398,903411418,903411438,903411450,903411489,903411500,903411520,903411521,903411525,903411529,903411542,903411553,903411567,903411568,903411587,903411589,903411592,903411601,903411618,812319569,903411634,903411638,903411645,903411653,903411665,903411672,903411691,903411694,903411704,903411710,903411717,903411718,903411720,903411722,903411728,903411743,903411745,903411777,903411784,903411795,903411800,903411816,903411817,903411820,903411827,903411842,903411843,903411852,903411854,903411856,903411860,903411872,903411878,903411888,903411921,903411941,903411959)
 Cron execution ended at: 2022-05-13 17:34:00

***********************************************************

 Cron execution started at :2022-05-13 17:35:27 

 Total Count =>62

Total records SUCCESS: 0
() 
Total records FAIL: 1
(903411450) 
 Total records PENDING: 0
()
 Total records No Response: 61
(903411376,903411380,903411398,903411418,903411438,903411489,903411500,903411525,903411529,903411542,903411553,903411567,903411568,903411587,903411589,903411592,903411601,903411618,812319569,903411634,903411638,903411645,903411653,903411665,903411672,903411691,903411694,903411704,903411710,903411717,903411718,903411720,903411722,903411728,903411743,903411745,903411777,903411784,903411795,903411800,903411816,903411817,903411820,903411827,903411842,903411843,903411852,903411854,903411856,903411860,903411872,903411878,903411888,903411921,903411941,903411959,903411970,903411978,903411992,903411997,903412006)
 Cron execution ended at: 2022-05-13 17:40:30

***********************************************************

 Cron execution started at :2022-05-13 17:42:16 

 Total Count =>65

Total records SUCCESS: 0
() 
Total records FAIL: 0
() 
 Total records PENDING: 0
()
 Total records No Response: 65
(903411438,903411489,903411500,903411525,903411529,903411542,903411553,903411567,903411568,903411587,903411589,903411592,903411601,903411618,812319569,903411634,903411638,903411645,903411653,903411665,903411672,903411691,903411694,903411704,903411710,903411717,903411718,903411720,903411722,903411728,903411743,903411745,903411777,903411784,903411795,903411800,903411816,903411817,903411820,903411827,903411842,903411843,903411852,903411854,903411856,903411860,903411872,903411878,903411888,903411921,903411941,903411959,903411970,903411978,903411992,903411997,903412006,903412010,903412014,903412026,903412037,903412038,903412041,903412068,903412074)
 Cron execution ended at: 2022-05-13 17:47:31

***********************************************************

 Cron execution started at :2022-05-13 17:49:30 

 Total Count =>73

Total records SUCCESS: 0
() 
Total records FAIL: 1
(903412128) 
 Total records PENDING: 0
()
 Total records No Response: 72
(903411489,903411500,903411525,903411529,903411542,903411553,903411567,903411568,903411587,903411589,903411592,903411601,903411618,812319569,903411634,903411638,903411645,903411653,903411665,903411672,903411691,903411694,903411704,903411710,903411717,903411718,903411720,903411722,903411728,903411743,903411745,903411777,903411784,903411795,903411800,903411816,903411817,903411820,903411827,903411842,903411843,903411852,903411854,903411856,903411860,903411872,903411878,903411888,903411921,903411941,903411959,903411970,903411978,903411992,903411997,903412006,903412010,903412014,903412026,903412037,903412038,903412041,903412068,903412074,903412085,903412088,903412092,903412098,903412103,903412122,903412130,903412135)
 Cron execution ended at: 2022-05-13 17:55:27

***********************************************************

 Cron execution started at :2022-05-13 17:56:24 

 Total Count =>75

Total records SUCCESS: 0
() 
Total records FAIL: 2
(903412181,903412197) 
 Total records PENDING: 0
()
 Total records No Response: 73
(903411529,903411542,903411553,903411567,903411568,903411587,903411589,903411592,903411601,903411618,812319569,903411634,903411638,903411645,903411653,903411665,903411672,903411691,903411694,903411704,903411710,903411717,903411718,903411720,903411722,903411728,903411743,903411745,903411777,903411784,903411795,903411800,903411816,903411817,903411820,903411827,903411842,903411843,903411852,903411854,903411856,903411860,903411872,903411878,903411888,903411921,903411941,903411959,903411970,903411978,903411992,903411997,903412006,903412010,903412014,903412026,903412037,903412038,903412041,903412068,903412074,903412085,903412088,903412092,903412098,903412103,903412122,903412130,903412135,903412142,903412162,903412170,903412182)
 Cron execution ended at: 2022-05-13 18:02:28

***********************************************************

 Cron execution started at :2022-05-13 18:07:25 

 Total Count =>74

Total records SUCCESS: 0
() 
Total records FAIL: 3
(903412259,903412267,903412271) 
 Total records PENDING: 0
()
 Total records No Response: 71
(812319569,903411634,903411638,903411645,903411653,903411665,903411672,903411691,903411694,903411704,903411710,903411717,903411718,903411720,903411722,903411728,903411743,903411745,903411777,903411784,903411795,903411800,903411816,903411817,903411820,903411827,903411842,903411843,903411852,903411854,903411856,903411860,903411872,903411878,903411888,903411921,903411941,903411959,903411970,903411978,903411992,903411997,903412006,903412010,903412014,903412026,903412037,903412038,903412041,903412068,903412074,903412085,903412088,903412092,903412098,903412103,903412122,903412130,903412135,903412142,903412162,903412170,903412182,903412204,903412211,903412214,903412229,903412239,903412241,903412255,903412268)
 Cron execution ended at: 2022-05-13 18:12:41

***********************************************************

 Cron execution started at :2022-05-13 18:14:28 

 Total Count =>68

Total records SUCCESS: 0
() 
Total records FAIL: 0
() 
 Total records PENDING: 0
()
 Total records No Response: 68
(903411691,903411694,903411704,903411710,903411717,903411718,903411720,903411722,903411728,903411743,903411745,903411777,903411784,903411795,903411800,903411816,903411817,903411820,903411827,903411842,903411843,903411852,903411854,903411856,903411860,903411872,903411878,903411888,903411921,903411941,903411959,903411970,903411978,903411992,903411997,903412006,903412010,903412014,903412026,903412037,903412038,903412041,903412068,903412074,903412085,903412088,903412092,903412098,903412103,903412122,903412130,903412135,903412142,903412162,903412170,903412182,903412204,903412211,903412214,903412229,903412239,903412241,903412255,903412268,903412276,903412277,903412286,903412302)
 Cron execution ended at: 2022-05-13 18:19:17

***********************************************************

 Cron execution started at :2022-05-13 18:21:29 

 Total Count =>67

Total records SUCCESS: 0
() 
Total records FAIL: 2
(903412372,903412379) 
 Total records PENDING: 0
()
 Total records No Response: 65
(903411743,903411745,903411777,903411784,903411795,903411800,903411816,903411817,903411820,903411827,903411842,903411843,903411852,903411854,903411856,903411860,903411872,903411878,903411888,903411921,903411941,903411959,903411970,903411978,903411992,903411997,903412006,903412010,903412014,903412026,903412037,903412038,903412041,903412068,903412074,903412085,903412088,903412092,903412098,903412103,903412122,903412130,903412135,903412142,903412162,903412170,903412182,903412204,903412211,903412214,903412229,903412239,903412241,903412255,903412268,903412276,903412277,903412286,903412302,903412328,903412332,903412334,903412338,903412352,903412358)
 Cron execution ended at: 2022-05-13 18:26:11

***********************************************************

 Cron execution started at :2022-05-13 18:28:28 

 Total Count =>66

Total records SUCCESS: 0
() 
Total records FAIL: 0
() 
 Total records PENDING: 0
()
 Total records No Response: 66
(903411795,903411800,903411816,903411817,903411820,903411827,903411842,903411843,903411852,903411854,903411856,903411860,903411872,903411878,903411888,903411921,903411941,903411959,903411970,903411978,903411992,903411997,903412006,903412010,903412014,903412026,903412037,903412038,903412041,903412068,903412074,903412085,903412088,903412092,903412098,903412103,903412122,903412130,903412135,903412142,903412162,903412170,903412182,903412204,903412211,903412214,903412229,903412239,903412241,903412255,903412268,903412276,903412277,903412286,903412302,903412328,903412332,903412334,903412338,903412352,903412358,903412385,903412389,903412391,903412398,903412411)
 Cron execution ended at: 2022-05-13 18:32:34

***********************************************************

 Cron execution started at :2022-05-13 18:35:28 

 Total Count =>66

Total records SUCCESS: 0
() 
Total records FAIL: 2
(903412483,903412486) 
 Total records PENDING: 0
()
 Total records No Response: 64
(903411852,903411854,903411856,903411860,903411872,903411878,903411888,903411921,903411941,903411959,903411970,903411978,903411992,903411997,903412006,903412010,903412014,903412026,903412037,903412038,903412041,903412068,903412074,903412085,903412088,903412092,903412098,903412103,903412122,903412130,903412135,903412142,903412162,903412170,903412182,903412204,903412211,903412214,903412229,903412239,903412241,903412255,903412268,903412276,903412277,903412286,903412302,903412328,903412332,903412334,903412338,903412352,903412358,903412385,903412389,903412391,903412398,903412411,903412440,903412461,903412468,903412472,903412487,903412488)
 Cron execution ended at: 2022-05-13 18:39:45

***********************************************************

 Cron execution started at :2022-05-13 18:42:28 

 Total Count =>62

Total records SUCCESS: 0
() 
Total records FAIL: 0
() 
 Total records PENDING: 0
()
 Total records No Response: 62
(903411921,903411941,903411959,903411970,903411978,903411992,903411997,903412006,903412010,903412014,903412026,903412037,903412038,903412041,903412068,903412074,903412085,903412088,903412092,903412098,903412103,903412122,903412130,903412135,903412142,903412162,903412170,903412182,903412204,903412211,903412214,903412229,903412239,903412241,903412255,903412268,903412276,903412277,903412286,903412302,903412328,903412332,903412334,903412338,903412352,903412358,903412385,903412389,903412391,903412398,903412411,903412440,903412461,903412468,903412472,903412487,903412488,903412509,903412512,903412529,903412534,903412535)
 Cron execution ended at: 2022-05-13 18:46:29

***********************************************************

 Cron execution started at :2022-05-13 18:49:29 

 Total Count =>68

Total records SUCCESS: 0
() 
Total records FAIL: 2
(903412588,903412591) 
 Total records PENDING: 0
()
 Total records No Response: 66
(903411978,903411992,903411997,903412006,903412010,903412014,903412026,903412037,903412038,903412041,903412068,903412074,903412085,903412088,903412092,903412098,903412103,903412122,903412130,903412135,903412142,903412162,903412170,903412182,903412204,903412211,903412214,903412229,903412239,903412241,903412255,903412268,903412276,903412277,903412286,903412302,903412328,903412332,903412334,903412338,903412352,903412358,903412385,903412389,903412391,903412398,903412411,903412440,903412461,903412468,903412472,903412487,903412488,903412509,903412512,903412529,903412534,903412535,903412558,903412569,903412570,903412582,903412584,903412590,903412592,903412595)
 Cron execution ended at: 2022-05-13 18:54:09

***********************************************************

 Cron execution started at :2022-05-13 18:56:29 

 Total Count =>62

Total records SUCCESS: 0
() 
Total records FAIL: 0
() 
 Total records PENDING: 0
()
 Total records No Response: 62
(903412026,903412037,903412038,903412041,903412068,903412074,903412085,903412088,903412092,903412098,903412103,903412122,903412130,903412135,903412142,903412162,903412170,903412182,903412204,903412211,903412214,903412229,903412239,903412241,903412255,903412268,903412276,903412277,903412286,903412302,903412328,903412332,903412334,903412338,903412352,903412358,903412385,903412389,903412391,903412398,903412411,903412440,903412461,903412468,903412472,903412487,903412488,903412509,903412512,903412529,903412534,903412535,903412558,903412569,903412570,903412582,903412584,903412590,903412592,903412595,903412600,903412608)
 Cron execution ended at: 2022-05-13 19:00:42

***********************************************************

 Cron execution started at :2022-05-13 19:07:14 

 Total Count =>59

Total records SUCCESS: 0
() 
Total records FAIL: 5
(903412142,903412701,903412702,903412709,903412710) 
 Total records PENDING: 0
()
 Total records No Response: 54
(903412122,903412130,903412135,903412162,903412170,903412182,903412204,903412211,903412214,903412229,903412239,903412241,903412255,903412268,903412276,903412277,903412302,903412328,903412332,903412334,903412338,903412352,903412358,903412385,903412389,903412391,903412398,903412411,903412440,903412461,903412468,903412472,903412487,903412488,903412509,903412512,903412529,903412534,903412535,903412558,903412569,903412570,903412582,903412584,903412590,903412592,903412595,903412600,903412608,903412648,903412656,903412678,903412688,903412717)
 Cron execution ended at: 2022-05-13 19:11:21

***********************************************************

 Cron execution started at :2022-05-13 19:15:00 

 Total Count =>57

Total records SUCCESS: 0
() 
Total records FAIL: 0
() 
 Total records PENDING: 0
()
 Total records No Response: 57
(903412204,903412211,903412214,903412229,903412239,903412241,903412255,903412268,903412276,903412277,903412302,903412328,903412332,903412334,903412338,903412352,903412358,903412385,903412389,903412391,903412398,903412411,903412440,903412461,903412468,903412472,903412487,903412488,903412509,903412512,903412529,903412534,903412535,903412558,903412569,903412570,903412582,903412584,903412590,903412592,903412595,903412600,903412608,903412648,903412656,903412678,903412688,903412717,903412725,903412738,903412743,903412746,903412749,903412750,903412757,903412761,903412763)
 Cron execution ended at: 2022-05-13 19:18:49

***********************************************************

 Cron execution started at :2022-05-13 19:22:24 

 Total Count =>60

Total records SUCCESS: 0
() 
Total records FAIL: 2
(903412805,903412807) 
 Total records PENDING: 0
()
 Total records No Response: 58
(903412241,903412255,903412268,903412276,903412277,903412302,903412328,903412332,903412334,903412338,903412352,903412358,903412385,903412389,903412391,903412398,903412411,903412440,903412461,903412468,903412472,903412487,903412488,903412509,903412512,903412529,903412534,903412535,903412558,903412569,903412570,903412582,903412584,903412590,903412592,903412595,903412600,903412608,903412648,903412656,903412678,903412688,903412717,903412725,903412738,903412743,903412746,903412749,903412750,903412757,903412761,903412763,903412775,903412779,903412797,903412798,903412799,903412803)
 Cron execution ended at: 2022-05-13 19:27:01

***********************************************************

 Cron execution started at :2022-05-13 19:29:27 

 Total Count =>56

Total records SUCCESS: 0
() 
Total records FAIL: 3
(903412828,903412830,903412845) 
 Total records PENDING: 0
()
 Total records No Response: 53
(903412302,903412328,903412332,903412334,903412338,903412352,903412358,903412385,903412389,903412391,903412398,903412411,903412440,903412461,903412468,903412472,903412487,903412488,903412509,903412512,903412529,903412534,903412535,903412558,903412569,903412570,903412582,903412584,903412590,903412592,903412595,903412600,903412608,903412648,903412656,903412678,903412688,903412717,903412725,903412738,903412743,903412746,903412749,903412750,903412757,903412761,903412763,903412775,903412779,903412797,903412798,903412799,903412803)
 Cron execution ended at: 2022-05-13 19:34:13

***********************************************************

 Cron execution started at :2022-05-13 19:36:24 

 Total Count =>51

Total records SUCCESS: 0
() 
Total records FAIL: 0
() 
 Total records PENDING: 0
()
 Total records No Response: 51
(903412352,903412358,903412385,903412389,903412391,903412398,903412411,903412440,903412461,903412468,903412472,903412487,903412488,903412509,903412512,903412529,903412534,903412535,903412558,903412569,903412570,903412582,903412584,903412590,903412592,903412595,903412600,903412608,903412648,903412656,903412678,903412688,903412717,903412725,903412738,903412743,903412746,903412749,903412750,903412757,903412761,903412763,903412775,903412779,903412797,903412798,903412799,903412803,903412863,903412871,903412892)
 Cron execution ended at: 2022-05-13 19:40:43

***********************************************************

 Cron execution started at :2022-05-13 19:43:15 

 Total Count =>58

Total records SUCCESS: 0
() 
Total records FAIL: 4
(903412937,903412940,903412942,903412946) 
 Total records PENDING: 0
()
 Total records No Response: 54
(903412411,903412440,903412461,903412468,903412472,903412487,903412488,903412509,903412512,903412529,903412534,903412535,903412558,903412569,903412570,903412582,903412584,903412590,903412592,903412595,903412600,903412608,903412648,903412656,903412678,903412688,903412717,903412725,903412738,903412743,903412746,903412749,903412750,903412757,903412761,903412763,903412775,903412779,903412797,903412798,903412799,903412803,903412863,903412871,903412892,903412904,903412908,903412912,903412919,903412927,903412930,903412932,35223,903412947)
 Cron execution ended at: 2022-05-13 19:48:40

***********************************************************

 Cron execution started at :2022-05-13 20:08:29 

 Total Count =>69

Total records SUCCESS: 0
() 
Total records FAIL: 12
(903413059,903413063,903413067,903413074,903413096,903413106,903413108,903413110,903413134,903413135,903413141,903413169) 
 Total records PENDING: 0
()
 Total records No Response: 57
(903412592,903412595,903412600,903412608,903412648,903412656,903412678,903412688,903412717,903412725,903412738,903412743,903412746,903412749,903412750,903412757,903412761,903412763,903412775,903412779,903412797,903412798,903412799,903412803,903412863,903412871,903412892,903412904,903412908,903412912,903412919,903412927,903412930,903412932,35223,903412947,903412955,903412965,903412982,903413006,903413023,903413024,903413031,903413042,903413044,903413049,903413056,903413084,903413085,903413090,903413091,903413092,903413102,903413120,903413137,903413145,903413177)
 Cron execution ended at: 2022-05-13 20:16:06

***********************************************************

 Cron execution started at :2022-05-13 20:21:46 

 Total Count =>68

Total records SUCCESS: 0
() 
Total records FAIL: 4
(903413278,903413283,903413288,903413298) 
 Total records PENDING: 0
()
 Total records No Response: 64
(903412678,903412688,903412717,903412725,903412738,903412743,903412746,903412749,903412750,903412757,903412761,903412763,903412775,903412779,903412797,903412798,903412799,903412803,903412863,903412871,903412892,903412904,903412908,903412912,903412919,903412927,903412930,903412932,35223,903412947,903412955,903412965,903412982,903413006,903413023,903413024,903413031,903413042,903413044,903413049,903413056,903413084,903413085,903413090,903413091,903413092,903413102,903413120,903413137,903413145,903413177,903413183,903413197,903413215,903413227,903413231,903413232,903413233,903413243,903413249,903413260,903413270,903413275,903413290)
 Cron execution ended at: 2022-05-13 20:28:44

***********************************************************

 Cron execution started at :2022-05-13 20:35:23 

 Total Count =>62

Total records SUCCESS: 0
() 
Total records FAIL: 2
(903413410,903413415) 
 Total records PENDING: 0
()
 Total records No Response: 60
(903412775,903412779,903412797,903412798,903412799,903412803,903412863,903412871,903412892,903412904,903412908,903412912,903412919,903412927,903412930,903412932,35223,903412947,903412955,903412965,903412982,903413006,903413023,903413024,903413031,903413042,903413044,903413049,903413056,903413084,903413085,903413090,903413091,903413092,903413102,903413120,903413137,903413145,903413177,903413183,903413197,903413215,903413227,903413231,903413232,903413233,903413243,903413249,903413260,903413270,903413275,903413290,903413332,903413350,903413351,903413353,903413354,903413380,903413409,903413412)
 Cron execution ended at: 2022-05-13 20:41:38

***********************************************************

 Cron execution started at :2022-05-13 20:42:18 

 Total Count =>60

Total records SUCCESS: 0
() 
Total records FAIL: 1
(903413480) 
 Total records PENDING: 0
()
 Total records No Response: 59
(903412863,903412871,903412892,903412904,903412908,903412912,903412919,903412927,903412930,903412932,35223,903412947,903412955,903412965,903412982,903413006,903413023,903413024,903413031,903413042,903413044,903413049,903413056,903413084,903413085,903413090,903413091,903413092,903413102,903413120,903413137,903413145,903413177,903413183,903413197,903413215,903413227,903413231,903413232,903413233,903413243,903413249,903413260,903413270,903413275,903413290,903413332,903413350,903413351,903413353,903413354,903413380,903413409,903413412,903413421,903413426,903413428,903413436,903413476)
 Cron execution ended at: 2022-05-13 20:48:10

***********************************************************

 Cron execution started at :2022-05-13 20:49:28 

 Total Count =>73

Total records SUCCESS: 0
() 
Total records FAIL: 4
(903413527,903413540,903413544,903413548) 
 Total records PENDING: 0
()
 Total records No Response: 69
(903412863,903412871,903412892,903412904,903412908,903412912,903412919,903412927,903412930,903412932,35223,903412947,903412955,903412965,903412982,903413006,903413023,903413024,903413031,903413042,903413044,903413049,903413056,903413084,903413085,903413090,903413091,903413092,903413102,903413120,903413137,903413145,903413177,903413183,903413197,903413215,903413227,903413231,903413232,903413233,903413243,903413249,903413260,903413270,903413275,903413290,903413332,903413350,903413351,903413353,903413354,903413380,903413409,903413412,903413421,903413426,903413428,903413436,903413476,903413492,903413499,903413504,903413512,903413518,903413519,903413526,903413531,903413535,903413550)
 Cron execution ended at: 2022-05-13 20:56:38

***********************************************************

 Cron execution started at :2022-05-13 21:00:30 

 Total Count =>66

Total records SUCCESS: 0
() 
Total records FAIL: 7
(903412932,903412955,903412965,903413044,903413102,903413627,903413639) 
 Total records PENDING: 0
()
 Total records No Response: 59
(903412930,35223,903412947,903412982,903413006,903413023,903413031,903413042,903413049,903413056,903413084,903413085,903413090,903413091,903413092,903413120,903413137,903413145,903413177,903413183,903413197,903413215,903413227,903413231,903413232,903413233,903413243,903413249,903413260,903413270,903413275,903413290,903413332,903413350,903413351,903413353,903413354,903413380,903413409,903413412,903413421,903413426,903413428,903413436,903413476,903413492,903413499,903413504,903413512,903413518,903413519,903413526,903413531,903413535,903413550,903413565,903413597,903413616,903413624)
 Cron execution ended at: 2022-05-13 21:06:45

***********************************************************

 Cron execution started at :2022-05-13 21:07:30 

 Total Count =>60

Total records SUCCESS: 0
() 
Total records FAIL: 5
(903413031,903413084,903413085,903413698,903413713) 
 Total records PENDING: 0
()
 Total records No Response: 55
(903413023,903413042,903413049,903413056,903413090,903413091,903413092,903413120,903413137,903413145,903413177,903413183,903413197,903413215,903413227,903413231,903413232,903413233,903413243,903413249,903413260,903413270,903413275,903413290,903413332,903413350,903413351,903413353,903413354,903413380,903413409,903413412,903413421,903413426,903413428,903413436,903413476,903413492,903413499,903413504,903413512,903413518,903413519,903413526,903413531,903413535,903413550,903413565,903413597,903413616,903413624,903413664,903413686,903413701,903413706)
 Cron execution ended at: 2022-05-13 21:13:14

***********************************************************

 Cron execution started at :2022-05-13 21:14:25 

 Total Count =>53

Total records SUCCESS: 0
() 
Total records FAIL: 1
(903413092) 
 Total records PENDING: 0
()
 Total records No Response: 52
(903413056,903413090,903413091,903413120,903413137,903413145,903413177,903413183,903413197,903413215,903413227,903413231,903413232,903413233,903413243,903413249,903413260,903413270,903413275,903413290,903413332,903413350,903413351,903413353,903413354,903413380,903413409,903413412,903413421,903413426,903413428,903413436,903413476,903413492,903413499,903413504,903413512,903413518,903413519,903413526,903413531,903413535,903413550,903413565,903413597,903413616,903413624,903413664,903413686,903413701,903413706,903413726)
 Cron execution ended at: 2022-05-13 21:18:59

***********************************************************

 Cron execution started at :2022-05-13 21:21:25 

 Total Count =>56

Total records SUCCESS: 0
() 
Total records FAIL: 3
(903413813,903413815,903413820) 
 Total records PENDING: 0
()
 Total records No Response: 53
(903413120,903413137,903413145,903413177,903413183,903413197,903413215,903413227,903413231,903413232,903413233,903413243,903413249,903413260,903413270,903413275,903413290,903413332,903413350,903413351,903413353,903413354,903413380,903413409,903413412,903413421,903413426,903413428,903413436,903413476,903413492,903413499,903413504,903413512,903413518,903413519,903413526,903413531,903413535,903413550,903413565,903413597,903413616,903413624,903413664,903413686,903413701,903413706,903413726,903413766,903413768,903413771,903413784)
 Cron execution ended at: 2022-05-13 21:26:24

***********************************************************

 Cron execution started at :2022-05-13 21:28:29 

 Total Count =>55

Total records SUCCESS: 0
() 
Total records FAIL: 1
(903413870) 
 Total records PENDING: 0
()
 Total records No Response: 54
(903413183,903413197,903413215,903413227,903413231,903413232,903413233,903413243,903413249,903413260,903413270,903413275,903413290,903413332,903413350,903413351,903413353,903413354,903413380,903413409,903413412,903413421,903413426,903413428,903413436,903413476,903413492,903413499,903413504,903413512,903413518,903413519,903413526,903413531,903413535,903413550,903413565,903413597,903413616,903413624,903413664,903413686,903413701,903413706,903413726,903413766,903413768,903413771,903413784,903413824,903413835,903413839,903413862,903413878)
 Cron execution ended at: 2022-05-13 21:33:23

***********************************************************

 Cron execution started at :2022-05-13 21:35:23 

 Total Count =>54

Total records SUCCESS: 0
() 
Total records FAIL: 3
(903413925,903413931,903413932) 
 Total records PENDING: 0
()
 Total records No Response: 51
(903413243,903413249,903413260,903413270,903413275,903413290,903413332,903413350,903413351,903413353,903413354,903413380,903413409,903413412,903413421,903413426,903413428,903413436,903413476,903413492,903413499,903413504,903413512,903413518,903413519,903413526,903413531,903413535,903413550,903413565,903413597,903413616,903413624,903413664,903413686,903413701,903413706,903413726,903413766,903413768,903413771,903413784,903413824,903413835,903413839,903413862,903413878,903413903,903413920,903413924,903413929)
 Cron execution ended at: 2022-05-13 21:40:22

***********************************************************

 Cron execution started at :2022-05-13 21:42:23 

 Total Count =>50

Total records SUCCESS: 0
() 
Total records FAIL: 2
(903413977,903413978) 
 Total records PENDING: 0
()
 Total records No Response: 48
(903413332,903413350,903413351,903413353,903413354,903413380,903413409,903413412,903413421,903413426,903413428,903413436,903413476,903413492,903413499,903413504,903413512,903413518,903413519,903413526,903413531,903413535,903413550,903413565,903413597,903413616,903413624,903413664,903413686,903413701,903413706,903413726,903413766,903413768,903413771,903413784,903413824,903413835,903413839,903413862,903413878,903413903,903413920,903413924,903413929,903413964,903413969,903413984)
 Cron execution ended at: 2022-05-13 21:47:05

***********************************************************

 Cron execution started at :2022-05-13 21:49:20 

 Total Count =>48

Total records SUCCESS: 0
() 
Total records FAIL: 2
(903414036,903414051) 
 Total records PENDING: 0
()
 Total records No Response: 46
(903413380,903413409,903413412,903413421,903413426,903413428,903413436,903413476,903413492,903413499,903413504,903413512,903413518,903413519,903413526,903413531,903413535,903413550,903413565,903413597,903413616,903413624,903413664,903413686,903413701,903413706,903413726,903413766,903413768,903413771,903413784,903413824,903413835,903413839,903413862,903413878,903413903,903413920,903413924,903413929,903413964,903413969,903413984,903413990,903413993,903414014)
 Cron execution ended at: 2022-05-13 21:54:00

***********************************************************

 Cron execution started at :2022-05-13 21:56:07 

 Total Count =>49

Total records SUCCESS: 0
() 
Total records FAIL: 3
(903414105,903414109,903414117) 
 Total records PENDING: 0
()
 Total records No Response: 46
(903413428,903413436,903413476,903413492,903413499,903413504,903413512,903413518,903413519,903413526,903413531,903413535,903413550,903413565,903413597,903413616,903413624,903413664,903413686,903413701,903413706,903413726,903413766,903413768,903413771,903413784,903413824,903413835,903413839,903413862,903413878,903413903,903413920,903413924,903413929,903413964,903413969,903413984,903413990,903413993,903414014,903414063,903414073,903414087,903414090,903414092)
 Cron execution ended at: 2022-05-13 22:00:57

***********************************************************

 Cron execution started at :2022-05-13 22:07:29 

 Total Count =>38

Total records SUCCESS: 0
() 
Total records FAIL: 4
(903413550,903413565,903413686,903413706) 
 Total records PENDING: 0
()
 Total records No Response: 34
(903413535,903413616,903413726,903413766,903413768,903413771,903413784,903413824,903413835,903413839,903413862,903413878,903413903,903413920,903413924,903413929,903413964,903413969,903413984,903413990,903413993,903414014,903414063,903414073,903414087,903414090,903414092,903414147,903414161,903414169,903414170,903414186,903414211,903414224)
 Cron execution ended at: 2022-05-13 22:10:46

***********************************************************

 Cron execution started at :2022-05-13 22:14:31 

 Total Count =>42

Total records SUCCESS: 0
() 
Total records FAIL: 3
(903414286,903414288,903414289) 
 Total records PENDING: 0
()
 Total records No Response: 39
(903413616,903413726,903413766,903413768,903413771,903413784,903413824,903413835,903413839,903413862,903413878,903413903,903413920,903413924,903413929,903413964,903413969,903413984,903413990,903413993,903414014,903414063,903414073,903414087,903414090,903414092,903414147,903414161,903414169,903414170,903414186,903414211,903414224,903414259,903414261,903414273,903414276,903414283,903414284)
 Cron execution ended at: 2022-05-13 22:18:05

***********************************************************

 Cron execution started at :2022-05-13 22:21:59 

 Total Count =>46

Total records SUCCESS: 0
() 
Total records FAIL: 4
(903414352,903414354,903414364,903414370) 
 Total records PENDING: 0
()
 Total records No Response: 42
(903413726,903413766,903413768,903413771,903413784,903413824,903413835,903413839,903413862,903413878,903413903,903413920,903413924,903413929,903413964,903413969,903413984,903413990,903413993,903414014,903414063,903414073,903414087,903414090,903414092,903414147,903414161,903414169,903414170,903414186,903414211,903414224,903414259,903414261,903414273,903414276,903414283,903414284,903414315,903414322,903414329,903414357)
 Cron execution ended at: 2022-05-13 22:26:14

***********************************************************

 Cron execution started at :2022-05-13 22:28:57 

 Total Count =>52

Total records SUCCESS: 0
() 
Total records FAIL: 5
(903414416,903414426,903414428,35225,35226) 
 Total records PENDING: 0
()
 Total records No Response: 47
(903413726,903413766,903413768,903413771,903413784,903413824,903413835,903413839,903413862,903413878,903413903,903413920,903413924,903413929,903413964,903413969,903413984,903413990,903413993,903414014,903414063,903414073,903414087,903414090,903414092,903414147,903414161,903414169,903414170,903414186,903414211,903414224,903414259,903414261,903414273,903414276,903414283,903414284,903414315,903414322,903414329,903414357,903414409,903414414,903414425,903414434,903414439)
 Cron execution ended at: 2022-05-13 22:33:41

***********************************************************

 Cron execution started at :2022-05-13 22:35:59 

 Total Count =>53

Total records SUCCESS: 0
() 
Total records FAIL: 2
(903414474,903414483) 
 Total records PENDING: 0
()
 Total records No Response: 51
(903413784,903413824,903413835,903413839,903413862,903413878,903413903,903413920,903413924,903413929,903413964,903413969,903413984,903413990,903413993,903414014,903414063,903414073,903414087,903414090,903414092,903414147,903414161,903414169,903414170,903414186,903414211,903414224,903414259,903414261,903414273,903414276,903414283,903414284,903414315,903414322,903414329,903414357,903414409,903414414,903414425,903414434,903414439,903414443,903414447,903414477,903414485,903414491,903414495,903414498,903414499)
 Cron execution ended at: 2022-05-13 22:41:13

***********************************************************

 Cron execution started at :2022-05-13 22:42:28 

 Total Count =>58

Total records SUCCESS: 0
() 
Total records FAIL: 4
(903414532,903414544,903414545,903414556) 
 Total records PENDING: 0
()
 Total records No Response: 54
(903413835,903413839,903413862,903413878,903413903,903413920,903413924,903413929,903413964,903413969,903413984,903413990,903413993,903414014,903414063,903414073,903414087,903414090,903414092,903414147,903414161,903414169,903414170,903414186,903414211,903414224,903414259,903414261,903414273,903414276,903414283,903414284,903414315,903414322,903414329,903414357,903414409,903414414,903414425,903414434,903414439,903414443,903414447,903414477,903414485,903414491,903414495,903414498,903414499,903414501,903414509,903414521,903414533,903414557)
 Cron execution ended at: 2022-05-13 22:48:28

***********************************************************

 Cron execution started at :2022-05-13 22:49:29 

 Total Count =>67

Total records SUCCESS: 0
() 
Total records FAIL: 4
(903414587,903414593,903414602,903414625) 
 Total records PENDING: 0
()
 Total records No Response: 63
(903413903,903413920,903413924,903413929,903413964,903413969,903413984,903413990,903413993,903414014,903414063,903414073,903414087,903414090,903414092,903414147,903414161,903414169,903414170,903414186,903414211,903414224,903414259,903414261,903414273,903414276,903414283,903414284,903414315,903414322,903414329,903414357,903414409,903414414,903414425,903414434,903414439,903414443,903414447,903414477,903414485,903414491,903414495,903414498,903414499,903414501,903414509,903414521,903414533,903414557,903414576,903414580,903414583,903414589,903414597,903414608,903414610,903414613,903414614,903414619,903414621,903414623,903414626)
 Cron execution ended at: 2022-05-13 22:56:28

***********************************************************

 Cron execution started at :2022-05-13 23:00:02 

 Total Count =>66

Total records SUCCESS: 0
() 
Total records FAIL: 12
(903413964,903413969,903413984,903413990,903413993,903414014,903414063,903414092,903414161,903414169,903414682,903414687) 
 Total records PENDING: 0
()
 Total records No Response: 54
(903414073,903414087,903414090,903414147,903414170,903414186,903414211,903414224,903414259,903414261,903414273,903414276,903414283,903414284,903414315,903414322,903414329,903414357,903414409,903414414,903414425,903414434,903414439,903414443,903414447,903414477,903414485,903414491,903414495,903414498,903414499,903414501,903414509,903414521,903414533,903414557,903414576,903414580,903414583,903414589,903414597,903414608,903414610,903414613,903414614,903414619,903414621,903414623,903414626,35227,903414652,903414655,903414672,903414676)
 Cron execution ended at: 2022-05-13 23:06:53

***********************************************************

 Cron execution started at :2022-05-13 23:07:01 

 Total Count =>66

Total records SUCCESS: 0
() 
Total records FAIL: 6
(903414740,903414751,903414752,903414771,903414773,903414774) 
 Total records PENDING: 0
()
 Total records No Response: 60
(903414073,903414087,903414090,903414147,903414170,903414186,903414211,903414224,903414259,903414261,903414273,903414276,903414283,903414284,903414315,903414322,903414329,903414357,903414409,903414414,903414425,903414434,903414439,903414443,903414447,903414477,903414485,903414491,903414495,903414498,903414499,903414501,903414509,903414521,903414533,903414557,903414576,903414580,903414583,903414589,903414597,903414608,903414610,903414613,903414614,903414619,903414621,903414623,903414626,35227,903414652,903414655,903414672,903414676,903414716,903414724,903414741,903414745,903414756,903414781)
 Cron execution ended at: 2022-05-13 23:13:49

***********************************************************

 Cron execution started at :2022-05-13 23:14:01 

 Total Count =>71

Total records SUCCESS: 0
() 
Total records FAIL: 5
(903414821,903414824,903414825,903414834,903414836) 
 Total records PENDING: 0
()
 Total records No Response: 66
(903414147,903414170,903414186,903414211,903414224,903414259,903414261,903414273,903414276,903414283,903414284,903414315,903414322,903414329,903414357,903414409,903414414,903414425,903414434,903414439,903414443,903414447,903414477,903414485,903414491,903414495,903414498,903414499,903414501,903414509,903414521,903414533,903414557,903414576,903414580,903414583,903414589,903414597,903414608,903414610,903414613,903414614,903414619,903414621,903414623,903414626,35227,903414652,903414655,903414672,903414676,903414716,903414724,903414741,903414745,903414756,903414781,903414790,903414796,903414806,903414812,903414819,903414822,903414827,903414832,903414838)
 Cron execution ended at: 2022-05-13 23:21:48

***********************************************************

 Cron execution started at :2022-05-13 23:28:01 

 Total Count =>82

Total records SUCCESS: 0
() 
Total records FAIL: 4
(903414931,903414952,903414964,903414972) 
 Total records PENDING: 0
()
 Total records No Response: 78
(903414259,903414261,903414273,903414276,903414283,903414284,903414315,903414322,903414329,903414357,903414409,903414414,903414425,903414434,903414439,903414443,903414447,903414477,903414485,903414491,903414495,903414498,903414499,903414501,903414509,903414521,903414533,903414557,903414576,903414580,903414583,903414589,903414597,903414608,903414610,903414613,903414614,903414619,903414621,903414623,903414626,35227,903414652,903414655,903414672,903414676,903414716,903414724,903414741,903414745,903414756,903414781,903414790,903414796,903414806,903414812,903414819,903414822,903414827,903414832,903414838,903414841,903414844,903414848,903414864,903414870,903414871,903414874,903414876,903414880,903414892,903414912,903414933,903414937,903414940,903414947,903414960,903414961)
 Cron execution ended at: 2022-05-13 23:37:43

***********************************************************

 Cron execution started at :2022-05-13 23:42:02 

 Total Count =>84

Total records SUCCESS: 0
() 
Total records FAIL: 14
(903414447,903414499,903414533,903414557,903414576,903414589,903414597,903414608,903414621,903414623,903414626,903415067,903415074,903415097) 
 Total records PENDING: 0
()
 Total records No Response: 69
(903414409,903414414,903414425,903414434,903414439,903414443,903414477,903414485,903414491,903414495,903414498,903414501,903414509,903414521,903414580,903414583,903414610,903414613,903414614,903414619,35227,903414652,903414655,903414672,903414676,903414716,903414724,903414741,903414745,903414756,903414781,903414790,903414796,903414806,903414812,903414819,903414822,903414827,903414832,903414838,903414841,903414844,903414848,903414864,903414870,903414871,903414874,903414876,903414880,903414892,903414912,903414933,903414937,903414940,903414947,903414960,903414961,903414978,903414981,903414982,903414998,903415030,903415036,903415037,903415055,903415078,903415081,903415082,903415089)
 Cron execution ended at: 2022-05-13 23:52:09
