
***********************************************************

 Cron execution started at :2021-03-21 23:58:02 

 Total Count =>67

Total records SUCCESS: 2
(812246183,812246229) 
Total records FAIL: 2
(902713879,902713884) 
 Total records PENDING: 0
()
 Total records No Response: 63
(812246163,812246164,812246165,812246166,812246167,902713672,812246168,812246169,902713682,812246173,902713687,902713689,902713691,812246175,812246176,902713702,902713704,902713712,812246179,812246182,902713717,902713722,902713727,902713729,812246191,902713741,902713744,902713746,902713748,902713751,902713757,902713769,902713774,812246203,902713780,812246206,902713786,812246208,902713787,812246213,902713796,902713805,902713809,902713810,902713812,812246216,902713818,812246220,812246221,812246222,812246223,902713821,812246225,902713825,812246227,812246230,902713834,902713856,902713864,812246242,902713876,902713880,902713883)
 Cron execution ended at: 2021-03-22 00:00:31
