
***********************************************************

 Cron execution started at :2022-09-30 23:50:02 

 Total Count =>509

Total records SUCCESS: 0
() 
Total records FAIL: 0
() 
 Total records PENDING: 75
(903704804,903704856,903704923,903704949,903704988,903705049,903705101,903705123,903705152,903705157,903705158,903705167,903705202,903705227,903705265,903705270,903705327,903705332,903705347,903705387,903705404,903705416,903705444,903705460,903705471,903705475,903705486,903705487,903705527,903705556,903705588,903705571,903705593,903705608,903705624,903705643,903705644,903705658,903705689,903705691,903705702,903705711,903705764,903705776,903705846,903705858,903705863,903705891,903705890,903705893,903705896,903705902,903705907,903705947,903705981,903705990,903706010,903706014,903706039,903706049,903706052,903706067,903706076,903706093,903706096,903706129,903706135,903706160,903706187,903706206,903706208,903706234,903706246,903706267,903706324)
 Total records No Response: 434
(903704710,903704703,903704722,903704557,903704561,903704565,903704568,903704740,903704746,903704578,903704749,903704742,903704752,903704758,903704754,903704593,903704762,903704606,903704613,903704784,903704782,903704618,903704621,903704628,903704798,903704810,903704637,903704814,903704811,903704823,903704660,903704666,903704671,903704847,903704851,903704677,903704679,903704681,903704861,903704690,903704695,903704872,903704874,903704885,903704878,903704890,903704701,903704894,903704875,903704708,903704712,903704713,903704908,903704715,903704906,903704913,903704914,903704920,903704917,903704918,903704729,903704927,903704737,903704944,903704929,903704931,903704748,903704952,903704760,903704763,903704966,903704769,903704771,903704976,903704985,903704986,903704793,903704802,903704992,903705016,903705014,903704826,903705006,903704833,903704837,903705031,903704846,903705032,903705044,903704863,903705050,903704868,903705060,903704871,903705056,903704873,903705061,903705062,903705065,903705070,903704879,903704888,903704891,903705071,903704893,903704899,903704903,903705079,903704907,903704910,903705090,903705084,903705073,903705093,903705096,903704922,903704924,903704926,903705098,903705108,903705111,903705112,903705095,903705121,903705128,903705127,903704964,903705136,903705144,903705159,903705145,903704990,903705176,903705169,903705177,903705179,903705003,903705186,903705183,903705193,903705022,903705203,903705028,903705209,903705217,903705212,903705040,903705230,903705245,903705250,903705260,903705262,903705068,903705076,903705085,903705091,903705281,903705283,903705287,903705291,903705105,903705107,903705109,903705297,903705116,903705117,903705300,903705301,903705119,903705289,903705313,903705150,903705151,903705321,903705324,903705326,903705162,903705338,903705340,903705175,903705352,903705182,903705184,903705359,903705190,903705192,903705197,903705367,903705369,903705375,903705378,903705213,903705216,903705221,903705388,903705383,903705405,903705400,903705240,903705249,903705255,903705258,903705425,903705434,903705440,903705274,903705436,903705280,903705446,903705451,903705294,903705461,903705304,903705472,903705312,903705314,903705494,903705497,903705502,903705495,903705501,903705505,903705354,903705496,903705498,903705365,903705530,903705529,903705386,903705551,903705531,903705567,903705407,903705580,903705584,903705424,903705430,903705442,903705605,903705607,903705450,903705611,903705615,903705618,903705465,903705466,903705626,903705633,903705634,903705635,903705489,903705671,903705678,903705680,903705694,903705542,903705546,903705703,903705548,903705708,903705716,903705695,903705719,903705714,903705570,903705576,903705582,903705753,903705752,903705586,903705587,903705590,903705744,903705606,903705755,903705771,903705772,903705774,903705612,903705759,903705614,903705783,903705786,903705622,903705782,903705788,903705792,903705794,903705629,903705802,903705801,903705797,903705640,903705805,903705647,903705817,903705813,903705654,903705659,903705811,903705837,903705838,903705677,903705854,903705686,903705687,903705696,903705865,903705864,903705848,903705867,903705869,903705877,903705722,903705727,903705748,903705749,903705756,903705938,903705940,903705780,903705952,903705800,903705954,903705968,903705815,903705979,903705973,903705820,903705984,903705842,903705991,903706003,903706002,903706005,903705992,903706016,903705870,903705874,903706045,903706048,903705903,903706053,903705908,903705911,903705912,903706044,903705916,903705918,903705919,903705922,903706082,903706084,903705933,903706089,903705943,903705945,903706099,903705950,903706104,903706092,903705956,903706109,903705963,903705965,903706120,903706122,903705971,903706124,903706125,903705982,903705983,903705988,903706139,903706008,903706157,903706024,903706167,903706030,903706172,903706156,903706038,903706158,903706183,903706050,903706188,903706191,903706200,903706179,903706060,903706061,903706070,903706209,903706201,903706203,903706215,903706213,903706225,903706216,903706228,903706094,903706237,903706236,903706238,903706100,903706113,903706116,903706258,903706126,903706131,903706133,903706269,903706140,903706147,903706150,903706288,903706292,903706294,903706164,903706174,903706177,903706306,903706308,903706315,903706195,903706211,903706212,903706214,903706219,903706226,903706358,903706239,903706240,903706379)
 Cron execution ended at: 2022-10-01 00:02:24
