
***********************************************************

 Cron execution started at :2021-03-11 23:57:02 

 Total Count =>109

Total records SUCCESS: 7
(812235324,812235326,812235338,812235399,812235404,812235412,812235483) 
Total records FAIL: 5
(902672042,812235424,812235488,902672306,902672312) 
 Total records PENDING: 0
()
 Total records No Response: 97
(902671593,902671594,902671605,812235330,902671648,902671649,902671659,812235339,902671669,902671685,902671704,902671738,902671747,902671801,902671833,902671836,902671839,902671857,902671860,902671862,902671867,902671874,812235392,902671899,902671913,902671917,902671928,812235402,812235405,812235407,902671983,902671989,812235410,902671996,902672001,902672007,902672019,902672031,902672032,812235420,902672062,812235421,902672080,902672100,812235430,902672112,902672120,902672121,902672131,902672138,902672143,902672145,812235437,812235438,812235439,812235441,812235442,812235444,812235445,812235446,812235447,812235448,812235449,812235450,812235452,812235453,812235454,812235455,812235456,812235457,902672172,902672179,812235459,902672190,902672199,902672204,902672216,812235467,902672235,902672238,902672246,902672252,812235473,812235474,902672265,902672267,902672275,902672277,812235479,902672281,902672282,902672283,902672284,902672286,902672295,902672300,902672318)
 Cron execution ended at: 2021-03-12 00:04:07
