
***********************************************************

 Cron execution started at :2023-02-16 01:30:02 

 Total Count =>244

Total records SUCCESS: 1
(903863659) 
Total records FAIL: 0
() 
 Total records PENDING: 25
(903863578,903863589,36797,812368094,903863617,812368113,812368148,903863650,812368190,903863670,812368204,903863685,903863711,903863722,903863728,903863735,903863746,812368267,812368268,903863793,903863804,903863805,903863840,903863856,903863861)
 Total records No Response: 218
(812368084,903863577,903863597,903863594,903863595,903863599,812368089,812368090,812368091,903863601,903863602,903863603,903863608,812368098,903863609,903863610,903863612,903863620,903863619,903863622,903863624,903863625,903863626,903863627,903863628,812368112,903863633,812368102,812368103,812368104,812368105,812368106,812368107,812368108,812368110,903863630,812368115,812368116,812368117,903863635,903863636,903863637,903863638,812368120,812368121,812368124,812368125,812368126,812368127,812368128,903863640,812368129,812368130,812368131,812368132,812368133,812368134,812368135,812368136,812368137,812368138,812368139,812368140,812368141,812368142,812368143,812368144,812368145,812368146,812368147,903863642,812368155,903863646,812368162,812368163,812368164,812368165,812368169,812368170,812368174,812368176,812368177,812368178,812368184,903863656,812368181,903863657,903863658,812368188,812368189,903863663,903863664,903863665,812368197,812368198,812368199,903863669,812368203,903863674,812368209,903863676,812368205,812368206,812368207,812368208,812368211,903863678,812368212,812368213,812368214,812368216,812368217,812368218,812368219,812368223,812368224,812368225,812368226,812368227,812368228,903863688,903863689,903863693,903863692,812368231,812368232,812368234,903863698,903863708,903863704,903863705,903863718,812368241,812368242,812368243,812368244,812368245,812368246,812368247,812368248,812368251,903863721,903863730,903863734,903863729,903863736,903863737,36802,903863751,812368254,903863762,903863763,903863765,903863770,903863766,903863780,903863782,903863769,903863771,903863773,903863783,36803,812368265,812368269,903863794,903863798,903863796,812368272,812368273,812368274,812368275,812368276,812368277,812368278,812368281,812368283,812368284,812368285,812368286,812368290,903863799,812368294,812368296,812368298,903863814,903863815,903863819,903863824,903863826,903863818,903863820,903863830,903863822,903863825,903863828,903863829,812368308,903863839,812368315,903863846,812368317,812368318,812368313,812368314,812368320,903863845,903863857,903863851,812368321,903863866,812368322,812368323,812368324,903863868,903863871,903863865,903863873,903863870)
 Cron execution ended at: 2023-02-16 01:33:21
