
***********************************************************

 Cron execution started at :2023-01-22 01:30:01 

 Total Count =>363

Total records SUCCESS: 2
(903851609,903851629) 
Total records FAIL: 0
() 
 Total records PENDING: 20
(903851584,903851591,903851612,903851656,903851670,903851700,903851764,903851842,903851855,903851880,903851935,903851956,903851991,903852012,903852018,903852020,903852026,36711,36712,903852056)
 Total records No Response: 341
(812366417,812366418,812366419,903851519,903851520,812366421,903851528,903851529,903851530,903851533,903851535,903851536,903851538,903851539,903851543,903851559,903851560,903851562,903851567,903851569,903851571,903851573,903851576,903851581,903851583,903851585,903851587,903851588,903851589,903851594,903851595,903851597,903851598,903851600,903851601,903851602,812366424,903851606,903851608,903851610,903851611,903851614,903851615,903851616,903851618,903851619,903851620,903851621,903851624,903851626,903851627,812366425,812366426,903851628,903851630,903851631,903851632,903851633,903851634,903851635,903851637,903851639,903851640,903851641,903851644,903851647,903851648,903851651,903851652,903851653,903851654,903851655,903851657,903851659,903851660,903851663,903851664,903851665,903851666,903851671,903851673,903851674,903851676,903851677,903851679,903851680,903851681,903851683,903851684,903851686,903851688,903851689,903851690,903851691,903851693,903851694,903851695,903851697,903851701,903851702,903851703,903851704,903851707,903851708,903851709,903851717,903851721,903851722,903851724,812366432,812366433,903851726,812366434,812366435,903851728,903851733,903851739,903851746,812366438,812366439,812366440,903851748,903851749,903851751,903851753,903851754,903851755,812366441,812366442,812366443,903851757,812366444,812366445,812366446,812366447,812366448,812366449,812366450,903851758,812366451,812366452,812366453,812366454,812366455,812366456,812366457,812366458,812366459,812366460,812366461,812366462,812366463,812366464,812366465,812366466,812366467,812366468,812366469,812366470,812366471,812366472,812366473,812366474,812366475,812366476,812366477,812366478,903851767,903851769,812366479,812366480,812366481,812366482,812366483,812366484,812366485,812366486,812366487,812366488,903851770,903851774,903851776,903851777,903851779,903851780,903851784,903851787,903851791,903851794,903851799,903851800,903851801,903851802,903851804,903851805,903851806,903851810,903851813,903851814,903851816,903851817,903851824,903851833,903851841,903851848,903851849,903851856,903851859,903851865,903851867,903851870,903851872,903851874,903851875,903851876,903851879,903851881,903851884,903851885,903851888,36707,903851891,903851892,903851893,903851894,903851895,36708,903851897,903851898,903851899,903851900,903851901,903851903,903851904,903851906,903851907,903851908,903851909,903851910,903851911,903851912,903851913,903851915,903851916,903851923,903851927,903851929,903851930,903851936,903851937,903851939,903851940,903851942,903851948,903851952,903851954,903851960,903851961,903851962,903851963,812366496,812366497,812366498,812366499,812366500,812366501,812366502,812366503,812366504,903851965,812366505,903851966,812366506,812366507,812366508,903851972,903851973,903851974,903851976,903851980,903851982,903851983,812366511,903851986,903851993,903851994,903851995,903851997,903851998,903852000,903852001,903852003,903852007,903852009,903852013,903852014,903852017,903852021,903852023,903852024,903852025,903852027,903852029,903852030,903852031,903852032,903852033,36714,903852035,903852036,903852037,903852038,903852039,903852041,36715,36716,36717,36718,36719,903852042,903852043,903852045,903852049,903852050,903852051,812366519,903852057,903852061,903852062,903852063,903852064,903852065,812366521,812366522,903852071,903852074,903852075,903852076,903852077,903852078,903852080)
 Cron execution ended at: 2023-01-22 01:34:19
