
***********************************************************

 Cron execution started at :2022-04-28 11:10:01 

 Total Count =>105

Total records SUCCESS: 0
() 
Total records FAIL: 37
(903322525,903322531,812309985,903322558,903322559,903322563,903322564,903322565,903322568,812309987,903322584,903322586,903322587,903322588,903322592,903322742,903322755,903322765,903322773,903322851,903322865,903322867,812310025,903322883,903322899,903322922,903322923,903322925,903323063,903323067,903323081,903323087,812310046,903323099,903323144,903323146,903323149) 
 Total records PENDING: 0
()
 Total records No Response: 68
(903322590,903322602,903322609,812309996,903322640,903322644,903322668,903322670,903322672,903322678,903322702,903322715,903322728,903322731,903322745,903322751,903322753,903322764,903322780,903322784,903322786,812310015,903322811,812310017,903322817,903322845,903322868,812310021,903322875,903322886,903322924,903322927,903322933,903322944,903322952,903322956,903322965,812310036,903322974,903322983,903322985,903323002,903323018,903323024,903323028,903323033,903323036,903323038,903323041,903323044,903323051,903323075,903323082,812310051,903323106,903323107,903323111,903323126,903323127,903323128,903323132,903323133,903323137,903323140,903323141,903323143,903323145,903323158)
 Cron execution ended at: 2022-04-28 11:19:15

***********************************************************

 Cron execution started at :2022-04-28 11:20:01 

 Total Count =>86

Total records SUCCESS: 0
() 
Total records FAIL: 3
(903323260,903323270,903323277) 
 Total records PENDING: 0
()
 Total records No Response: 83
(903322590,903322602,903322609,812309996,903322640,903322644,903322668,903322670,903322672,903322678,903322702,903322715,903322728,903322731,903322745,903322751,903322753,903322764,903322780,903322784,903322786,812310015,903322811,812310017,903322817,903322845,903322868,812310021,903322875,903322886,903322924,903322927,903322933,903322944,903322952,903322956,903322965,812310036,903322974,903322983,903322985,903323002,903323018,903323024,903323028,903323033,903323036,903323038,903323041,903323044,903323051,903323075,903323082,812310051,903323106,903323107,903323111,903323126,903323127,903323128,903323132,903323133,903323137,903323140,903323141,903323143,903323145,903323158,903323177,903323178,903323180,903323195,903323207,903323212,903323215,903323216,903323235,903323238,903323246,812310066,903323249,903323265,903323278)
 Cron execution ended at: 2022-04-28 11:25:20

***********************************************************

 Cron execution started at :2022-04-28 11:30:02 

 Total Count =>88

Total records SUCCESS: 0
() 
Total records FAIL: 7
(903322644,903322670,903322702,903323319,903323323,903323336,903323339) 
 Total records PENDING: 0
()
 Total records No Response: 81
(903322609,812309996,903322640,903322668,903322672,903322678,903322715,903322728,903322745,903322751,903322764,903322780,903322784,903322786,812310015,903322811,812310017,903322845,903322868,812310021,903322875,903322886,903322924,903322927,903322933,903322944,903322952,903322956,903322965,812310036,903322974,903322983,903322985,903323002,903323018,903323024,903323028,903323033,903323036,903323038,903323041,903323044,903323051,903323075,903323082,812310051,903323106,903323107,903323111,903323126,903323127,903323128,903323132,903323133,903323137,903323140,903323141,903323143,903323145,903323158,903323177,903323178,903323180,903323195,903323207,903323212,903323215,903323216,903323235,903323238,903323246,812310066,903323249,903323265,903323278,903323312,903323314,903323317,903323318,903323327,903323337)
 Cron execution ended at: 2022-04-28 11:35:07

***********************************************************

 Cron execution started at :2022-04-28 11:40:02 

 Total Count =>97

Total records SUCCESS: 0
() 
Total records FAIL: 4
(903322678,903323434,903323440,903323442) 
 Total records PENDING: 0
()
 Total records No Response: 93
(903322640,903322668,903322672,903322728,903322745,903322780,903322784,903322786,812310015,903322811,812310017,903322845,903322868,812310021,903322875,903322886,903322924,903322927,903322933,903322944,903322952,903322956,903322965,812310036,903322974,903322983,903322985,903323002,903323018,903323024,903323028,903323033,903323036,903323038,903323041,903323044,903323051,903323075,903323082,812310051,903323106,903323107,903323111,903323126,903323127,903323128,903323132,903323133,903323137,903323140,903323141,903323143,903323145,903323158,903323177,903323178,903323180,903323195,903323207,903323212,903323215,903323216,903323235,903323238,903323246,812310066,903323249,903323265,903323278,903323312,903323314,903323317,903323318,903323327,903323337,903323342,903323352,903323354,903323357,903323359,903323365,903323367,903323385,903323387,903323399,903323425,812310086,903323445,812310088,903323446,812310089,903323447,903323449)
 Cron execution ended at: 2022-04-28 11:45:33

***********************************************************

 Cron execution started at :2022-04-28 11:50:01 

 Total Count =>106

Total records SUCCESS: 0
() 
Total records FAIL: 1
(903323538) 
 Total records PENDING: 0
()
 Total records No Response: 105
(903322728,903322745,903322780,903322784,903322786,812310015,903322811,812310017,903322845,903322868,812310021,903322875,903322886,903322924,903322927,903322933,903322944,903322952,903322956,903322965,812310036,903322974,903322983,903322985,903323002,903323018,903323024,903323028,903323033,903323036,903323038,903323041,903323044,903323051,903323075,903323082,812310051,903323106,903323107,903323111,903323126,903323127,903323128,903323132,903323133,903323137,903323140,903323141,903323143,903323145,903323158,903323177,903323178,903323180,903323195,903323207,903323212,903323215,903323216,903323235,903323238,903323246,812310066,903323249,903323265,903323278,903323312,903323314,903323317,903323318,903323327,903323337,903323342,903323352,903323354,903323357,903323359,903323365,903323367,903323385,903323387,903323399,903323425,812310086,903323445,812310088,903323446,812310089,903323447,903323449,903323467,903323468,903323469,903323478,812310092,903323481,903323484,903323510,903323521,812310102,903323537,903323543,903323545,903323551,903323556)
 Cron execution ended at: 2022-04-28 11:56:24

***********************************************************

 Cron execution started at :2022-04-28 12:00:02 

 Total Count =>119

Total records SUCCESS: 0
() 
Total records FAIL: 4
(903323585,903323590,903323592,903323596) 
 Total records PENDING: 0
()
 Total records No Response: 115
(903322745,903322780,903322784,903322786,812310015,903322811,812310017,903322845,903322868,812310021,903322875,903322886,903322924,903322927,903322933,903322944,903322952,903322956,903322965,812310036,903322974,903322983,903322985,903323002,903323018,903323024,903323028,903323033,903323036,903323038,903323041,903323044,903323051,903323075,903323082,812310051,903323106,903323107,903323111,903323126,903323127,903323128,903323132,903323133,903323137,903323140,903323141,903323143,903323145,903323158,903323177,903323178,903323180,903323195,903323207,903323212,903323215,903323216,903323235,903323238,903323246,812310066,903323249,903323265,903323278,903323312,903323314,903323317,903323318,903323327,903323337,903323342,903323352,903323354,903323357,903323359,903323365,903323367,903323385,903323387,903323399,903323425,812310086,903323445,812310088,903323446,812310089,903323447,903323449,903323467,903323468,903323469,903323478,812310092,903323481,903323484,903323510,903323521,812310102,903323537,903323543,903323545,903323551,903323556,903323561,903323571,903323572,903323577,903323578,812310110,903323580,903323587,903323594,903323601,903323602)
 Cron execution ended at: 2022-04-28 12:07:19

***********************************************************

 Cron execution started at :2022-04-28 12:10:02 

 Total Count =>125

Total records SUCCESS: 0
() 
Total records FAIL: 1
(903323719) 
 Total records PENDING: 0
()
 Total records No Response: 124
(812310015,903322811,812310017,903322845,903322868,812310021,903322875,903322886,903322924,903322927,903322933,903322944,903322952,903322956,903322965,812310036,903322974,903322983,903322985,903323002,903323018,903323024,903323028,903323033,903323036,903323038,903323041,903323044,903323051,903323075,903323082,812310051,903323106,903323107,903323111,903323126,903323127,903323128,903323132,903323133,903323137,903323140,903323141,903323143,903323145,903323158,903323177,903323178,903323180,903323195,903323207,903323212,903323215,903323216,903323235,903323238,903323246,812310066,903323249,903323265,903323278,903323312,903323314,903323317,903323318,903323327,903323337,903323342,903323352,903323354,903323357,903323359,903323365,903323367,903323385,903323387,903323399,903323425,812310086,903323445,812310088,903323446,812310089,903323447,903323449,903323467,903323468,903323469,903323478,812310092,903323481,903323484,903323510,903323521,812310102,903323537,903323543,903323545,903323551,903323556,903323561,903323571,903323572,903323577,903323578,812310110,903323580,903323587,903323594,903323601,903323602,903323606,903323613,903323618,903323635,903323642,812310121,903323662,903323664,812310122,903323672,903323679,903323692,903323712)
 Cron execution ended at: 2022-04-28 12:17:43

***********************************************************

 Cron execution started at :2022-04-28 12:20:02 

 Total Count =>135

Total records SUCCESS: 0
() 
Total records FAIL: 6
(903322974,903323036,903323044,903323051,903323216,903323806) 
 Total records PENDING: 0
()
 Total records No Response: 129
(903322868,812310021,903322875,903322886,903322924,903322927,903322933,903322944,903322952,903322956,903322965,812310036,903322983,903322985,903323002,903323018,903323024,903323028,903323033,903323038,903323041,903323075,903323082,812310051,903323106,903323107,903323111,903323126,903323127,903323128,903323132,903323133,903323137,903323140,903323141,903323143,903323145,903323158,903323177,903323178,903323180,903323195,903323207,903323212,903323215,903323235,903323238,903323246,812310066,903323249,903323265,903323278,903323312,903323314,903323317,903323318,903323327,903323337,903323342,903323352,903323354,903323357,903323359,903323365,903323367,903323385,903323387,903323399,903323425,812310086,903323445,812310088,903323446,812310089,903323447,903323449,903323467,903323468,903323469,903323478,812310092,903323481,903323484,903323510,903323521,812310102,903323537,903323543,903323545,903323551,903323556,903323561,903323571,903323572,903323577,903323578,812310110,903323580,903323587,903323594,903323601,903323602,903323606,903323613,903323618,903323635,903323642,812310121,903323662,903323664,812310122,903323672,903323679,903323692,903323712,903323734,903323736,812310129,903323746,903323749,903323773,903323779,903323783,903323789,903323802,903323804,903323811,903323812,812310133)
 Cron execution ended at: 2022-04-28 12:28:51

***********************************************************

 Cron execution started at :2022-04-28 12:30:01 

 Total Count =>120

Total records SUCCESS: 0
() 
Total records FAIL: 11
(903322985,903323002,903323038,903323041,903323082,903323127,903323133,903323145,903323212,903323238,903323278) 
 Total records PENDING: 0
()
 Total records No Response: 109
(903322965,812310036,903322983,903323018,903323024,903323028,903323033,903323075,812310051,903323106,903323107,903323111,903323126,903323128,903323132,903323137,903323140,903323141,903323143,903323158,903323177,903323178,903323180,903323195,903323207,903323215,903323235,903323246,812310066,903323249,903323265,903323312,903323314,903323317,903323318,903323327,903323337,903323342,903323352,903323354,903323357,903323359,903323365,903323367,903323385,903323387,903323399,903323425,812310086,903323445,812310088,903323446,812310089,903323447,903323449,903323467,903323468,903323469,903323478,812310092,903323481,903323484,903323510,903323521,812310102,903323537,903323543,903323545,903323551,903323556,903323561,903323571,903323572,903323577,903323578,812310110,903323580,903323587,903323594,903323601,903323602,903323606,903323613,903323618,903323635,903323642,812310121,903323662,903323664,812310122,903323672,903323679,903323692,903323712,903323734,903323736,812310129,903323746,903323749,903323773,903323779,903323783,903323789,903323802,903323804,903323811,903323812,812310133,812310135)
 Cron execution ended at: 2022-04-28 12:37:51

***********************************************************

 Cron execution started at :2022-04-28 12:40:01 

 Total Count =>101

Total records SUCCESS: 0
() 
Total records FAIL: 4
(903323075,903323111,903323246,903323318) 
 Total records PENDING: 0
()
 Total records No Response: 97
(812310051,903323106,903323107,903323126,903323128,903323132,903323137,903323140,903323141,903323143,903323158,903323177,903323178,903323180,903323195,903323207,903323215,903323235,812310066,903323265,903323312,903323314,903323317,903323327,903323337,903323342,903323352,903323354,903323357,903323359,903323365,903323367,903323385,903323387,903323399,903323425,812310086,903323445,812310088,903323446,812310089,903323447,903323449,903323467,903323468,903323469,903323478,812310092,903323481,903323484,903323510,903323521,812310102,903323537,903323543,903323545,903323551,903323556,903323561,903323571,903323572,903323577,903323578,812310110,903323580,903323587,903323594,903323601,903323602,903323606,903323613,903323618,903323635,903323642,812310121,903323662,903323664,812310122,903323672,903323679,903323692,903323712,903323734,903323736,812310129,903323746,903323749,903323773,903323779,903323783,903323789,903323802,903323804,903323811,903323812,812310133,812310135)
 Cron execution ended at: 2022-04-28 12:45:56

***********************************************************

 Cron execution started at :2022-04-28 12:50:01 

 Total Count =>86

Total records SUCCESS: 0
() 
Total records FAIL: 1
(903323178) 
 Total records PENDING: 0
()
 Total records No Response: 85
(903323177,903323180,903323195,903323207,903323215,903323235,812310066,903323265,903323312,903323314,903323317,903323327,903323337,903323342,903323352,903323354,903323357,903323359,903323365,903323367,903323385,903323387,903323399,903323425,812310086,903323445,812310088,903323446,812310089,903323447,903323449,903323467,903323468,903323469,903323478,812310092,903323481,903323484,903323510,903323521,812310102,903323537,903323543,903323545,903323551,903323556,903323561,903323571,903323572,903323577,903323578,812310110,903323580,903323587,903323594,903323601,903323602,903323606,903323613,903323618,903323635,903323642,812310121,903323662,903323664,812310122,903323672,903323679,903323692,903323712,903323734,903323736,812310129,903323746,903323749,903323773,903323779,903323783,903323789,903323802,903323804,903323811,903323812,812310133,812310135)
 Cron execution ended at: 2022-04-28 12:55:28

***********************************************************

 Cron execution started at :2022-04-28 13:00:02 

 Total Count =>77

Total records SUCCESS: 0
() 
Total records FAIL: 0
() 
 Total records PENDING: 0
()
 Total records No Response: 77
(903323312,903323314,903323317,903323327,903323337,903323342,903323352,903323354,903323357,903323359,903323365,903323367,903323385,903323387,903323399,903323425,812310086,903323445,812310088,903323446,812310089,903323447,903323449,903323467,903323468,903323469,903323478,812310092,903323481,903323484,903323510,903323521,812310102,903323537,903323543,903323545,903323551,903323556,903323561,903323571,903323572,903323577,903323578,812310110,903323580,903323587,903323594,903323601,903323602,903323606,903323613,903323618,903323635,903323642,812310121,903323662,903323664,812310122,903323672,903323679,903323692,903323712,903323734,903323736,812310129,903323746,903323749,903323773,903323779,903323783,903323789,903323802,903323804,903323811,903323812,812310133,812310135)
 Cron execution ended at: 2022-04-28 13:05:18

***********************************************************

 Cron execution started at :2022-04-28 13:10:01 

 Total Count =>72

Total records SUCCESS: 0
() 
Total records FAIL: 0
() 
 Total records PENDING: 0
()
 Total records No Response: 72
(903323342,903323352,903323354,903323357,903323359,903323365,903323367,903323385,903323387,903323399,903323425,812310086,903323445,812310088,903323446,812310089,903323447,903323449,903323467,903323468,903323469,903323478,812310092,903323481,903323484,903323510,903323521,812310102,903323537,903323543,903323545,903323551,903323556,903323561,903323571,903323572,903323577,903323578,812310110,903323580,903323587,903323594,903323601,903323602,903323606,903323613,903323618,903323635,903323642,812310121,903323662,903323664,812310122,903323672,903323679,903323692,903323712,903323734,903323736,812310129,903323746,903323749,903323773,903323779,903323783,903323789,903323802,903323804,903323811,903323812,812310133,812310135)
 Cron execution ended at: 2022-04-28 13:15:05

***********************************************************

 Cron execution started at :2022-04-28 13:20:02 

 Total Count =>54

Total records SUCCESS: 0
() 
Total records FAIL: 0
() 
 Total records PENDING: 0
()
 Total records No Response: 54
(903323467,903323468,903323469,903323478,812310092,903323481,903323484,903323510,903323521,812310102,903323537,903323543,903323545,903323551,903323556,903323561,903323571,903323572,903323577,903323578,812310110,903323580,903323587,903323594,903323601,903323602,903323606,903323613,903323618,903323635,903323642,812310121,903323662,903323664,812310122,903323672,903323679,903323692,903323712,903323734,903323736,812310129,903323746,903323749,903323773,903323779,903323783,903323789,903323802,903323804,903323811,903323812,812310133,812310135)
 Cron execution ended at: 2022-04-28 13:23:43

***********************************************************

 Cron execution started at :2022-04-28 13:30:02 

 Total Count =>65

Total records SUCCESS: 0
() 
Total records FAIL: 8
(903323949,903323950,903323956,903323959,903323962,903323973,903323976,903323987) 
 Total records PENDING: 0
()
 Total records No Response: 57
(903323561,903323571,903323572,903323577,903323578,812310110,903323580,903323587,903323594,903323601,903323602,903323606,903323613,903323618,903323635,903323642,812310121,903323662,903323664,812310122,903323672,903323679,903323692,903323712,903323734,903323736,812310129,903323746,903323749,903323773,903323779,903323783,903323789,903323802,903323804,903323811,903323812,812310133,812310135,903323824,903323826,903323842,903323850,903323851,903323860,903323867,903323875,903323879,903323886,903323891,903323904,903323920,903323921,812310147,903323945,903323968,903323977)
 Cron execution ended at: 2022-04-28 13:34:52

***********************************************************

 Cron execution started at :2022-04-28 13:40:02 

 Total Count =>67

Total records SUCCESS: 0
() 
Total records FAIL: 2
(812310156,903324093) 
 Total records PENDING: 0
()
 Total records No Response: 65
(903323606,903323613,903323618,903323635,903323642,812310121,903323662,903323664,812310122,903323672,903323679,903323692,903323712,903323734,903323736,812310129,903323746,903323749,903323773,903323779,903323783,903323789,903323802,903323804,903323811,903323812,812310133,812310135,903323824,903323826,903323842,903323850,903323851,903323860,903323867,903323875,903323879,903323886,903323891,903323904,903323920,903323921,812310147,903323945,903323968,903323977,903323992,903323994,903323997,903324002,903324016,903324021,903324032,903324035,903324043,903324049,903324050,903324056,903324058,903324072,903324073,903324074,903324075,903324094,903324100)
 Cron execution ended at: 2022-04-28 13:45:22

***********************************************************

 Cron execution started at :2022-04-28 13:50:25 

 Total Count =>81

Total records SUCCESS: 0
() 
Total records FAIL: 12
(903323734,903323746,903324185,903324193,903324196,903324217,903324219,903324223,903324224,903324226,903324227,903324230) 
 Total records PENDING: 0
()
 Total records No Response: 69
(903323736,812310129,903323749,903323773,903323779,903323783,903323789,903323802,903323804,903323811,903323812,812310133,812310135,903323824,903323826,903323842,903323850,903323851,903323860,903323867,903323875,903323879,903323886,903323891,903323904,903323920,903323921,812310147,903323945,903323968,903323977,903323992,903323994,903323997,903324002,903324016,903324021,903324032,903324035,903324043,903324049,903324050,903324056,903324058,903324072,903324073,903324074,903324075,903324094,903324100,903324113,903324119,903324133,903324134,903324137,812310161,903324142,812310162,812310163,903324151,903324157,903324160,903324163,903324207,812310174,903324232,903324234,903324243,903324246)
 Cron execution ended at: 2022-04-28 13:57:26

***********************************************************

 Cron execution started at :2022-04-28 14:00:02 

 Total Count =>77

Total records SUCCESS: 0
() 
Total records FAIL: 3
(903324328,812310180,903324344) 
 Total records PENDING: 0
()
 Total records No Response: 74
(812310135,903323824,903323826,903323842,903323850,903323851,903323860,903323867,903323875,903323879,903323886,903323891,903323904,903323920,903323921,812310147,903323945,903323968,903323977,903323992,903323994,903323997,903324002,903324016,903324021,903324032,903324035,903324043,903324049,903324050,903324056,903324058,903324072,903324073,903324074,903324075,903324094,903324100,903324113,903324119,903324133,903324134,903324137,812310161,903324142,812310162,812310163,903324151,903324157,903324160,903324163,903324207,812310174,903324232,903324234,903324243,903324246,812310176,903324251,903324254,903324261,903324273,903324284,903324289,903324294,903324305,903324315,903324317,903324323,903324324,903324331,903324337,812310181,903324347)
 Cron execution ended at: 2022-04-28 14:05:35

***********************************************************

 Cron execution started at :2022-04-28 14:10:02 

 Total Count =>88

Total records SUCCESS: 0
() 
Total records FAIL: 4
(903324415,903324425,812310196,903324445) 
 Total records PENDING: 0
()
 Total records No Response: 84
(903323824,903323826,903323842,903323850,903323851,903323860,903323867,903323875,903323879,903323886,903323891,903323904,903323920,903323921,812310147,903323945,903323968,903323977,903323992,903323994,903323997,903324002,903324016,903324021,903324032,903324035,903324043,903324049,903324050,903324056,903324058,903324072,903324073,903324074,903324075,903324094,903324100,903324113,903324119,903324133,903324134,903324137,812310161,903324142,812310162,812310163,903324151,903324157,903324160,903324163,903324207,812310174,903324232,903324234,903324243,903324246,812310176,903324251,903324254,903324261,903324273,903324284,903324289,903324294,903324305,903324315,903324317,903324323,903324324,903324331,903324337,812310181,903324347,812310184,903324359,903324364,903324367,903324397,812310191,903324414,812310192,812310195,903324437,903324447)
 Cron execution ended at: 2022-04-28 14:16:16

***********************************************************

 Cron execution started at :2022-04-28 14:20:02 

 Total Count =>96

Total records SUCCESS: 0
() 
Total records FAIL: 2
(903324532,903324535) 
 Total records PENDING: 0
()
 Total records No Response: 94
(903323824,903323826,903323842,903323850,903323851,903323860,903323867,903323875,903323879,903323886,903323891,903323904,903323920,903323921,812310147,903323945,903323968,903323977,903323992,903323994,903323997,903324002,903324016,903324021,903324032,903324035,903324043,903324049,903324050,903324056,903324058,903324072,903324073,903324074,903324075,903324094,903324100,903324113,903324119,903324133,903324134,903324137,812310161,903324142,812310162,812310163,903324151,903324157,903324160,903324163,903324207,812310174,903324232,903324234,903324243,903324246,812310176,903324251,903324254,903324261,903324273,903324284,903324289,903324294,903324305,903324315,903324317,903324323,903324324,903324331,903324337,812310181,903324347,812310184,903324359,903324364,903324367,903324397,812310191,903324414,812310192,812310195,903324437,903324447,812310198,903324473,903324478,903324483,812310203,903324512,903324516,903324525,903324529,903324536)
 Cron execution ended at: 2022-04-28 14:26:33

***********************************************************

 Cron execution started at :2022-04-28 14:30:02 

 Total Count =>100

Total records SUCCESS: 0
() 
Total records FAIL: 3
(903324583,903324590,903324595) 
 Total records PENDING: 0
()
 Total records No Response: 97
(903323824,903323826,903323842,903323850,903323851,903323860,903323867,903323875,903323879,903323886,903323891,903323904,903323920,903323921,812310147,903323945,903323968,903323977,903323992,903323994,903323997,903324002,903324016,903324021,903324032,903324035,903324043,903324049,903324050,903324056,903324058,903324072,903324073,903324074,903324075,903324094,903324100,903324113,903324119,903324133,903324134,903324137,812310161,903324142,812310162,812310163,903324151,903324157,903324160,903324163,903324207,812310174,903324232,903324234,903324243,903324246,812310176,903324251,903324254,903324261,903324273,903324284,903324289,903324294,903324305,903324315,903324317,903324323,903324324,903324331,903324337,812310181,903324347,812310184,903324359,903324364,903324367,903324397,812310191,903324414,812310192,812310195,903324437,903324447,812310198,903324473,903324478,903324483,812310203,903324512,903324516,903324525,903324529,903324536,903324552,903324577,903324593)
 Cron execution ended at: 2022-04-28 14:36:55

***********************************************************

 Cron execution started at :2022-04-28 14:40:02 

 Total Count =>105

Total records SUCCESS: 0
() 
Total records FAIL: 1
(903324652) 
 Total records PENDING: 0
()
 Total records No Response: 104
(903323824,903323826,903323842,903323850,903323851,903323860,903323867,903323875,903323879,903323886,903323891,903323904,903323920,903323921,812310147,903323945,903323968,903323977,903323992,903323994,903323997,903324002,903324016,903324021,903324032,903324035,903324043,903324049,903324050,903324056,903324058,903324072,903324073,903324074,903324075,903324094,903324100,903324113,903324119,903324133,903324134,903324137,812310161,903324142,812310162,812310163,903324151,903324157,903324160,903324163,903324207,812310174,903324232,903324234,903324243,903324246,812310176,903324251,903324254,903324261,903324273,903324284,903324289,903324294,903324305,903324315,903324317,903324323,903324324,903324331,903324337,812310181,903324347,812310184,903324359,903324364,903324367,903324397,812310191,903324414,812310192,812310195,903324437,903324447,812310198,903324473,903324478,903324483,812310203,903324512,903324516,903324525,903324529,903324536,903324552,903324577,903324593,903324604,903324611,903324616,903324622,903324629,903324639,903324643)
 Cron execution ended at: 2022-04-28 14:47:14

***********************************************************

 Cron execution started at :2022-04-28 14:50:26 

 Total Count =>115

Total records SUCCESS: 0
() 
Total records FAIL: 2
(903324747,903324752) 
 Total records PENDING: 0
()
 Total records No Response: 113
(903323824,903323826,903323842,903323850,903323851,903323860,903323867,903323875,903323879,903323886,903323891,903323904,903323920,903323921,812310147,903323945,903323968,903323977,903323992,903323994,903323997,903324002,903324016,903324021,903324032,903324035,903324043,903324049,903324050,903324056,903324058,903324072,903324073,903324074,903324075,903324094,903324100,903324113,903324119,903324133,903324134,903324137,812310161,903324142,812310162,812310163,903324151,903324157,903324160,903324163,903324207,812310174,903324232,903324234,903324243,903324246,812310176,903324251,903324254,903324261,903324273,903324284,903324289,903324294,903324305,903324315,903324317,903324323,903324324,903324331,903324337,812310181,903324347,812310184,903324359,903324364,903324367,903324397,812310191,903324414,812310192,812310195,903324437,903324447,812310198,903324473,903324478,903324483,812310203,903324512,903324516,903324525,903324529,903324536,903324552,903324577,903324593,903324604,903324611,903324616,903324622,903324629,903324639,903324643,903324661,903324663,903324667,903324678,903324693,903324701,903324724,903324729,903324739)
 Cron execution ended at: 2022-04-28 14:58:14

***********************************************************

 Cron execution started at :2022-04-28 15:00:02 

 Total Count =>130

Total records SUCCESS: 0
() 
Total records FAIL: 14
(903324058,903324074,903324075,903324119,903324151,903324243,903324315,812310192,812310195,903324815,903324820,903324821,903324822,903324825) 
 Total records PENDING: 0
()
 Total records No Response: 116
(903323824,903323826,903323842,903323850,903323851,903323860,903323867,903323875,903323879,903323886,903323891,903323904,903323920,903323921,812310147,903323945,903323968,903323977,903323992,903323994,903323997,903324002,903324016,903324021,903324032,903324035,903324043,903324049,903324050,903324056,903324072,903324073,903324094,903324100,903324113,903324133,903324134,903324137,812310161,903324142,812310162,812310163,903324157,903324160,903324163,903324207,812310174,903324232,903324234,903324246,812310176,903324251,903324254,903324261,903324273,903324284,903324289,903324294,903324305,903324317,903324323,903324324,903324331,903324337,812310181,903324347,812310184,903324359,903324364,903324367,903324397,812310191,903324414,903324437,903324447,812310198,903324473,903324478,903324483,812310203,903324512,903324516,903324525,903324529,903324536,903324552,903324577,903324593,903324604,903324611,903324616,903324622,903324629,903324639,903324643,903324661,903324663,903324667,903324678,903324693,903324701,903324724,903324729,903324739,903324768,903324774,903324775,903324784,903324788,903324799,903324800,903324804,903324806,903324812,903324816,903324824)
 Cron execution ended at: 2022-04-28 15:09:06

***********************************************************

 Cron execution started at :2022-04-28 15:10:01 

 Total Count =>104

Total records SUCCESS: 0
() 
Total records FAIL: 8
(903324049,903324100,903324134,903324207,903324254,812310184,903324359,903324891) 
 Total records PENDING: 0
()
 Total records No Response: 95
(903323992,903323994,903323997,903324002,903324016,903324021,903324032,903324035,903324043,903324050,903324056,903324072,903324073,903324094,903324113,903324133,903324137,812310161,903324142,812310162,812310163,903324157,903324160,903324163,812310174,903324232,903324246,812310176,903324251,903324261,903324273,903324284,903324289,903324294,903324305,903324317,903324323,903324324,903324331,903324337,903324347,903324364,903324367,903324397,812310191,903324414,903324437,903324447,812310198,903324473,903324478,903324483,812310203,903324512,903324516,903324525,903324529,903324536,903324552,903324577,903324593,903324604,903324611,903324616,903324622,903324629,903324639,903324643,903324661,903324663,903324667,903324678,903324693,903324701,903324724,903324729,903324739,903324768,903324774,903324775,903324784,903324788,903324799,903324800,903324804,903324806,903324812,903324816,903324824,903324835,903324837,903324848,903324851,903324884,903324902)
 Cron execution ended at: 2022-04-28 15:16:37

***********************************************************

 Cron execution started at :2022-04-28 15:20:02 

 Total Count =>90

Total records SUCCESS: 0
() 
Total records FAIL: 8
(903324137,903324232,812310191,903324414,903324969,903324971,903324972,903324987) 
 Total records PENDING: 0
()
 Total records No Response: 82
(903324113,903324133,812310161,903324142,812310162,812310163,903324157,903324160,903324163,812310174,903324246,812310176,903324251,903324261,903324273,903324284,903324289,903324294,903324305,903324317,903324323,903324324,903324331,903324337,903324364,903324367,903324397,903324437,903324447,812310198,903324473,903324478,903324483,812310203,903324512,903324516,903324525,903324529,903324536,903324552,903324577,903324593,903324604,903324611,903324616,903324622,903324629,903324639,903324643,903324661,903324663,903324667,903324678,903324693,903324701,903324724,903324729,903324739,903324768,903324774,903324775,903324784,903324788,903324799,903324800,903324804,903324806,903324812,903324816,903324824,903324835,903324837,903324848,903324851,903324884,903324902,903324936,903324939,903324941,903324968,903324981,903324991)
 Cron execution ended at: 2022-04-28 15:25:38

***********************************************************

 Cron execution started at :2022-04-28 15:30:09 

 Total Count =>80

Total records SUCCESS: 0
() 
Total records FAIL: 6
(903324246,903324294,903324317,903324364,903324367,903325055) 
 Total records PENDING: 0
()
 Total records No Response: 74
(812310176,903324251,903324261,903324273,903324284,903324289,903324305,903324323,903324324,903324331,903324337,903324397,903324437,903324447,812310198,903324473,903324478,903324483,812310203,903324512,903324516,903324525,903324529,903324536,903324552,903324577,903324593,903324604,903324611,903324616,903324622,903324629,903324639,903324643,903324661,903324663,903324667,903324678,903324693,903324701,903324724,903324729,903324739,903324768,903324774,903324775,903324784,903324788,903324799,903324800,903324804,903324806,903324812,903324816,903324824,903324835,903324837,903324848,903324851,903324884,903324902,903324936,903324939,903324941,903324968,903324981,903324991,903324999,903325022,903325023,903325037,903325040,903325042,903325047)
 Cron execution ended at: 2022-04-28 15:35:19

***********************************************************

 Cron execution started at :2022-04-28 15:40:01 

 Total Count =>74

Total records SUCCESS: 0
() 
Total records FAIL: 1
(35094) 
 Total records PENDING: 0
()
 Total records No Response: 73
(903324397,903324437,903324447,812310198,903324473,903324478,903324483,812310203,903324512,903324516,903324525,903324529,903324536,903324552,903324577,903324593,903324604,903324611,903324616,903324622,903324629,903324639,903324643,903324661,903324663,903324667,903324678,903324693,903324701,903324724,903324729,903324739,903324768,903324774,903324775,903324784,903324788,903324799,903324800,903324804,903324806,903324812,903324816,903324824,903324835,903324837,903324848,903324851,903324884,903324902,903324936,903324939,903324941,903324968,903324981,903324991,903324999,903325022,903325023,903325037,903325040,903325042,903325047,903325057,903325063,903325072,903325078,903325087,903325093,903325096,812310273,812310274,812310275)
 Cron execution ended at: 2022-04-28 15:44:45

***********************************************************

 Cron execution started at :2022-04-28 15:50:02 

 Total Count =>84

Total records SUCCESS: 0
() 
Total records FAIL: 2
(903325215,903325227) 
 Total records PENDING: 0
()
 Total records No Response: 82
(812310198,903324473,903324478,903324483,812310203,903324512,903324516,903324525,903324529,903324536,903324552,903324577,903324593,903324604,903324611,903324616,903324622,903324629,903324639,903324643,903324661,903324663,903324667,903324678,903324693,903324701,903324724,903324729,903324739,903324768,903324774,903324775,903324784,903324788,903324799,903324800,903324804,903324806,903324812,903324816,903324824,903324835,903324837,903324848,903324851,903324884,903324902,903324936,903324939,903324941,903324968,903324981,903324991,903324999,903325022,903325023,903325037,903325040,903325042,903325047,903325057,903325063,903325072,903325078,903325087,903325093,903325096,812310273,812310274,812310275,812310276,903325158,903325166,903325180,903325181,812310280,903325187,812310282,812310283,903325208,903325214,903325226)
 Cron execution ended at: 2022-04-28 15:55:36

***********************************************************

 Cron execution started at :2022-04-28 16:00:02 

 Total Count =>86

Total records SUCCESS: 0
() 
Total records FAIL: 2
(903325297,903325299) 
 Total records PENDING: 0
()
 Total records No Response: 84
(903324552,903324577,903324593,903324604,903324611,903324616,903324622,903324629,903324639,903324643,903324661,903324663,903324667,903324678,903324693,903324701,903324724,903324729,903324739,903324768,903324774,903324775,903324784,903324788,903324799,903324800,903324804,903324806,903324812,903324816,903324824,903324835,903324837,903324848,903324851,903324884,903324902,903324936,903324939,903324941,903324968,903324981,903324991,903324999,903325022,903325023,903325037,903325040,903325042,903325047,903325057,903325063,903325072,903325078,903325087,903325093,903325096,812310273,812310274,812310275,812310276,903325158,903325166,903325180,903325181,812310280,903325187,812310282,812310283,903325208,903325214,903325226,903325228,903325235,903325239,903325243,903325252,903325253,903325258,903325274,903325285,812310298,903325293,903325296)
 Cron execution ended at: 2022-04-28 16:06:26

***********************************************************

 Cron execution started at :2022-04-28 16:10:01 

 Total Count =>81

Total records SUCCESS: 0
() 
Total records FAIL: 0
() 
 Total records PENDING: 0
()
 Total records No Response: 81
(903324604,903324611,903324616,903324622,903324629,903324639,903324643,903324661,903324663,903324667,903324678,903324693,903324701,903324724,903324729,903324739,903324768,903324774,903324775,903324784,903324788,903324799,903324800,903324804,903324806,903324812,903324816,903324824,903324835,903324837,903324848,903324851,903324884,903324902,903324936,903324939,903324941,903324968,903324981,903324991,903324999,903325022,903325023,903325037,903325040,903325042,903325047,903325057,903325063,903325072,903325078,903325087,903325093,903325096,812310273,812310274,812310275,812310276,903325158,903325166,903325180,903325181,812310280,903325187,812310282,812310283,903325208,903325214,903325226,903325228,903325235,903325239,903325243,903325252,903325253,903325258,903325274,903325285,812310298,903325293,903325296)
 Cron execution ended at: 2022-04-28 16:15:59

***********************************************************

 Cron execution started at :2022-04-28 16:20:02 

 Total Count =>74

Total records SUCCESS: 0
() 
Total records FAIL: 8
(903324693,903324799,903324824,903324835,903324848,903324939,903324968,903324981) 
 Total records PENDING: 0
()
 Total records No Response: 66
(903324661,903324663,903324667,903324678,903324701,903324724,903324729,903324739,903324768,903324774,903324775,903324784,903324788,903324800,903324804,903324806,903324812,903324816,903324837,903324851,903324884,903324902,903324936,903324941,903324991,903324999,903325022,903325023,903325037,903325040,903325042,903325047,903325057,903325063,903325072,903325078,903325087,903325093,903325096,812310273,812310274,812310275,812310276,903325158,903325166,903325180,903325181,812310280,903325187,812310282,812310283,903325208,903325214,903325226,903325228,903325235,903325239,903325243,903325252,903325253,903325258,903325274,903325285,812310298,903325293,903325296)
 Cron execution ended at: 2022-04-28 16:25:28

***********************************************************

 Cron execution started at :2022-04-28 16:30:02 

 Total Count =>56

Total records SUCCESS: 0
() 
Total records FAIL: 4
(903324788,903324800,903324812,903324851) 
 Total records PENDING: 0
()
 Total records No Response: 52
(903324768,903324774,903324775,903324784,903324804,903324806,903324816,903324837,903324884,903324902,903324991,903324999,903325022,903325023,903325037,903325040,903325042,903325047,903325057,903325063,903325072,903325078,903325087,903325093,903325096,812310273,812310274,812310275,812310276,903325158,903325166,903325180,903325181,812310280,903325187,812310282,812310283,903325208,903325214,903325226,903325228,903325235,903325239,903325243,903325252,903325253,903325258,903325274,903325285,812310298,903325293,903325296)
 Cron execution ended at: 2022-04-28 16:33:43

***********************************************************

 Cron execution started at :2022-04-28 16:40:02 

 Total Count =>45

Total records SUCCESS: 0
() 
Total records FAIL: 0
() 
 Total records PENDING: 0
()
 Total records No Response: 45
(903324837,903324884,903324902,903324991,903324999,903325022,903325023,903325037,903325040,903325042,903325047,903325057,903325063,903325072,903325078,903325087,903325093,903325096,812310273,812310274,812310275,812310276,903325158,903325166,903325180,903325181,812310280,903325187,812310282,812310283,903325208,903325214,903325226,903325228,903325235,903325239,903325243,903325252,903325253,903325258,903325274,903325285,812310298,903325293,903325296)
 Cron execution ended at: 2022-04-28 16:42:51

***********************************************************

 Cron execution started at :2022-04-28 16:50:02 

 Total Count =>52

Total records SUCCESS: 0
() 
Total records FAIL: 2
(903325353,903325357) 
 Total records PENDING: 0
()
 Total records No Response: 50
(903324991,903324999,903325022,903325023,903325037,903325040,903325042,903325047,903325057,903325063,903325072,903325078,903325087,903325093,903325096,812310273,812310274,812310275,812310276,903325158,903325166,903325180,903325181,812310280,903325187,812310282,812310283,903325208,903325214,903325226,903325228,903325235,903325239,903325243,903325252,903325253,903325258,903325274,903325285,812310298,903325293,903325296,903325312,903325314,903325318,903325327,903325341,903325344,903325347,903325354)
 Cron execution ended at: 2022-04-28 16:53:34

***********************************************************

 Cron execution started at :2022-04-28 17:00:02 

 Total Count =>64

Total records SUCCESS: 0
() 
Total records FAIL: 2
(903325446,903325460) 
 Total records PENDING: 0
()
 Total records No Response: 62
(903324999,903325022,903325023,903325037,903325040,903325042,903325047,903325057,903325063,903325072,903325078,903325087,903325093,903325096,812310273,812310274,812310275,812310276,903325158,903325166,903325180,903325181,812310280,903325187,812310282,812310283,903325208,903325214,903325226,903325228,903325235,903325239,903325243,903325252,903325253,903325258,903325274,903325285,812310298,903325293,903325296,903325312,903325314,903325318,903325327,903325341,903325344,903325347,903325354,903325375,903325380,903325386,903325394,903325406,903325418,903325419,903325435,903325437,903325438,903325439,812310314,903325454)
 Cron execution ended at: 2022-04-28 17:04:36

***********************************************************

 Cron execution started at :2022-04-28 17:10:01 

 Total Count =>73

Total records SUCCESS: 0
() 
Total records FAIL: 2
(903325560,903325571) 
 Total records PENDING: 0
()
 Total records No Response: 71
(903325057,903325063,903325072,903325078,903325087,903325093,903325096,812310273,812310274,812310275,812310276,903325158,903325166,903325180,903325181,812310280,903325187,812310282,812310283,903325208,903325214,903325226,903325228,903325235,903325239,903325243,903325252,903325253,903325258,903325274,903325285,812310298,903325293,903325296,903325312,903325314,903325318,903325327,903325341,903325344,903325347,903325354,903325375,903325380,903325386,903325394,903325406,903325418,903325419,903325435,903325437,903325438,903325439,812310314,903325454,903325467,812310319,903325473,812310323,903325491,903325496,903325502,903325505,903325518,903325528,903325540,903325548,903325553,903325569,903325570,903325572)
 Cron execution ended at: 2022-04-28 17:15:16

***********************************************************

 Cron execution started at :2022-04-28 17:20:01 

 Total Count =>78

Total records SUCCESS: 0
() 
Total records FAIL: 5
(903325214,903325253,903325285,903325645,903325661) 
 Total records PENDING: 0
()
 Total records No Response: 73
(812310276,903325158,903325166,903325180,903325181,812310280,903325187,812310282,812310283,903325208,903325226,903325228,903325235,903325239,903325243,903325252,903325258,903325274,812310298,903325293,903325296,903325312,903325314,903325318,903325327,903325341,903325344,903325347,903325354,903325375,903325380,903325386,903325394,903325406,903325418,903325419,903325435,903325437,903325438,903325439,812310314,903325454,903325467,812310319,903325473,812310323,903325491,903325496,903325502,903325505,903325518,903325528,903325540,903325548,903325553,903325569,903325570,903325572,903325579,903325591,903325596,903325618,812310342,903325625,903325626,812310343,903325633,903325634,903325638,903325640,903325644,903325649,903325650)
 Cron execution ended at: 2022-04-28 17:25:58

***********************************************************

 Cron execution started at :2022-04-28 17:30:01 

 Total Count =>74

Total records SUCCESS: 0
() 
Total records FAIL: 8
(903325235,903325252,903325258,903325274,903325293,812310358,35095,903325745) 
 Total records PENDING: 0
()
 Total records No Response: 66
(903325228,903325239,903325243,812310298,903325296,903325312,903325314,903325318,903325327,903325341,903325344,903325347,903325354,903325375,903325380,903325386,903325394,903325406,903325418,903325419,903325435,903325437,903325438,903325439,812310314,903325454,903325467,812310319,903325473,812310323,903325491,903325496,903325502,903325505,903325518,903325528,903325540,903325548,903325553,903325569,903325570,903325572,903325579,903325591,903325596,903325618,812310342,903325625,903325626,812310343,903325633,903325634,903325638,903325640,903325644,903325649,903325650,903325676,903325684,903325696,903325710,903325711,903325715,812310355,903325729,903325732)
 Cron execution ended at: 2022-04-28 17:35:32

***********************************************************

 Cron execution started at :2022-04-28 17:40:01 

 Total Count =>73

Total records SUCCESS: 0
() 
Total records FAIL: 1
(903325823) 
 Total records PENDING: 0
()
 Total records No Response: 72
(903325312,903325314,903325318,903325327,903325341,903325344,903325347,903325354,903325375,903325380,903325386,903325394,903325406,903325418,903325419,903325435,903325437,903325438,903325439,812310314,903325454,903325467,812310319,903325473,812310323,903325491,903325496,903325502,903325505,903325518,903325528,903325540,903325548,903325553,903325569,903325570,903325572,903325579,903325591,903325596,903325618,812310342,903325625,903325626,812310343,903325633,903325634,903325638,903325640,903325644,903325649,903325650,903325676,903325684,903325696,903325710,903325711,903325715,812310355,903325729,903325732,812310369,903325756,903325764,903325788,903325797,903325813,903325817,903325820,812310376,903325832,812310379)
 Cron execution ended at: 2022-04-28 17:45:01

***********************************************************

 Cron execution started at :2022-04-28 17:50:02 

 Total Count =>86

Total records SUCCESS: 0
() 
Total records FAIL: 1
(903325910) 
 Total records PENDING: 0
()
 Total records No Response: 85
(903325312,903325314,903325318,903325327,903325341,903325344,903325347,903325354,903325375,903325380,903325386,903325394,903325406,903325418,903325419,903325435,903325437,903325438,903325439,812310314,903325454,903325467,812310319,903325473,812310323,903325491,903325496,903325502,903325505,903325518,903325528,903325540,903325548,903325553,903325569,903325570,903325572,903325579,903325591,903325596,903325618,812310342,903325625,903325626,812310343,903325633,903325634,903325638,903325640,903325644,903325649,903325650,903325676,903325684,903325696,903325710,903325711,903325715,812310355,903325729,903325732,812310369,903325756,903325764,903325788,903325797,903325813,903325817,903325820,812310376,903325832,812310379,903325848,903325856,812310385,903325863,903325866,903325870,903325880,903325886,903325887,903325893,903325898,903325912,903325914)
 Cron execution ended at: 2022-04-28 17:55:54

***********************************************************

 Cron execution started at :2022-04-28 18:00:02 

 Total Count =>99

Total records SUCCESS: 0
() 
Total records FAIL: 3
(903325988,903326001,812310401) 
 Total records PENDING: 0
()
 Total records No Response: 96
(903325312,903325314,903325318,903325327,903325341,903325344,903325347,903325354,903325375,903325380,903325386,903325394,903325406,903325418,903325419,903325435,903325437,903325438,903325439,812310314,903325454,903325467,812310319,903325473,812310323,903325491,903325496,903325502,903325505,903325518,903325528,903325540,903325548,903325553,903325569,903325570,903325572,903325579,903325591,903325596,903325618,812310342,903325625,903325626,812310343,903325633,903325634,903325638,903325640,903325644,903325649,903325650,903325676,903325684,903325696,903325710,903325711,903325715,812310355,903325729,903325732,812310369,903325756,903325764,903325788,903325797,903325813,903325817,903325820,812310376,903325832,812310379,903325848,903325856,812310385,903325863,903325866,903325870,903325880,903325886,903325887,903325893,903325898,903325912,903325914,812310391,903325934,903325937,903325946,903325961,903325963,812310396,903325986,903325991,903326005,903326007)
 Cron execution ended at: 2022-04-28 18:06:48

***********************************************************

 Cron execution started at :2022-04-28 18:10:02 

 Total Count =>111

Total records SUCCESS: 0
() 
Total records FAIL: 3
(903326075,903326084,903326100) 
 Total records PENDING: 0
()
 Total records No Response: 108
(903325312,903325314,903325318,903325327,903325341,903325344,903325347,903325354,903325375,903325380,903325386,903325394,903325406,903325418,903325419,903325435,903325437,903325438,903325439,812310314,903325454,903325467,812310319,903325473,812310323,903325491,903325496,903325502,903325505,903325518,903325528,903325540,903325548,903325553,903325569,903325570,903325572,903325579,903325591,903325596,903325618,812310342,903325625,903325626,812310343,903325633,903325634,903325638,903325640,903325644,903325649,903325650,903325676,903325684,903325696,903325710,903325711,903325715,812310355,903325729,903325732,812310369,903325756,903325764,903325788,903325797,903325813,903325817,903325820,812310376,903325832,812310379,903325848,903325856,812310385,903325863,903325866,903325870,903325880,903325886,903325887,903325893,903325898,903325912,903325914,812310391,903325934,903325937,903325946,903325961,903325963,812310396,903325986,903325991,903326005,903326007,903326019,903326030,903326032,903326034,903326050,903326059,903326072,903326090,903326095,903326098,903326101,903326107)
 Cron execution ended at: 2022-04-28 18:18:04

***********************************************************

 Cron execution started at :2022-04-28 18:20:01 

 Total Count =>118

Total records SUCCESS: 0
() 
Total records FAIL: 18
(903325318,903325375,903325380,903325419,903325435,812310319,903325473,812310323,903325491,903325496,903325518,903325528,903325569,812310342,903325638,903325684,903325696,903325710) 
 Total records PENDING: 0
()
 Total records No Response: 100
(903325312,903325314,903325327,903325341,903325344,903325347,903325354,903325386,903325394,903325406,903325418,903325437,903325438,903325439,812310314,903325454,903325467,903325502,903325505,903325540,903325548,903325553,903325570,903325572,903325579,903325591,903325596,903325618,903325625,903325626,812310343,903325633,903325634,903325640,903325644,903325649,903325650,903325676,903325711,903325715,812310355,903325729,903325732,812310369,903325756,903325764,903325788,903325797,903325813,903325817,903325820,812310376,903325832,812310379,903325848,903325856,812310385,903325863,903325866,903325870,903325880,903325886,903325887,903325893,903325898,903325912,903325914,812310391,903325934,903325937,903325946,903325961,903325963,812310396,903325986,903325991,903326005,903326007,903326019,903326030,903326032,903326034,903326050,903326059,903326072,903326090,903326095,903326098,903326101,903326107,903326120,903326124,903326129,903326134,812310421,903326135,903326136,903326137,903326138,903326139)
 Cron execution ended at: 2022-04-28 18:27:42

***********************************************************

 Cron execution started at :2022-04-28 18:30:01 

 Total Count =>93

Total records SUCCESS: 0
() 
Total records FAIL: 8
(903325418,903325438,903325553,903325634,903325640,903325644,903325649,903325676) 
 Total records PENDING: 0
()
 Total records No Response: 85
(903325386,903325394,903325406,903325437,903325439,812310314,903325454,903325467,903325502,903325505,903325540,903325548,903325570,903325572,903325579,903325591,903325596,903325618,903325625,903325626,812310343,903325633,903325650,903325711,903325715,812310355,903325729,903325732,812310369,903325756,903325764,903325788,903325797,903325813,903325817,903325820,812310376,903325832,812310379,903325848,903325856,812310385,903325863,903325866,903325870,903325880,903325886,903325887,903325893,903325898,903325912,903325914,812310391,903325934,903325937,903325946,903325961,903325963,812310396,903325986,903325991,903326005,903326007,903326019,903326030,903326032,903326034,903326050,903326059,903326072,903326090,903326095,903326098,903326101,903326107,903326120,903326124,903326129,903326134,812310421,903326135,903326136,903326137,903326138,903326139)
 Cron execution ended at: 2022-04-28 18:35:19

***********************************************************

 Cron execution started at :2022-04-28 18:40:02 

 Total Count =>76

Total records SUCCESS: 0
() 
Total records FAIL: 2
(903325540,903325591) 
 Total records PENDING: 0
()
 Total records No Response: 74
(903325467,903325502,903325505,903325548,903325570,903325572,903325579,903325596,903325618,903325625,903325633,903325650,903325711,903325715,812310355,903325729,903325732,812310369,903325756,903325764,903325788,903325797,903325813,903325817,903325820,812310376,903325832,812310379,903325848,903325856,812310385,903325863,903325866,903325870,903325880,903325886,903325887,903325893,903325898,903325912,903325914,812310391,903325934,903325937,903325946,903325961,903325963,812310396,903325986,903325991,903326005,903326007,903326019,903326030,903326032,903326034,903326050,903326059,903326072,903326090,903326095,903326098,903326101,903326107,903326120,903326124,903326129,903326134,812310421,903326135,903326136,903326137,903326138,903326139)
 Cron execution ended at: 2022-04-28 18:43:54

***********************************************************

 Cron execution started at :2022-04-28 18:50:01 

 Total Count =>68

Total records SUCCESS: 0
() 
Total records FAIL: 0
() 
 Total records PENDING: 0
()
 Total records No Response: 68
(903325579,903325596,903325618,903325625,903325633,903325650,903325711,903325715,812310355,903325729,903325732,812310369,903325756,903325764,903325788,903325797,903325813,903325817,903325820,812310376,903325832,812310379,903325848,903325856,812310385,903325863,903325866,903325870,903325880,903325886,903325887,903325893,903325898,903325912,903325914,812310391,903325934,903325937,903325946,903325961,903325963,812310396,903325986,903325991,903326005,903326007,903326019,903326030,903326032,903326034,903326050,903326059,903326072,903326090,903326095,903326098,903326101,903326107,903326120,903326124,903326129,903326134,812310421,903326135,903326136,903326137,903326138,903326139)
 Cron execution ended at: 2022-04-28 18:53:31

***********************************************************

 Cron execution started at :2022-04-28 19:00:02 

 Total Count =>62

Total records SUCCESS: 0
() 
Total records FAIL: 0
() 
 Total records PENDING: 0
()
 Total records No Response: 62
(903325711,903325715,812310355,903325729,903325732,812310369,903325756,903325764,903325788,903325797,903325813,903325817,903325820,812310376,903325832,812310379,903325848,903325856,812310385,903325863,903325866,903325870,903325880,903325886,903325887,903325893,903325898,903325912,903325914,812310391,903325934,903325937,903325946,903325961,903325963,812310396,903325986,903325991,903326005,903326007,903326019,903326030,903326032,903326034,903326050,903326059,903326072,903326090,903326095,903326098,903326101,903326107,903326120,903326124,903326129,903326134,812310421,903326135,903326136,903326137,903326138,903326139)
 Cron execution ended at: 2022-04-28 19:03:29

***********************************************************

 Cron execution started at :2022-04-28 19:10:01 

 Total Count =>57

Total records SUCCESS: 0
() 
Total records FAIL: 0
() 
 Total records PENDING: 0
()
 Total records No Response: 57
(812310369,903325756,903325764,903325788,903325797,903325813,903325817,903325820,812310376,903325832,812310379,903325848,903325856,812310385,903325863,903325866,903325870,903325880,903325886,903325887,903325893,903325898,903325912,903325914,812310391,903325934,903325937,903325946,903325961,903325963,812310396,903325986,903325991,903326005,903326007,903326019,903326030,903326032,903326034,903326050,903326059,903326072,903326090,903326095,903326098,903326101,903326107,903326120,903326124,903326129,903326134,812310421,903326135,903326136,903326137,903326138,903326139)
 Cron execution ended at: 2022-04-28 19:13:25

***********************************************************

 Cron execution started at :2022-04-28 19:20:02 

 Total Count =>51

Total records SUCCESS: 0
() 
Total records FAIL: 6
(903325863,903326050,903326059,903326090,903326095,903326107) 
 Total records PENDING: 0
()
 Total records No Response: 45
(903325848,903325856,812310385,903325866,903325870,903325880,903325886,903325887,903325893,903325898,903325912,903325914,812310391,903325934,903325937,903325946,903325961,903325963,812310396,903325986,903325991,903326005,903326007,903326019,903326030,903326032,903326034,903326072,903326098,903326101,903326120,903326124,903326129,903326134,812310421,903326135,903326136,903326137,903326138,903326139,903326159,903326160,903326165,903326184,903326187)
 Cron execution ended at: 2022-04-28 19:23:16

***********************************************************

 Cron execution started at :2022-04-28 19:30:02 

 Total Count =>43

Total records SUCCESS: 0
() 
Total records FAIL: 11
(903325934,903325946,903325961,812310396,903326019,903326030,903326270,903326271,903326272,903326277,903326282) 
 Total records PENDING: 0
()
 Total records No Response: 32
(812310391,903325937,903325963,903325986,903325991,903326005,903326007,903326032,903326034,903326072,903326101,903326120,903326124,903326129,903326134,812310421,903326135,903326136,903326137,903326138,903326139,903326159,903326160,903326165,903326184,903326187,903326196,812310429,903326200,903326233,812310440,903326273)
 Cron execution ended at: 2022-04-28 19:32:34

***********************************************************

 Cron execution started at :2022-04-28 19:40:01 

 Total Count =>41

Total records SUCCESS: 0
() 
Total records FAIL: 4
(903326348,903326358,903326363,903326371) 
 Total records PENDING: 0
()
 Total records No Response: 37
(903326032,903326034,903326072,903326101,903326120,903326124,903326129,903326134,812310421,903326135,903326136,903326137,903326138,903326139,903326159,903326160,903326165,903326184,903326187,903326196,812310429,903326200,903326233,812310440,903326273,903326293,903326297,812310450,903326301,903326314,903326317,903326320,903326324,903326339,903326357,903326361,903326369)
 Cron execution ended at: 2022-04-28 19:42:28

***********************************************************

 Cron execution started at :2022-04-28 19:50:01 

 Total Count =>41

Total records SUCCESS: 0
() 
Total records FAIL: 3
(903326434,903326436,903326439) 
 Total records PENDING: 0
()
 Total records No Response: 38
(903326120,903326124,903326129,903326134,812310421,903326135,903326136,903326137,903326138,903326139,903326159,903326160,903326165,903326184,903326187,903326196,812310429,903326200,903326233,812310440,903326273,903326293,903326297,812310450,903326301,903326314,903326317,903326320,903326324,903326339,903326357,903326361,903326369,903326374,903326376,903326387,903326437,903326449)
 Cron execution ended at: 2022-04-28 19:52:57

***********************************************************

 Cron execution started at :2022-04-28 20:00:02 

 Total Count =>42

Total records SUCCESS: 0
() 
Total records FAIL: 7
(903326527,903326531,903326536,903326543,903326544,903326549,903326553) 
 Total records PENDING: 0
()
 Total records No Response: 35
(903326159,903326160,903326165,903326184,903326187,903326196,812310429,903326200,903326233,812310440,903326273,903326293,903326297,812310450,903326301,903326314,903326317,903326320,903326324,903326339,903326357,903326361,903326369,903326374,903326376,903326387,903326437,903326449,903326479,903326494,903326503,903326545,903326546,903326555,812310484)
 Cron execution ended at: 2022-04-28 20:04:03

***********************************************************

 Cron execution started at :2022-04-28 20:10:02 

 Total Count =>46

Total records SUCCESS: 0
() 
Total records FAIL: 3
(903326637,903326641,903326644) 
 Total records PENDING: 0
()
 Total records No Response: 43
(903326159,903326160,903326165,903326184,903326187,903326196,812310429,903326200,903326233,812310440,903326273,903326293,903326297,812310450,903326301,903326314,903326317,903326320,903326324,903326339,903326357,903326361,903326369,903326374,903326376,903326387,903326437,903326449,903326479,903326494,903326503,903326545,903326546,903326555,812310484,903326568,903326582,903326586,903326593,903326597,812310505,903326646,903326654)
 Cron execution ended at: 2022-04-28 20:14:10

***********************************************************

 Cron execution started at :2022-04-28 20:20:01 

 Total Count =>56

Total records SUCCESS: 0
() 
Total records FAIL: 8
(812310429,812310522,903326742,903326746,903326754,903326760,903326762,903326764) 
 Total records PENDING: 0
()
 Total records No Response: 48
(903326159,903326160,903326165,903326184,903326187,903326196,903326200,903326233,812310440,903326273,903326293,903326297,812310450,903326301,903326314,903326317,903326320,903326324,903326339,903326357,903326361,903326369,903326374,903326376,903326387,903326437,903326449,903326479,903326494,903326503,903326545,903326546,903326555,812310484,903326568,903326582,903326586,903326593,903326597,812310505,903326646,903326654,903326666,903326671,903326714,903326737,903326739,812310523)
 Cron execution ended at: 2022-04-28 20:24:54

***********************************************************

 Cron execution started at :2022-04-28 20:30:01 

 Total Count =>54

Total records SUCCESS: 0
() 
Total records FAIL: 3
(903326835,903326859,903326872) 
 Total records PENDING: 0
()
 Total records No Response: 51
(903326165,903326184,903326233,812310440,903326273,903326293,903326297,812310450,903326301,903326314,903326317,903326320,903326324,903326339,903326357,903326361,903326369,903326374,903326376,903326387,903326437,903326449,903326479,903326494,903326503,903326545,903326546,903326555,812310484,903326568,903326582,903326586,903326593,903326597,812310505,903326646,903326654,903326666,903326671,903326714,903326737,903326739,812310523,903326776,903326818,903326839,903326848,903326856,812310545,903326862,903326863)
 Cron execution ended at: 2022-04-28 20:34:29

***********************************************************

 Cron execution started at :2022-04-28 20:40:02 

 Total Count =>64

Total records SUCCESS: 0
() 
Total records FAIL: 4
(903326953,903326957,903326962,903326967) 
 Total records PENDING: 0
()
 Total records No Response: 60
(903326165,903326184,903326233,812310440,903326273,903326293,903326297,812310450,903326301,903326314,903326317,903326320,903326324,903326339,903326357,903326361,903326369,903326374,903326376,903326387,903326437,903326449,903326479,903326494,903326503,903326545,903326546,903326555,812310484,903326568,903326582,903326586,903326593,903326597,812310505,903326646,903326654,903326666,903326671,903326714,903326737,903326739,812310523,903326776,903326818,903326839,903326848,903326856,812310545,903326862,903326863,903326886,903326901,903326904,903326913,903326935,903326936,903326950,903326955,903326961)
 Cron execution ended at: 2022-04-28 20:45:33

***********************************************************

 Cron execution started at :2022-04-28 20:50:02 

 Total Count =>85

Total records SUCCESS: 0
() 
Total records FAIL: 8
(903327071,903327076,903327078,903327081,812310586,903327108,903327109,903327124) 
 Total records PENDING: 0
()
 Total records No Response: 77
(903326165,903326184,903326233,812310440,903326273,903326293,903326297,812310450,903326301,903326314,903326317,903326320,903326324,903326339,903326357,903326361,903326369,903326374,903326376,903326387,903326437,903326449,903326479,903326494,903326503,903326545,903326546,903326555,812310484,903326568,903326582,903326586,903326593,903326597,812310505,903326646,903326654,903326666,903326671,903326714,903326737,903326739,812310523,903326776,903326818,903326839,903326848,903326856,812310545,903326862,903326863,903326886,903326901,903326904,903326913,903326935,903326936,903326950,903326955,903326961,903326982,903326984,903326986,903326989,903326999,903327021,903327038,812310574,812310577,812310579,812310582,903327067,903327075,812310585,903327095,812310590,903327116)
 Cron execution ended at: 2022-04-28 20:56:57

***********************************************************

 Cron execution started at :2022-04-28 21:00:02 

 Total Count =>84

Total records SUCCESS: 0
() 
Total records FAIL: 3
(903327214,903327218,903327229) 
 Total records PENDING: 0
()
 Total records No Response: 81
(903326233,812310440,903326273,903326293,903326297,812310450,903326301,903326314,903326317,903326320,903326324,903326339,903326357,903326361,903326369,903326374,903326376,903326387,903326437,903326449,903326479,903326494,903326503,903326545,903326546,903326555,812310484,903326568,903326582,903326586,903326593,903326597,812310505,903326646,903326654,903326666,903326671,903326714,903326737,903326739,812310523,903326776,903326818,903326839,903326848,903326856,812310545,903326862,903326863,903326886,903326901,903326904,903326913,903326935,903326936,903326950,903326955,903326961,903326982,903326984,903326986,903326989,903326999,903327021,903327038,812310574,812310577,812310579,812310582,903327067,903327075,812310585,903327095,812310590,903327116,903327128,903327135,903327139,903327141,903327201,903327232)
 Cron execution ended at: 2022-04-28 21:07:12

***********************************************************

 Cron execution started at :2022-04-28 21:10:01 

 Total Count =>81

Total records SUCCESS: 0
() 
Total records FAIL: 18
(903326301,903326320,903326339,903326361,903326369,903326374,903326387,903326494,903326503,903326546,812310484,903326593,903326737,903326739,812310626,903327328,903327329,903327330) 
 Total records PENDING: 0
()
 Total records No Response: 63
(903326293,903326297,812310450,903326314,903326317,903326324,903326357,903326376,903326449,903326479,903326555,903326568,812310505,903326654,903326666,903326671,903326714,812310523,903326776,903326818,903326839,903326848,903326856,812310545,903326862,903326863,903326886,903326901,903326904,903326913,903326935,903326936,903326950,903326955,903326961,903326982,903326984,903326986,903326989,903326999,903327021,903327038,812310574,812310577,812310579,812310582,903327067,903327075,812310585,903327095,812310590,903327116,903327128,903327135,903327139,903327141,903327201,903327232,812310613,903327264,812310616,812310620,903327318)
 Cron execution ended at: 2022-04-28 21:16:40

***********************************************************

 Cron execution started at :2022-04-28 21:20:01 

 Total Count =>69

Total records SUCCESS: 0
() 
Total records FAIL: 5
(903326376,903326449,903327445,903327447,903327453) 
 Total records PENDING: 0
()
 Total records No Response: 64
(903326479,903326555,903326568,903326654,903326666,903326714,812310523,903326776,903326818,903326839,903326848,903326856,812310545,903326862,903326863,903326886,903326901,903326904,903326913,903326935,903326936,903326950,903326955,903326961,903326982,903326984,903326986,903326989,903326999,903327021,903327038,812310574,812310577,812310579,812310582,903327067,903327075,812310585,903327095,812310590,903327116,903327128,903327135,903327139,903327141,903327201,903327232,812310613,903327264,812310616,812310620,903327318,903327336,903327337,903327349,903327365,903327366,903327374,903327380,812310633,903327416,903327428,903327451,903327456)
 Cron execution ended at: 2022-04-28 21:25:22

***********************************************************

 Cron execution started at :2022-04-28 21:30:02 

 Total Count =>80

Total records SUCCESS: 0
() 
Total records FAIL: 6
(903327552,903327554,903327555,812310663,903327564,903327570) 
 Total records PENDING: 0
()
 Total records No Response: 74
(903326479,903326555,903326568,903326654,903326666,903326714,812310523,903326776,903326818,903326839,903326848,903326856,812310545,903326862,903326863,903326886,903326901,903326904,903326913,903326935,903326936,903326950,903326955,903326961,903326982,903326984,903326986,903326989,903326999,903327021,903327038,812310574,812310577,812310579,812310582,903327067,903327075,812310585,903327095,812310590,903327116,903327128,903327135,903327139,903327141,903327201,903327232,812310613,903327264,812310616,812310620,903327318,903327336,903327337,903327349,903327365,903327366,903327374,903327380,812310633,903327416,903327428,903327451,903327456,812310643,903327471,903327476,903327482,903327500,903327503,903327506,903327513,903327562,812310665)
 Cron execution ended at: 2022-04-28 21:36:13

***********************************************************

 Cron execution started at :2022-04-28 21:40:01 

 Total Count =>85

Total records SUCCESS: 0
() 
Total records FAIL: 5
(903327631,903327632,903327651,903327652,903327660) 
 Total records PENDING: 0
()
 Total records No Response: 80
(903326568,903326654,903326666,903326714,812310523,903326776,903326818,903326839,903326848,903326856,812310545,903326862,903326863,903326886,903326901,903326904,903326913,903326935,903326936,903326950,903326955,903326961,903326982,903326984,903326986,903326989,903326999,903327021,903327038,812310574,812310577,812310579,812310582,903327067,903327075,812310585,903327095,812310590,903327116,903327128,903327135,903327139,903327141,903327201,903327232,812310613,903327264,812310616,812310620,903327318,903327336,903327337,903327349,903327365,903327366,903327374,903327380,812310633,903327416,903327428,903327451,903327456,812310643,903327471,903327476,903327482,903327500,903327503,903327506,903327513,903327562,812310665,903327578,903327583,903327596,903327605,903327623,903327639,903327659,903327667)
 Cron execution ended at: 2022-04-28 21:47:16

***********************************************************

 Cron execution started at :2022-04-28 21:50:02 

 Total Count =>93

Total records SUCCESS: 0
() 
Total records FAIL: 9
(903327135,903327139,903327232,903327754,903327757,903327764,903327770,812310696,903327800) 
 Total records PENDING: 0
()
 Total records No Response: 84
(903326666,903326714,812310523,903326776,903326818,903326839,903326848,903326856,812310545,903326862,903326863,903326886,903326901,903326904,903326913,903326935,903326936,903326950,903326955,903326961,903326982,903326984,903326986,903326989,903326999,903327021,903327038,812310574,812310577,812310579,812310582,903327067,903327075,812310585,903327095,812310590,903327116,903327128,903327141,903327201,812310613,903327264,812310616,812310620,903327318,903327336,903327337,903327349,903327365,903327366,903327374,903327380,812310633,903327416,903327428,903327451,903327456,812310643,903327471,903327476,903327482,903327500,903327503,903327506,903327513,903327562,812310665,903327578,903327583,903327596,903327605,903327623,903327639,903327659,903327667,903327683,903327690,903327694,903327704,903327724,812310690,903327752,903327787,903327793)
 Cron execution ended at: 2022-04-28 21:57:53

***********************************************************

 Cron execution started at :2022-04-28 22:00:02 

 Total Count =>88

Total records SUCCESS: 0
() 
Total records FAIL: 20
(903326776,903326818,903326839,903326856,903326886,903326913,903326961,903326982,903327021,903327038,812310585,903327141,903327867,903327878,903327883,812310721,903327909,903327910,903327914,903327925) 
 Total records PENDING: 0
()
 Total records No Response: 68
(903326848,812310545,903326862,903326863,903326901,903326904,903326955,903326984,903326986,903326989,812310574,812310577,812310579,812310582,903327116,812310613,812310616,903327318,903327336,903327337,903327349,903327365,903327366,903327374,903327380,812310633,903327416,903327428,903327451,903327456,812310643,903327471,903327476,903327482,903327500,903327503,903327506,903327513,903327562,812310665,903327578,903327583,903327596,903327605,903327623,903327639,903327659,903327667,903327683,903327690,903327694,903327704,903327724,812310690,903327752,903327787,903327793,903327816,903327831,903327836,903327843,903327847,903327849,903327868,903327870,903327894,812310720,903327912)
 Cron execution ended at: 2022-04-28 22:07:30

***********************************************************

 Cron execution started at :2022-04-28 22:10:01 

 Total Count =>77

Total records SUCCESS: 0
() 
Total records FAIL: 3
(903328026,903328029,903328039) 
 Total records PENDING: 0
()
 Total records No Response: 74
(903326901,903326904,903326955,903326984,903326986,903326989,812310574,812310577,812310579,812310582,903327116,812310613,812310616,903327318,903327336,903327337,903327349,903327365,903327366,903327374,903327380,812310633,903327416,903327428,903327451,903327456,812310643,903327471,903327476,903327482,903327500,903327503,903327506,903327513,903327562,812310665,903327578,903327583,903327596,903327605,903327623,903327639,903327659,903327667,903327683,903327690,903327694,903327704,903327724,812310690,903327752,903327787,903327793,903327816,903327831,903327836,903327843,903327847,903327849,903327868,903327870,903327894,812310720,903327912,903327937,903327945,903327955,903327958,903327974,903327984,903327988,812310726,903327998,903328037)
 Cron execution ended at: 2022-04-28 22:16:22

***********************************************************

 Cron execution started at :2022-04-28 22:20:02 

 Total Count =>92

Total records SUCCESS: 0
() 
Total records FAIL: 9
(903328125,812310750,812310754,903328140,903328148,812310755,903328190,903328193,903328196) 
 Total records PENDING: 0
()
 Total records No Response: 83
(903326984,903326986,903326989,812310574,812310577,812310579,812310582,903327116,812310613,812310616,903327318,903327336,903327337,903327349,903327365,903327366,903327374,903327380,812310633,903327416,903327428,903327451,903327456,812310643,903327471,903327476,903327482,903327500,903327503,903327506,903327513,903327562,812310665,903327578,903327583,903327596,903327605,903327623,903327639,903327659,903327667,903327683,903327690,903327694,903327704,903327724,812310690,903327752,903327787,903327793,903327816,903327831,903327836,903327843,903327847,903327849,903327868,903327870,903327894,812310720,903327912,903327937,903327945,903327955,903327958,903327974,903327984,903327988,812310726,903327998,903328037,903328047,903328050,903328057,903328069,903328077,812310737,812310740,903328103,903328138,903328144,903328146,903328157)
 Cron execution ended at: 2022-04-28 22:28:03

***********************************************************

 Cron execution started at :2022-04-28 22:30:02 

 Total Count =>95

Total records SUCCESS: 0
() 
Total records FAIL: 7
(903328297,903328303,903328307,903328309,812310776,903328323,903328352) 
 Total records PENDING: 0
()
 Total records No Response: 87
(812310613,812310616,903327318,903327336,903327337,903327349,903327365,903327366,903327374,903327380,812310633,903327416,903327428,903327451,903327456,812310643,903327471,903327476,903327482,903327500,903327503,903327506,903327513,903327562,812310665,903327578,903327583,903327596,903327605,903327623,903327639,903327659,903327667,903327683,903327690,903327694,903327704,903327724,812310690,903327752,903327787,903327793,903327816,903327831,903327836,903327843,903327847,903327849,903327868,903327870,903327894,812310720,903327912,903327937,903327945,903327955,903327958,903327974,903327984,903327988,812310726,903327998,903328037,903328047,903328050,903328057,903328069,903328077,812310737,812310740,903328103,903328138,903328144,903328146,903328157,903328215,903328222,903328224,903328230,903328247,903328257,812310770,903328273,903328279,903328294,812310773,812310775)
 Cron execution ended at: 2022-04-28 22:39:03

***********************************************************

 Cron execution started at :2022-04-28 22:40:01 

 Total Count =>105

Total records SUCCESS: 0
() 
Total records FAIL: 35
(903327318,903327336,903327365,812310633,903327416,903327428,903327456,812310643,903327471,903327476,903327482,903327500,903327513,903327562,903327578,903327583,903327596,903327623,903327639,903327659,903327667,903327690,903327694,903327704,903327724,812310690,903327752,903327787,903328466,903328467,903328471,903328472,903328497,903328501,903328502) 
 Total records PENDING: 0
()
 Total records No Response: 70
(812310613,812310616,903327337,903327349,903327366,903327374,903327380,903327451,903327503,903327506,812310665,903327605,903327683,903327793,903327816,903327831,903327836,903327843,903327847,903327849,903327868,903327870,903327894,812310720,903327912,903327937,903327945,903327955,903327958,903327974,903327984,903327988,812310726,903327998,903328037,903328047,903328050,903328057,903328069,903328077,812310737,812310740,903328103,903328138,903328144,903328146,903328157,903328215,903328222,903328224,903328230,903328247,903328257,812310770,903328273,903328279,903328294,812310773,812310775,903328359,903328360,903328367,812310787,903328420,903328423,903328425,903328432,903328439,903328458,903328493)
 Cron execution ended at: 2022-04-28 22:50:18

***********************************************************

 Cron execution started at :2022-04-28 23:00:02 

 Total Count =>88

Total records SUCCESS: 0
() 
Total records FAIL: 5
(903328784,903328786,903328789,903328796,903328799) 
 Total records PENDING: 0
()
 Total records No Response: 83
(903327503,903327506,812310665,903327605,903327683,903327793,903327816,903327831,903327836,903327843,903327847,903327849,903327868,903327870,903327894,812310720,903327912,903327937,903327945,903327955,903327958,903327974,903327984,903327988,812310726,903327998,903328037,903328047,903328050,903328057,903328069,903328077,812310737,812310740,903328103,903328138,903328144,903328146,903328157,903328215,903328222,903328224,903328230,903328247,903328257,812310770,903328273,903328279,903328294,812310773,812310775,903328359,903328360,903328367,812310787,903328420,903328423,903328425,903328432,903328439,903328458,903328493,903328536,903328539,903328545,903328582,903328628,903328633,903328637,903328639,903328662,903328666,903328699,903328703,903328717,903328735,903328746,903328749,903328764,903328778,903328787,903328790,903328795)
 Cron execution ended at: 2022-04-28 23:08:35

***********************************************************

 Cron execution started at :2022-04-28 23:10:02 

 Total Count =>91

Total records SUCCESS: 0
() 
Total records FAIL: 4
(903328880,903328895,903328912,812310852) 
 Total records PENDING: 0
()
 Total records No Response: 87
(903327605,903327683,903327793,903327816,903327831,903327836,903327843,903327847,903327849,903327868,903327870,903327894,812310720,903327912,903327937,903327945,903327955,903327958,903327974,903327984,903327988,812310726,903327998,903328037,903328047,903328050,903328057,903328069,903328077,812310737,812310740,903328103,903328138,903328144,903328146,903328157,903328215,903328222,903328224,903328230,903328247,903328257,812310770,903328273,903328279,903328294,812310773,812310775,903328359,903328360,903328367,812310787,903328420,903328423,903328425,903328432,903328439,903328458,903328493,903328536,903328539,903328545,903328582,903328628,903328633,903328637,903328639,903328662,903328666,903328699,903328703,903328717,903328735,903328746,903328749,903328764,903328778,903328787,903328790,903328795,903328803,903328839,903328860,903328874,903328905,903328914,903328917)
 Cron execution ended at: 2022-04-28 23:18:52

***********************************************************

 Cron execution started at :2022-04-28 23:20:02 

 Total Count =>102

Total records SUCCESS: 0
() 
Total records FAIL: 15
(903328138,903328215,903328224,903328273,903328294,812310773,903328359,812310787,903328420,903328423,903328439,903328984,903328986,903328988,903328998) 
 Total records PENDING: 0
()
 Total records No Response: 87
(903327683,903327793,903327816,903327831,903327836,903327843,903327847,903327849,903327868,903327870,903327894,812310720,903327912,903327937,903327945,903327955,903327958,903327974,903327984,903327988,812310726,903327998,903328037,903328047,903328050,903328057,903328069,903328077,812310737,812310740,903328103,903328144,903328146,903328157,903328222,903328230,903328247,903328257,812310770,903328279,812310775,903328360,903328367,903328425,903328432,903328458,903328493,903328536,903328539,903328545,903328582,903328628,903328633,903328637,903328639,903328662,903328666,903328699,903328703,903328717,903328735,903328746,903328749,903328764,903328778,903328787,903328790,903328795,903328803,903328839,903328860,903328874,903328905,903328914,903328917,903328938,903328939,903328944,903328950,903328953,903328955,903328957,903328977,903328983,812310864,903329007,903329012)
 Cron execution ended at: 2022-04-28 23:30:16

***********************************************************

 Cron execution started at :2022-04-28 23:40:02 

 Total Count =>94

Total records SUCCESS: 0
() 
Total records FAIL: 17
(903327937,903327955,903327958,903327984,903327988,812310726,903327998,903328037,903328047,903328050,903328069,903328077,812310737,903328103,903329179,35100,903329189) 
 Total records PENDING: 0
()
 Total records No Response: 77
(903327945,903327974,903328057,812310740,903328247,812310770,903328279,903328425,903328432,903328458,903328493,903328536,903328539,903328545,903328582,903328628,903328633,903328637,903328639,903328662,903328666,903328699,903328703,903328717,903328735,903328746,903328749,903328764,903328778,903328787,903328790,903328795,903328803,903328839,903328860,903328874,903328905,903328914,903328917,903328938,903328939,903328944,903328950,903328953,903328955,903328957,903328977,903328983,812310864,903329007,903329012,903329028,903329033,903329040,903329045,903329062,903329063,903329071,903329076,903329079,903329081,903329100,903329107,903329111,903329119,903329120,903329125,903329128,903329132,903329135,812310898,903329153,903329156,903329177,903329192,903329216,903329217)
 Cron execution ended at: 2022-04-28 23:48:58

***********************************************************

 Cron execution started at :2022-04-28 23:50:01 

 Total Count =>86

Total records SUCCESS: 0
() 
Total records FAIL: 4
(903329216,903329295,903329299,903329302) 
 Total records PENDING: 0
()
 Total records No Response: 82
(903328057,812310740,903328247,812310770,903328279,903328425,903328432,903328458,903328493,903328536,903328539,903328545,903328582,903328628,903328633,903328637,903328639,903328662,903328666,903328699,903328703,903328717,903328735,903328746,903328749,903328764,903328778,903328787,903328790,903328795,903328803,903328839,903328860,903328874,903328905,903328914,903328917,903328938,903328939,903328944,903328950,903328953,903328955,903328957,903328977,903328983,812310864,903329007,903329012,903329028,903329033,903329040,903329045,903329062,903329063,903329071,903329076,903329079,903329081,903329100,903329107,903329111,903329119,903329120,903329125,903329128,903329132,903329135,812310898,903329153,903329156,903329177,903329192,903329217,812310903,903329229,903329233,903329239,903329243,903329250,903329264,903329270)
 Cron execution ended at: 2022-04-28 23:57:50
