
***********************************************************

 Cron execution started at :2023-02-11 02:45:01 

 Total Count =>440

Total records SUCCESS: 1
(903859960) 
Total records FAIL: 0
() 
 Total records PENDING: 57
(903859581,903859588,812367667,903859667,812367706,812367707,903859725,36784,903859764,903859769,903859779,903859822,903859823,903859840,903859842,903859847,903859860,903859863,812367760,903860029,812367781,903860086,903860089,903860104,903860111,903860145,903860157,903860164,903860166,903860170,903860239,903860245,903860302,903860315,903860332,903860392,903860418,903860425,903860450,903860501,903860530,903860571,903860580,903860591,903860594,903860598,903860610,903860681,903860692,903860714,903860726,903860727,903860738,903860757,903860833,903860851,903860859)
 Total records No Response: 382
(36781,903859574,903859580,903859584,903859586,903859591,903859593,903859595,903859600,903859601,903859603,903859605,903859609,812367658,903859611,903859612,903859614,903859616,903859618,812367659,812367660,812367661,812367662,812367664,812367665,812367668,903859627,812367669,812367670,812367671,812367672,903859629,903859634,903859635,812367675,903859636,903859637,903859640,903859641,903859644,812367676,903859649,903859653,812367678,812367679,812367680,903859657,903859660,903859661,812367681,812367682,812367683,812367684,812367685,812367686,812367687,812367688,812367689,812367690,812367691,812367692,812367694,812367695,812367696,812367697,812367698,812367699,812367700,812367701,812367702,812367703,903859672,903859677,903859678,903859679,903859680,903859681,903859682,903859684,903859685,903859691,903859692,903859694,903859695,903859696,903859700,903859702,903859704,903859708,903859709,903859712,812367712,903859715,812367715,812367716,812367717,903859719,903859723,903859727,903859730,903859732,903859736,903859738,903859743,903859749,903859751,903859753,903859755,903859756,903859758,903859766,812367728,903859772,903859775,903859787,903859788,812367737,903859792,903859795,903859796,903859799,812367741,812367742,812367744,903859818,903859819,812367746,812367747,812367748,812367749,812367750,812367751,812367753,903859828,903859832,903859835,903859839,36787,903859843,903859844,903859870,903859879,903859884,903859891,903859897,903859900,903859909,903859914,903859928,903859939,903859941,903859953,812367762,812367763,812367764,812367765,903859957,903859965,903859967,903859973,903859974,903859978,812367768,903859982,903859986,903859993,903859994,903859995,903859996,903859997,903860000,903860001,903860004,812367773,903860007,903860008,903860010,903860011,903860012,812367774,812367775,903860016,903860017,903860020,903860021,812367780,903860032,903860033,903860041,903860044,903860046,903860050,903860054,903860056,903860057,903860058,903860061,903860064,903860066,903860077,903860088,903860090,903860091,903860092,903860098,903860099,903860107,903860112,903860118,903860120,903860124,903860134,903860135,903860136,903860138,903860142,903860144,903860149,903860154,903860160,903860161,903860162,903860167,903860168,903860176,812367782,903860186,903860189,903860191,903860192,903860193,903860195,903860197,903860210,903860212,903860222,903860227,903860233,903860242,903860243,903860248,903860253,903860255,903860256,903860263,903860266,903860269,812367786,903860271,903860278,903860284,903860285,903860293,903860294,903860299,903860303,903860305,903860310,903860312,903860313,903860317,903860321,903860325,903860331,903860334,903860345,903860347,903860348,903860352,903860360,903860365,903860373,903860376,903860400,903860405,903860408,903860411,903860415,903860416,903860420,903860424,903860431,903860432,903860440,903860457,903860465,903860471,903860472,812367793,903860495,903860498,903860510,903860511,903860517,903860524,903860541,903860545,903860553,812367795,812367796,812367797,903860563,812367798,903860573,812367799,812367800,812367801,903860576,903860587,812367803,903860589,903860590,812367804,903860601,903860603,903860607,903860612,903860614,903860615,903860622,903860632,903860641,903860646,903860649,903860652,903860653,903860654,903860657,903860661,903860670,903860671,903860674,903860677,903860685,903860686,812367805,903860693,903860695,903860698,903860701,903860703,903860707,903860710,903860718,903860722,903860724,903860728,903860729,903860732,903860739,903860741,903860746,903860747,903860748,903860750,903860751,903860753,903860767,903860771,903860781,903860785,903860790,903860794,903860808,903860810,903860811,903860812,903860817,903860820,903860822,903860827,903860829,903860830,903860836,812367807,903860843,903860845,903860846,903860847,903860849,903860854,903860862)
 Cron execution ended at: 2023-02-11 02:54:33
