
***********************************************************

 Cron execution started at :2023-02-16 02:45:01 

 Total Count =>290

Total records SUCCESS: 1
(903863659) 
Total records FAIL: 0
() 
 Total records PENDING: 31
(903863444,903863458,903863511,903863536,903863553,903863561,903863578,903863589,36797,812368094,903863617,812368113,812368148,903863650,812368190,903863670,812368204,903863685,903863711,903863722,903863728,903863735,903863746,812368267,812368268,903863793,903863804,903863805,903863840,903863856,903863861)
 Total records No Response: 258
(903863436,903863438,903863439,903863442,903863443,903863448,903863450,903863453,903863461,812368071,903863471,903863480,903863481,812368073,812368074,812368075,903863490,903863491,903863492,903863493,903863503,903863504,903863509,903863512,903863519,903863525,903863527,903863530,903863540,903863548,903863550,903863558,903863560,903863563,812368081,903863571,903863572,903863577,812368084,903863594,903863595,903863597,903863599,812368089,812368090,812368091,903863601,903863602,903863603,903863608,812368098,903863609,903863610,903863612,903863619,903863620,903863622,903863624,903863625,903863626,903863627,903863628,812368102,812368103,812368104,812368105,812368106,812368107,812368108,812368110,903863630,812368112,903863633,812368115,812368116,812368117,903863635,903863636,903863637,903863638,812368120,812368121,812368124,812368125,812368126,812368127,812368128,812368129,812368130,812368131,812368132,812368133,812368134,812368135,812368136,812368137,812368138,812368139,812368140,812368141,812368142,812368143,812368144,812368145,812368146,812368147,903863640,903863642,812368155,812368162,812368163,812368164,812368165,903863646,812368169,812368170,812368174,812368176,812368177,812368178,903863656,812368181,903863657,903863658,812368184,812368188,812368189,903863663,903863664,903863665,812368197,812368198,812368199,903863669,812368203,903863674,812368205,812368206,812368207,812368208,812368209,903863676,812368211,903863678,812368212,812368213,812368214,812368216,812368217,812368218,812368219,812368223,812368224,812368225,812368226,812368227,812368228,903863688,903863689,903863692,812368231,812368232,812368234,903863693,903863698,903863704,903863705,812368241,812368242,812368243,812368244,812368245,812368246,812368247,812368248,903863708,903863718,903863721,812368251,903863729,903863730,36802,903863734,903863736,903863737,903863751,812368254,903863762,903863763,903863765,903863766,903863769,903863770,903863771,903863773,903863780,903863782,903863783,36803,812368265,812368269,903863794,903863796,812368272,812368273,812368274,812368275,812368276,812368277,812368278,903863798,812368281,812368283,812368284,812368285,812368286,903863799,812368290,812368294,812368296,812368298,903863814,903863815,903863818,903863819,903863820,903863822,903863824,903863825,903863826,903863828,903863829,903863830,903863839,812368308,812368313,812368314,812368315,903863845,903863846,812368317,812368318,812368320,903863851,812368321,812368322,812368323,812368324,903863857,903863865,903863866,903863868,903863870,903863871,903863873,903863875,903863879,812368328)
 Cron execution ended at: 2023-02-16 02:48:57
