
***********************************************************

 Cron execution started at :2023-02-10 01:30:01 

 Total Count =>210

Total records SUCCESS: 0
() 
Total records FAIL: 0
() 
 Total records PENDING: 16
(903859425,812367620,812367649,903859561,903859581,903859588,812367667,903859667,812367706,812367707,903859701,903859725,36784,903859764,903859769,903859779)
 Total records No Response: 194
(903859407,903859416,903859420,903859422,903859423,903859427,903859434,903859435,903859436,903859443,903859444,903859451,903859455,903859456,903859457,903859458,903859459,903859460,903859461,903859464,903859466,903859469,903859472,812367611,903859476,903859479,903859482,903859489,903859490,903859493,903859494,903859496,903859497,903859501,903859502,903859511,903859512,903859514,903859517,903859518,903859519,903859525,903859529,903859531,903859533,903859534,812367627,812367628,812367629,903859538,903859540,903859541,36775,903859544,36776,812367632,812367633,812367634,812367635,812367636,812367637,812367638,903859553,812367639,812367640,812367641,903859555,812367642,36779,903859557,903859558,903859559,36780,903859566,903859567,903859569,36781,903859574,903859580,903859584,903859586,903859591,903859593,903859595,903859600,903859601,903859603,903859605,903859609,812367658,903859611,903859612,903859614,903859616,903859618,812367659,812367660,812367661,812367662,812367664,812367665,812367668,903859627,812367669,812367670,812367671,812367672,903859629,903859634,903859635,812367675,903859636,903859637,903859640,903859641,903859644,812367676,903859649,903859653,812367678,812367679,812367680,903859657,903859660,903859661,812367681,812367682,812367683,812367684,812367685,812367686,812367687,812367688,812367689,812367690,812367691,812367692,812367694,812367695,812367696,812367697,812367698,812367699,812367700,812367701,812367702,812367703,903859672,903859677,903859678,903859679,903859680,903859681,903859682,903859684,903859685,903859691,903859692,903859694,903859695,903859696,903859700,903859702,903859704,903859708,903859709,903859712,812367712,903859715,812367715,812367716,812367717,903859719,903859723,903859727,903859730,903859732,903859736,903859738,903859743,903859749,903859751,903859753,903859755,903859756,903859758,903859766,812367728,903859772,903859775,903859787,903859788,812367737,903859792)
 Cron execution ended at: 2023-02-10 01:32:12
