
***********************************************************

 Cron execution started at :2023-02-05 00:15:01 

 Total Count =>215

Total records SUCCESS: 0
() 
Total records FAIL: 0
() 
 Total records PENDING: 18
(903857909,903857910,903857965,903858035,903858058,903858095,903858185,903858201,812367327,903858242,903858250,903858257,903858258,903858284,903858302,903858363,903858391,903858409)
 Total records No Response: 197
(903857900,903857907,903857917,903857918,903857919,903857925,903857932,903857920,903857931,903857928,903857938,903857941,903857942,903857945,903857949,903857950,903857944,903857956,903857959,903857960,903857961,903857964,903857963,903857969,903857972,903857974,903857978,903857981,903857990,903857985,903857992,903857993,812367298,812367299,903857999,903858009,903858010,903858012,903858008,903858025,903858026,903858032,903858033,903858037,903858043,903858048,903858050,903858052,903858045,903858053,903858054,903858064,903858056,903858070,903858079,903858066,903858082,903858078,903858080,903858087,903858105,903858106,903858096,903858115,903858098,903858101,903858117,903858109,903858125,903858119,812367316,903858127,903858122,812367313,812367314,812367315,812367318,903858133,903858135,903858126,903858129,903858148,903858149,812367320,812367321,903858154,903858155,903858159,903858171,903858177,903858165,812367322,903858168,903858169,903858182,903858187,903858172,812367323,903858190,903858176,903858191,903858193,903858195,903858207,903858205,903858211,903858202,812367326,903858217,903858219,903858222,903858213,903858223,903858235,903858228,903858238,903858240,812367329,812367331,903858241,812367334,903858251,903858254,903858255,903858267,903858268,36762,903858278,812367336,903858287,903858272,903858275,903858281,903858295,903858291,903858292,812367340,903858304,903858296,903858313,903858300,903858317,903858305,903858322,903858323,903858312,903858314,903858316,903858320,903858326,903858335,903858343,903858347,903858341,903858351,903858354,903858356,812367351,903858370,903858374,903858366,903858388,903858389,903858384,812367355,812367352,812367353,36763,812367354,36764,903858396,903858407,903858410,903858411,903858398,812367356,812367357,812367358,812367359,812367360,812367361,812367362,812367363,812367364,903858403,903858416,812367367,812367368,903858425,903858427,903858429,903858431,903858434,903858438,903858441,903858442,903858443)
 Cron execution ended at: 2023-02-05 00:18:24
