
***********************************************************

 Cron execution started at :2022-09-07 01:00:04 

 Total Count =>334

Total records SUCCESS: 0
() 
Total records FAIL: 2
(903583954,903583983) 
 Total records PENDING: 65
(812334053,903582757,812334068,903582777,903582788,903582792,903582738,903582764,903582758,903582859,812334078,903582797,812334089,903582897,903582904,903582925,812334129,812334135,903582984,812334146,903583037,903583044,903583107,903583122,903583130,903583132,903583115,903583190,903583285,903583289,903583303,903583307,903583322,903583351,903583328,903583418,812334248,903583449,903583458,903583461,903583485,903583487,903583512,903583578,903583607,903583554,903583630,903583639,903583575,903583726,903583732,903583745,903583819,903583785,903583828,903583832,903583838,903583847,903583866,903583901,812334375,903583936,903583944,903583951,903583976)
 Total records No Response: 266
(812334049,903582734,812334050,903582737,812334055,903582747,812334057,812334061,903582759,903582769,812334070,903582729,903582806,903582814,812334056,903582817,903582820,903582821,903582827,903582837,903582843,903582845,903582854,903582855,903582858,903582863,903582862,903582868,903582874,903582873,903582879,903582888,903582818,812334083,903582889,903582899,903582850,903582905,903582852,903582908,903582915,903582917,812334122,903582967,903582970,903582969,903582973,903582987,903582993,903582994,903582995,903582948,812334150,903583011,903583015,903582979,903583024,903583030,903583046,903583054,812334162,903583059,812334166,903583019,812334171,903583070,903583027,903583074,903583082,903583051,812334183,812334186,903583108,812334169,903583116,812334192,903583121,812334175,903583123,812334177,812334178,812334180,812334181,903583100,812334182,903583146,903583149,903583156,812334184,903583160,903583163,903583172,903583180,903583184,903583133,903583191,903583197,903583194,903583148,903583151,903583205,903583221,903583150,812334199,903583226,812334202,903583234,903583243,903583244,903583245,903583187,903583250,903583254,903583251,903583253,903583274,903583292,903583296,903583306,903583260,903583313,903583272,903583329,903583331,903583339,812334222,903583284,903583348,903583354,903583353,903583357,812334244,812334245,903583309,903583369,903583370,903583367,903583379,903583375,903583376,812334230,903583382,903583316,903583394,903583334,903583338,903583399,903583400,903583401,903583407,903583417,903583423,812334259,903583432,903583434,903583388,812334260,903583445,903583470,903583474,903583484,903583491,903583492,903583502,903583446,903583507,903583516,903583517,903583528,903583533,903583535,903583548,903583555,903583489,903583560,903583573,35893,903583582,903583589,903583592,903583603,903583615,812334286,903583558,903583635,903583643,903583655,903583657,903583658,903583666,903583668,903583674,903583678,903583677,903583682,903583692,812334315,903583675,903583676,903583722,903583729,903583731,903583733,903583741,903583742,903583747,903583748,903583752,903583756,903583755,903583758,903583753,903583761,812334326,903583765,903583776,903583777,903583781,812334328,903583771,903583798,903583773,903583800,903583802,903583806,903583775,903583808,903583780,903583782,903583821,812334342,903583825,903583826,903583833,903583840,903583845,903583846,812334347,903583849,812334350,903583834,812334351,812334352,903583841,812334354,812334362,903583871,903583875,903583886,903583869,903583907,812334379,903583915,903583916,903583919,903583927,903583930,812334381,812334382,903583937,903583939,903583952,812334383,903583967,903583968,903583986)
 Cron execution ended at: 2022-09-07 01:09:59

***********************************************************

 Cron execution started at :2022-09-07 01:20:02 

 Total Count =>254

Total records SUCCESS: 1
(812334403) 
Total records FAIL: 0
() 
 Total records PENDING: 42
(903583132,903583115,903583190,903583285,903583289,903583303,903583307,903583322,903583351,903583328,903583418,812334248,903583449,903583458,903583461,903583485,903583487,903583512,903583578,903583607,903583554,903583630,903583639,903583575,903583726,903583732,903583745,903583819,903583785,903583828,903583832,903583838,903583847,903583866,903583901,812334375,903583936,903583944,903583951,903583976,903584036,903584063)
 Total records No Response: 210
(812334180,812334181,903583100,812334182,903583146,903583149,903583156,812334184,903583160,903583163,903583172,903583180,903583184,903583133,903583191,903583197,903583194,903583148,903583151,903583205,903583221,903583150,812334199,903583226,812334202,903583234,903583243,903583244,903583245,903583187,903583250,903583254,903583251,903583253,903583274,903583292,903583296,903583306,903583260,903583313,903583272,903583329,903583331,903583339,812334222,903583284,903583348,903583354,903583353,903583357,812334244,812334245,903583309,903583369,903583370,903583367,903583379,903583375,903583376,812334230,903583382,903583316,903583394,903583334,903583338,903583399,903583400,903583401,903583407,903583417,903583423,812334259,903583432,903583434,903583388,812334260,903583445,903583470,903583474,903583484,903583491,903583492,903583502,903583446,903583507,903583516,903583517,903583528,903583533,903583535,903583548,903583555,903583489,903583560,903583573,35893,903583582,903583589,903583592,903583603,903583615,812334286,903583558,903583635,903583643,903583655,903583657,903583658,903583666,903583668,903583674,903583678,903583677,903583682,903583692,812334315,903583675,903583676,903583722,903583729,903583731,903583733,903583741,903583742,903583747,903583748,903583752,903583756,903583755,903583758,903583753,903583761,812334326,903583765,903583776,903583777,903583781,812334328,903583771,903583798,903583773,903583800,903583802,903583806,903583775,903583808,903583780,903583782,903583821,812334342,903583825,903583826,903583833,903583840,903583845,903583846,812334347,903583849,812334350,903583834,812334351,812334352,903583841,812334354,812334362,903583871,903583875,903583886,903583869,903583907,812334379,903583915,903583916,903583919,903583927,903583930,812334381,812334382,903583937,903583939,903583952,812334383,903583967,903583968,903583986,903583973,903583981,903583978,903583997,903583999,903584000,903584005,903584009,903584015,903584016,903584021,903584022,903584030,903584020,903584035,903584039,903584044,903584048,903584053,903584055,903584059,903584067,903584069,812334409,903584072)
 Cron execution ended at: 2022-09-07 01:27:11

***********************************************************

 Cron execution started at :2022-09-07 01:30:03 

 Total Count =>215

Total records SUCCESS: 2
(812334403,812334415) 
Total records FAIL: 0
() 
 Total records PENDING: 35
(903583328,903583418,812334248,903583449,903583458,903583461,903583485,903583487,903583512,903583578,903583607,903583554,903583630,903583639,903583575,903583726,903583732,903583745,903583819,903583785,903583828,903583832,903583838,903583847,903583866,903583901,812334375,903583936,903583944,903583951,903583976,903584036,903584063,903584094,903584099)
 Total records No Response: 178
(812334244,812334245,903583309,903583369,903583370,903583367,903583379,903583375,903583376,812334230,903583382,903583316,903583394,903583334,903583338,903583399,903583400,903583401,903583407,903583417,903583423,812334259,903583432,903583434,903583388,812334260,903583445,903583470,903583474,903583484,903583491,903583492,903583502,903583446,903583507,903583516,903583517,903583528,903583533,903583535,903583548,903583555,903583489,903583560,903583573,35893,903583582,903583589,903583592,903583603,903583615,812334286,903583558,903583635,903583643,903583655,903583657,903583658,903583666,903583668,903583674,903583678,903583677,903583682,903583692,812334315,903583675,903583676,903583722,903583729,903583731,903583733,903583741,903583742,903583747,903583748,903583752,903583756,903583755,903583758,903583753,903583761,812334326,903583765,903583776,903583777,903583781,812334328,903583771,903583798,903583773,903583800,903583802,903583806,903583775,903583808,903583780,903583782,903583821,812334342,903583825,903583826,903583833,903583840,903583845,903583846,812334347,903583849,812334350,903583834,812334351,812334352,903583841,812334354,812334362,903583871,903583875,903583886,903583869,903583907,812334379,903583915,903583916,903583919,903583927,903583930,812334381,812334382,903583937,903583939,903583952,812334383,903583967,903583968,903583986,903583973,903583981,903583978,903583997,903583999,903584000,903584005,903584009,903584015,903584016,903584021,903584022,903584030,903584020,903584035,903584039,903584044,903584048,903584053,903584055,903584059,903584067,903584069,812334409,903584072,903584073,812334410,903584074,812334411,812334412,812334413,903584078,812334414,812334417,812334418,903584084,812334419,903584088,812334416,903584093,812334423,812334425,903584107)
 Cron execution ended at: 2022-09-07 01:35:36

***********************************************************

 Cron execution started at :2022-09-07 01:50:01 

 Total Count =>161

Total records SUCCESS: 2
(812334403,812334415) 
Total records FAIL: 0
() 
 Total records PENDING: 19
(903583819,903583785,903583828,903583832,903583838,903583847,903583866,903583901,812334375,903583936,903583944,903583951,903583976,903584036,903584063,903584094,903584099,903584119,903584123)
 Total records No Response: 140
(812334326,903583765,903583776,903583777,903583781,812334328,903583771,903583798,903583773,903583800,903583802,903583806,903583775,903583808,903583780,903583782,903583821,812334342,903583825,903583826,903583833,903583840,903583845,903583846,812334347,903583849,812334350,903583834,812334351,812334352,903583841,812334354,812334362,903583871,903583875,903583886,903583869,903583907,812334379,903583915,903583916,903583919,903583927,903583930,812334381,812334382,903583937,903583939,903583952,812334383,903583967,903583968,903583986,903583973,903583981,903583978,903583997,903583999,903584000,903584005,903584009,903584015,903584016,903584021,903584022,903584030,903584020,903584035,903584039,903584044,903584048,903584053,903584055,903584059,903584067,903584069,812334409,903584072,903584073,812334410,903584074,812334411,812334412,812334413,903584078,812334414,812334417,812334418,903584084,812334419,903584088,812334416,903584093,812334423,812334425,903584107,903584124,903584125,812334431,812334432,903584127,903584130,812334433,812334434,903584132,812334435,903584135,903584140,903584143,812334440,903584144,812334441,812334442,903584149,812334450,812334444,903584151,812334453,812334457,812334446,812334458,812334459,812334447,812334448,812334449,812334452,812334454,812334455,812334456,812334461,903584159,812334462,812334463,812334464,903584160,812334465,812334466,812334468,812334470,812334471)
 Cron execution ended at: 2022-09-07 01:53:41

***********************************************************

 Cron execution started at :2022-09-07 02:00:03 

 Total Count =>175

Total records SUCCESS: 2
(812334403,812334415) 
Total records FAIL: 0
() 
 Total records PENDING: 21
(903583819,903583785,903583828,903583832,903583838,903583847,903583866,903583901,812334375,903583936,903583944,903583951,903583976,903584036,903584063,903584094,903584099,903584119,903584123,812334474,903584173)
 Total records No Response: 152
(903583776,903583777,903583781,812334328,903583771,903583798,903583773,903583800,903583802,903583806,903583775,903583808,903583780,903583782,903583821,812334342,903583825,903583826,903583833,903583840,903583845,903583846,812334347,903583849,812334350,903583834,812334351,812334352,903583841,812334354,812334362,903583871,903583875,903583886,903583869,903583907,812334379,903583915,903583916,903583919,903583927,903583930,812334381,812334382,903583937,903583939,903583952,812334383,903583967,903583968,903583986,903583973,903583981,903583978,903583997,903583999,903584000,903584005,903584009,903584015,903584016,903584021,903584022,903584030,903584020,903584035,903584039,903584044,903584048,903584053,903584055,903584059,903584067,903584069,812334409,903584072,903584073,812334410,903584074,812334411,812334412,812334413,903584078,812334414,812334417,812334418,903584084,812334419,903584088,812334416,903584093,812334423,812334425,903584107,903584124,903584125,812334431,812334432,903584127,903584130,812334433,812334434,903584132,812334435,903584135,903584140,903584143,812334440,903584144,812334441,812334442,903584149,812334450,812334444,903584151,812334453,812334457,812334446,812334458,812334459,812334447,812334448,812334449,812334452,812334454,812334455,812334456,812334461,903584159,812334462,812334463,812334464,903584160,812334465,812334466,812334468,812334470,812334471,903584163,812334473,903584167,812334476,903584168,812334477,903584170,812334479,812334481,812334482,903584174,903584176,903584177,903584178)
 Cron execution ended at: 2022-09-07 02:04:10

***********************************************************

 Cron execution started at :2022-09-07 02:20:02 

 Total Count =>146

Total records SUCCESS: 2
(812334403,812334415) 
Total records FAIL: 0
() 
 Total records PENDING: 15
(903583901,812334375,903583936,903583944,903583951,903583976,903584036,903584063,903584094,903584099,903584119,903584123,812334474,903584173,903584179)
 Total records No Response: 129
(812334362,903583871,903583875,903583886,903583869,903583907,812334379,903583915,903583916,903583919,903583927,903583930,812334381,812334382,903583937,903583939,903583952,812334383,903583967,903583968,903583986,903583973,903583981,903583978,903583997,903583999,903584000,903584005,903584009,903584015,903584016,903584021,903584022,903584030,903584020,903584035,903584039,903584044,903584048,903584053,903584055,903584059,903584067,903584069,812334409,903584072,903584073,812334410,903584074,812334411,812334412,812334413,903584078,812334414,812334417,812334418,903584084,812334419,903584088,812334416,903584093,812334423,812334425,903584107,903584124,903584125,812334431,812334432,903584127,903584130,812334433,812334434,903584132,812334435,903584135,903584140,903584143,812334440,903584144,812334441,812334442,903584149,812334450,812334444,903584151,812334453,812334457,812334446,812334458,812334459,812334447,812334448,812334449,812334452,812334454,812334455,812334456,812334461,903584159,812334462,812334463,812334464,903584160,812334465,812334466,812334468,812334470,812334471,903584163,812334473,903584167,812334476,903584168,812334477,903584170,812334479,812334481,812334482,903584174,903584176,903584177,903584178,903584187,903584190,903584188,903584192,812334486,903584199,903584205)
 Cron execution ended at: 2022-09-07 02:22:31

***********************************************************

 Cron execution started at :2022-09-07 02:30:03 

 Total Count =>135

Total records SUCCESS: 2
(812334403,812334415) 
Total records FAIL: 0
() 
 Total records PENDING: 13
(903583936,903583944,903583951,903583976,903584036,903584063,903584094,903584099,903584119,903584123,812334474,903584173,903584179)
 Total records No Response: 120
(903583927,903583930,812334381,812334382,903583937,903583939,903583952,812334383,903583967,903583968,903583986,903583973,903583981,903583978,903583997,903583999,903584000,903584005,903584009,903584015,903584016,903584021,903584022,903584030,903584020,903584035,903584039,903584044,903584048,903584053,903584055,903584059,903584067,903584069,812334409,903584072,903584073,812334410,903584074,812334411,812334412,812334413,903584078,812334414,812334417,812334418,903584084,812334419,903584088,812334416,903584093,812334423,812334425,903584107,903584124,903584125,812334431,812334432,903584127,903584130,812334433,812334434,903584132,812334435,903584135,903584140,903584143,812334440,903584144,812334441,812334442,903584149,812334450,812334444,903584151,812334453,812334457,812334446,812334458,812334459,812334447,812334448,812334449,812334452,812334454,812334455,812334456,812334461,903584159,812334462,812334463,812334464,903584160,812334465,812334466,812334468,812334470,812334471,903584163,812334473,903584167,812334476,903584168,812334477,903584170,812334479,812334481,812334482,903584174,903584176,903584177,903584178,903584187,903584190,903584188,903584192,812334486,903584199,903584205,903584206)
 Cron execution ended at: 2022-09-07 02:32:30

***********************************************************

 Cron execution started at :2022-09-07 02:40:02 

 Total Count =>122

Total records SUCCESS: 3
(812334403,812334415,812334489) 
Total records FAIL: 0
() 
 Total records PENDING: 9
(903584036,903584063,903584094,903584099,903584119,903584123,812334474,903584173,903584179)
 Total records No Response: 110
(903583973,903583981,903583978,903583997,903583999,903584000,903584005,903584009,903584015,903584016,903584021,903584022,903584030,903584020,903584035,903584039,903584044,903584048,903584053,903584055,903584059,903584067,903584069,812334409,903584072,903584073,812334410,903584074,812334411,812334412,812334413,903584078,812334414,812334417,812334418,903584084,812334419,903584088,812334416,903584093,812334423,812334425,903584107,903584124,903584125,812334431,812334432,903584127,903584130,812334433,812334434,903584132,812334435,903584135,903584140,903584143,812334440,903584144,812334441,812334442,903584149,812334450,812334444,903584151,812334453,812334457,812334446,812334458,812334459,812334447,812334448,812334449,812334452,812334454,812334455,812334456,812334461,903584159,812334462,812334463,812334464,903584160,812334465,812334466,812334468,812334470,812334471,903584163,812334473,903584167,812334476,903584168,812334477,903584170,812334479,812334481,812334482,903584174,903584176,903584177,903584178,903584187,903584190,903584188,903584192,812334486,903584199,903584205,903584206,903584213)
 Cron execution ended at: 2022-09-07 02:41:36

***********************************************************

 Cron execution started at :2022-09-07 02:50:01 

 Total Count =>112

Total records SUCCESS: 3
(812334403,812334415,812334489) 
Total records FAIL: 0
() 
 Total records PENDING: 9
(903584036,903584063,903584094,903584099,903584119,903584123,812334474,903584173,903584179)
 Total records No Response: 100
(903584030,903584020,903584035,903584039,903584044,903584048,903584053,903584055,903584059,903584067,903584069,812334409,903584072,903584073,812334410,903584074,812334411,812334412,812334413,903584078,812334414,812334417,812334418,903584084,812334419,903584088,812334416,903584093,812334423,812334425,903584107,903584124,903584125,812334431,812334432,903584127,903584130,812334433,812334434,903584132,812334435,903584135,903584140,903584143,812334440,903584144,812334441,812334442,903584149,812334450,812334444,903584151,812334453,812334457,812334446,812334458,812334459,812334447,812334448,812334449,812334452,812334454,812334455,812334456,812334461,903584159,812334462,812334463,812334464,903584160,812334465,812334466,812334468,812334470,812334471,903584163,812334473,903584167,812334476,903584168,812334477,903584170,812334479,812334481,812334482,903584174,903584176,903584177,903584178,903584187,903584190,903584188,903584192,812334486,903584199,903584205,903584206,903584213,903584218,903584221)
 Cron execution ended at: 2022-09-07 02:51:59

***********************************************************

 Cron execution started at :2022-09-07 03:10:02 

 Total Count =>79

Total records SUCCESS: 1
(812334489) 
Total records FAIL: 0
() 
 Total records PENDING: 5
(903584119,903584123,812334474,903584173,903584179)
 Total records No Response: 72
(903584124,903584125,812334431,812334432,903584127,903584130,812334433,812334434,903584132,812334435,903584135,903584140,903584143,812334440,903584144,812334441,812334442,903584149,812334450,812334444,903584151,812334453,812334457,812334446,812334458,812334459,812334447,812334448,812334449,812334452,812334454,812334455,812334456,812334461,903584159,812334462,812334463,812334464,903584160,812334465,812334466,812334468,812334470,812334471,903584163,812334473,903584167,812334476,903584168,812334477,903584170,812334479,812334481,812334482,903584174,903584176,903584177,903584178,903584187,903584190,903584188,903584192,812334486,903584199,903584205,903584206,903584213,903584218,903584221,903584222,903584228,903584231)
 Cron execution ended at: 2022-09-07 03:11:03

***********************************************************

 Cron execution started at :2022-09-07 03:20:02 

 Total Count =>65

Total records SUCCESS: 1
(812334489) 
Total records FAIL: 0
() 
 Total records PENDING: 3
(812334474,903584173,903584179)
 Total records No Response: 61
(903584143,812334440,903584144,812334441,812334442,903584149,812334450,812334444,903584151,812334453,812334457,812334446,812334458,812334459,812334447,812334448,812334449,812334452,812334454,812334455,812334456,812334461,903584159,812334462,812334463,812334464,903584160,812334465,812334466,812334468,812334470,812334471,903584163,812334473,903584167,812334476,903584168,812334477,903584170,812334479,812334481,812334482,903584174,903584176,903584177,903584178,903584187,903584190,903584188,903584192,812334486,903584199,903584205,903584206,903584213,903584218,903584221,903584222,903584228,903584231,903584239)
 Cron execution ended at: 2022-09-07 03:20:41

***********************************************************

 Cron execution started at :2022-09-07 03:30:03 

 Total Count =>36

Total records SUCCESS: 1
(812334489) 
Total records FAIL: 0
() 
 Total records PENDING: 3
(812334474,903584173,903584179)
 Total records No Response: 32
(903584163,812334473,903584167,812334476,903584168,812334477,903584170,812334479,812334481,812334482,903584174,903584176,903584177,903584178,903584187,903584190,903584188,903584192,812334486,903584199,903584205,903584206,903584213,903584218,903584221,903584222,903584228,903584231,903584239,903584247,903584250,903584251)
 Cron execution ended at: 2022-09-07 03:30:33

***********************************************************

 Cron execution started at :2022-09-07 03:40:02 

 Total Count =>24

Total records SUCCESS: 1
(812334489) 
Total records FAIL: 0
() 
 Total records PENDING: 2
(903584179,903584255)
 Total records No Response: 21
(903584187,903584190,903584188,903584192,812334486,903584199,903584205,903584206,903584213,903584218,903584221,903584222,903584228,903584231,903584239,903584247,903584250,903584251,903584254,903584258,903584261)
 Cron execution ended at: 2022-09-07 03:40:25

***********************************************************

 Cron execution started at :2022-09-07 03:50:02 

 Total Count =>22

Total records SUCCESS: 3
(812334489,903584269,903584267) 
Total records FAIL: 0
() 
 Total records PENDING: 1
(903584255)
 Total records No Response: 18
(812334486,903584199,903584205,903584206,903584213,903584218,903584221,903584222,903584228,903584231,903584239,903584247,903584250,903584251,903584254,903584258,903584261,903584268)
 Cron execution ended at: 2022-09-07 03:50:32

***********************************************************

 Cron execution started at :2022-09-07 04:00:04 

 Total Count =>18

Total records SUCCESS: 1
(812334489) 
Total records FAIL: 0
() 
 Total records PENDING: 1
(903584255)
 Total records No Response: 16
(903584206,903584213,903584218,903584221,903584222,903584228,903584231,903584239,903584247,903584250,903584251,903584254,903584258,903584261,903584268,903584272)
 Cron execution ended at: 2022-09-07 04:00:16

***********************************************************

 Cron execution started at :2022-09-07 04:10:01 

 Total Count =>22

Total records SUCCESS: 2
(812334489,903584280) 
Total records FAIL: 0
() 
 Total records PENDING: 3
(903584255,903584275,903584279)
 Total records No Response: 17
(903584213,903584218,903584221,903584222,903584228,903584231,903584239,903584247,903584250,903584251,903584254,903584258,903584261,903584268,903584272,903584273,903584276)
 Cron execution ended at: 2022-09-07 04:10:42

***********************************************************

 Cron execution started at :2022-09-07 04:20:01 

 Total Count =>20

Total records SUCCESS: 0
() 
Total records FAIL: 0
() 
 Total records PENDING: 3
(903584255,903584275,903584279)
 Total records No Response: 16
(903584218,903584221,903584222,903584228,903584231,903584239,903584247,903584250,903584251,903584254,903584258,903584261,903584268,903584272,903584273,903584276)
 Cron execution ended at: 2022-09-07 04:20:38

***********************************************************

 Cron execution started at :2022-09-07 04:30:02 

 Total Count =>20

Total records SUCCESS: 0
() 
Total records FAIL: 0
() 
 Total records PENDING: 3
(903584255,903584275,903584279)
 Total records No Response: 17
(903584222,903584228,903584231,903584239,903584247,903584250,903584251,903584254,903584258,903584261,903584268,903584272,903584273,903584276,903584285,903584286,903584288)
 Cron execution ended at: 2022-09-07 04:30:31

***********************************************************

 Cron execution started at :2022-09-07 04:50:03 

 Total Count =>22

Total records SUCCESS: 0
() 
Total records FAIL: 0
() 
 Total records PENDING: 3
(903584255,903584275,903584279)
 Total records No Response: 19
(903584239,903584247,903584250,903584251,903584254,903584258,903584261,903584268,903584272,903584273,903584276,903584285,903584286,903584288,903584292,903584296,903584299,903584300,903584301)
 Cron execution ended at: 2022-09-07 04:50:32

***********************************************************

 Cron execution started at :2022-09-07 05:00:04 

 Total Count =>23

Total records SUCCESS: 0
() 
Total records FAIL: 0
() 
 Total records PENDING: 3
(903584255,903584275,903584279)
 Total records No Response: 20
(903584247,903584250,903584251,903584254,903584258,903584261,903584268,903584272,903584273,903584276,903584285,903584286,903584288,903584292,903584296,903584299,903584300,903584301,903584307,903584308)
 Cron execution ended at: 2022-09-07 05:00:35

***********************************************************

 Cron execution started at :2022-09-07 05:10:03 

 Total Count =>20

Total records SUCCESS: 0
() 
Total records FAIL: 0
() 
 Total records PENDING: 3
(903584255,903584275,903584279)
 Total records No Response: 17
(903584254,903584258,903584261,903584268,903584272,903584273,903584276,903584285,903584286,903584288,903584292,903584296,903584299,903584300,903584301,903584307,903584308)
 Cron execution ended at: 2022-09-07 05:10:30

***********************************************************

 Cron execution started at :2022-09-07 05:20:01 

 Total Count =>22

Total records SUCCESS: 0
() 
Total records FAIL: 0
() 
 Total records PENDING: 2
(903584275,903584279)
 Total records No Response: 19
(903584268,903584272,903584273,903584276,903584285,903584286,903584288,903584292,903584296,903584299,903584300,903584301,903584307,903584308,903584323,903584324,903584321,903584325,903584330)
 Cron execution ended at: 2022-09-07 05:20:35

***********************************************************

 Cron execution started at :2022-09-07 05:30:03 

 Total Count =>26

Total records SUCCESS: 0
() 
Total records FAIL: 1
(812334507) 
 Total records PENDING: 3
(903584275,903584279,903584336)
 Total records No Response: 22
(903584272,903584273,903584276,903584285,903584286,903584288,903584292,903584296,903584299,903584300,903584301,903584307,903584308,903584323,903584324,903584321,903584325,903584330,903584335,903584341,903584342,903584345)
 Cron execution ended at: 2022-09-07 05:30:36

***********************************************************

 Cron execution started at :2022-09-07 05:40:02 

 Total Count =>29

Total records SUCCESS: 0
() 
Total records FAIL: 0
() 
 Total records PENDING: 6
(903584275,903584279,903584336,903584352,903584353,903584356)
 Total records No Response: 22
(903584273,903584276,903584285,903584286,903584288,903584292,903584296,903584299,903584300,903584301,903584307,903584308,903584323,903584324,903584321,903584325,903584330,903584335,903584341,903584342,903584345,903584347)
 Cron execution ended at: 2022-09-07 05:41:04

***********************************************************

 Cron execution started at :2022-09-07 05:50:02 

 Total Count =>32

Total records SUCCESS: 1
(812334509) 
Total records FAIL: 0
() 
 Total records PENDING: 4
(903584336,903584352,903584353,903584356)
 Total records No Response: 27
(903584285,903584286,903584288,903584292,903584296,903584299,903584300,903584301,903584307,903584308,903584323,903584324,903584321,903584325,903584330,903584335,903584341,903584342,903584345,903584347,903584361,903584358,903584362,903584364,903584372,903584373,903584370)
 Cron execution ended at: 2022-09-07 05:50:42

***********************************************************

 Cron execution started at :2022-09-07 06:00:04 

 Total Count =>41

Total records SUCCESS: 1
(812334509) 
Total records FAIL: 0
() 
 Total records PENDING: 7
(903584336,903584352,903584353,903584356,903584382,903584390,903584393)
 Total records No Response: 31
(903584285,903584286,903584288,903584292,903584296,903584299,903584300,903584301,903584307,903584308,903584323,903584324,903584321,903584325,903584330,903584335,903584341,903584342,903584345,903584347,903584361,903584358,903584362,903584364,903584372,903584373,903584370,903584384,903584378,903584395,903584397)
 Cron execution ended at: 2022-09-07 06:01:41

***********************************************************

 Cron execution started at :2022-09-07 06:20:02 

 Total Count =>51

Total records SUCCESS: 3
(812334509,812334517,903584451) 
Total records FAIL: 0
() 
 Total records PENDING: 11
(903584336,903584352,903584353,903584356,903584382,903584390,903584393,903584425,903584443,903584444,903584452)
 Total records No Response: 37
(903584299,903584300,903584301,903584307,903584308,903584323,903584324,903584321,903584325,903584330,903584335,903584341,903584342,903584345,903584347,903584361,903584358,903584362,903584364,903584372,903584373,903584370,903584384,903584378,903584395,903584397,903584401,903584404,903584405,903584409,903584410,903584412,903584419,903584431,903584442,903584447,812334525)
 Cron execution ended at: 2022-09-07 06:21:54

***********************************************************

 Cron execution started at :2022-09-07 06:30:02 

 Total Count =>67

Total records SUCCESS: 4
(812334509,812334517,812334531,812334532) 
Total records FAIL: 1
(903584482) 
 Total records PENDING: 14
(903584336,903584352,903584353,903584356,903584382,903584390,903584393,903584425,903584443,903584444,903584452,903584483,903584486,903584491)
 Total records No Response: 47
(903584307,903584308,903584323,903584324,903584321,903584325,903584330,903584335,903584341,903584342,903584345,903584347,903584361,903584358,903584362,903584364,903584372,903584373,903584370,903584384,903584378,903584395,903584397,903584401,903584404,903584405,903584409,903584410,903584412,903584419,903584431,903584442,903584447,812334525,812334523,812334524,812334526,903584460,812334528,812334529,812334533,812334534,812334535,812334536,903584468,903584469,903584476)
 Cron execution ended at: 2022-09-07 06:32:30

***********************************************************

 Cron execution started at :2022-09-07 06:40:02 

 Total Count =>80

Total records SUCCESS: 4
(812334509,812334517,812334531,812334532) 
Total records FAIL: 0
() 
 Total records PENDING: 14
(903584336,903584352,903584353,903584356,903584382,903584390,903584393,903584425,903584443,903584444,903584452,903584483,903584486,903584491)
 Total records No Response: 62
(903584323,903584324,903584321,903584325,903584330,903584335,903584341,903584342,903584345,903584347,903584361,903584358,903584362,903584364,903584372,903584373,903584370,903584384,903584378,903584395,903584397,903584401,903584404,903584405,903584409,903584410,903584412,903584419,903584431,903584442,903584447,812334525,812334523,812334524,812334526,903584460,812334528,812334529,812334533,812334534,812334535,812334536,903584468,903584469,903584476,812334538,812334539,812334540,903584504,903584513,903584503,903584517,812334543,812334544,812334545,812334548,812334549,812334550,903584526,903584527,903584529,903584533)
 Cron execution ended at: 2022-09-07 06:42:38

***********************************************************

 Cron execution started at :2022-09-07 06:50:01 

 Total Count =>101

Total records SUCCESS: 4
(812334509,812334517,812334531,812334532) 
Total records FAIL: 0
() 
 Total records PENDING: 15
(903584336,903584352,903584353,903584356,903584382,903584390,903584393,903584425,903584443,903584444,903584452,903584483,903584486,903584491,903584546)
 Total records No Response: 79
(903584323,903584324,903584321,903584325,903584330,903584335,903584341,903584342,903584345,903584347,903584361,903584358,903584362,903584364,903584372,903584373,903584370,903584384,903584378,903584395,903584397,903584401,903584404,903584405,903584409,903584410,903584412,903584419,903584431,903584442,903584447,812334525,812334523,812334524,812334526,903584460,812334528,812334529,812334533,812334534,812334535,812334536,903584468,903584469,903584476,812334538,812334539,812334540,903584504,903584513,903584503,903584517,812334543,812334544,812334545,812334548,812334549,812334550,903584526,903584527,903584529,903584533,903584538,903584539,812334551,903584542,903584544,903584547,903584555,812334554,812334556,812334557,903584560,903584545,903584551,903584549,903584569,903584577,903584580)
 Cron execution ended at: 2022-09-07 06:53:12

***********************************************************

 Cron execution started at :2022-09-07 10:20:02 

 Total Count =>340

Total records SUCCESS: 2
(812334857,812334878) 
Total records FAIL: 3
(903587135,903587178,903587190) 
 Total records PENDING: 66
(903586055,903586076,903586082,903586090,903586066,812334832,903586153,903586193,903586210,903586214,903586249,903586253,903586282,903586341,903586319,903586404,903586406,903586411,903586409,903586496,903586500,903586502,812334904,903586503,903586535,903586574,903586583,903586586,903586593,903586620,903586663,812334931,903586697,903586698,812334941,903586718,903586682,903586691,903586759,903586781,903586817,903586856,903586866,812334979,903586918,903586950,903586952,903586953,812334995,903586987,903586994,903587052,903587060,903587063,903587057,903587089,812335018,812335019,903587114,812335026,812335027,903587125,903587110,812335029,903587158,903587180)
 Total records No Response: 248
(903585994,903586007,903586009,903586012,903586014,812334822,903586027,903586033,812334828,903586046,903586071,903586089,903586100,903586099,903586103,903586106,903586114,903586117,903586121,812334835,903586142,903586172,903586188,903586186,903586187,903586190,903586194,903586199,903586202,903586208,903586212,903586222,903586224,903586236,903586239,903586241,812334856,903586256,903586269,903586275,812334867,903586288,903586293,903586295,903586298,903586303,903586314,903586323,903586331,903586338,903586343,903586307,903586321,903586367,903586370,812334881,903586391,903586393,903586394,903586355,903586398,903586408,903586374,903586380,903586423,903586425,903586431,903586441,903586407,903586443,903586445,812334892,903586456,812334894,903586472,903586473,903586474,812334896,812334897,903586477,812334898,903586478,903586485,812334899,903586494,812334903,903586510,903586482,903586517,903586486,903586516,812334907,812334908,903586521,903586523,903586527,903586529,903586534,903586544,903586520,903586555,812334919,903586558,903586578,903586585,903586552,903586556,903586595,903586561,903586605,903586626,903586633,903586636,903586640,903586641,903586656,903586660,903586664,903586666,903586670,903586668,903586669,903586672,903586679,903586680,903586681,903586686,903586694,903586709,903586714,903586717,903586721,903586699,903586735,903586711,812334946,903586764,903586766,903586772,903586749,812334952,903586778,903586780,903586782,903586785,903586787,812334954,903586801,903586803,903586779,903586805,812334956,812334957,903586807,812334958,903586811,812334959,812334960,812334961,812334962,903586814,812334963,903586823,903586826,903586794,903586831,903586809,903586836,903586837,903586840,812334969,903586845,903586853,903586858,903586872,903586873,903586874,812334971,903586880,903586868,903586899,812334982,903586901,903586889,903586908,903586936,903586939,812334986,903586940,903586946,903586947,903586949,903586923,812334990,903586956,812334993,903586958,903586959,903586960,812334994,903586938,903586962,903586963,903586964,903586970,903586971,903586978,903586990,903586973,903586999,903587002,903587007,903587014,903587015,903587017,903587022,903587032,903587036,903587039,903587040,903587013,903587062,903587068,903587069,903587070,903587074,903587080,903587081,812335016,903587065,903587099,903587100,812335022,903587117,903587121,812335025,903587129,903587130,903587133,903587134,903587141,903587107,903587151,903587154,903587159,903587195,903587203,903587205)
 Cron execution ended at: 2022-09-07 10:32:50

***********************************************************

 Cron execution started at :2022-09-07 12:10:02 

 Total Count =>241

Total records SUCCESS: 3
(812335079,903587597,812335155) 
Total records FAIL: 0
() 
 Total records PENDING: 56
(812335051,812335053,903587374,903587389,903587386,903587427,812335068,812335071,812335072,903587504,903587545,903587550,903587563,812335090,903587579,903587547,903587593,903587596,903587604,903587628,903587630,903587641,903587645,903587648,903587652,903587658,903587661,903587666,903587673,903587717,903587730,903587736,903587734,903587796,903587779,812335137,903587867,903587870,903587890,903587908,903587916,903587930,812335148,903587954,903587960,903587959,903587920,903587988,903588008,812335175,903588062,903588096,903588098,903588109,903588113,812335192)
 Total records No Response: 182
(903587311,903587319,903587351,903587317,903587355,903587379,903587337,812335055,903587347,812335057,903587388,812335059,903587391,903587393,812335061,812335062,903587402,812335063,903587375,903587411,812335066,903587426,903587435,903587438,903587439,903587404,812335069,903587450,903587454,903587457,903587423,903587475,903587477,812335075,812335081,903587495,903587496,903587502,903587468,903587510,903587514,812335084,903587519,903587543,812335088,903587559,903587561,903587562,903587575,903587580,903587585,903587589,903587595,903587594,903587601,812335095,903587615,903587621,903587623,903587573,903587626,903587636,903587639,903587643,903587649,812335102,903587656,903587657,903587659,903587662,903587625,903587638,903587679,812335108,903587693,903587712,903587715,903587720,903587721,903587671,903587726,812335115,903587735,812335117,903587738,812335119,903587750,812335122,903587752,812335123,903587755,812335124,812335125,903587763,903587768,903587776,812335127,903587725,903587741,812335129,812335130,903587792,903587739,903587794,812335132,903587803,903587810,903587811,903587813,903587817,903587822,903587828,903587850,903587853,903587861,903587865,903587868,903587869,903587876,903587877,903587839,903587884,812335139,903587895,903587896,812335142,903587911,903587912,903587882,903587915,903587922,903587878,903587929,903587943,903587944,903587956,903587958,903587910,812335150,812335159,903587928,903587973,812335163,903587975,903587979,812335153,903587989,903587991,903588006,903588012,903587971,903588014,903588016,903588018,903588023,812335169,903588030,903587981,812335171,903588038,903588041,903588046,903588017,903588053,903588033,903588060,903588065,903588067,903588068,903588070,903588073,903588081,903588085,903588086,812335188,812335178,903588099,903588103,903588111,903588110,903588116,903588119)
 Cron execution ended at: 2022-09-07 12:18:52

***********************************************************

 Cron execution started at :2022-09-07 12:30:02 

 Total Count =>142

Total records SUCCESS: 1
(812335155) 
Total records FAIL: 0
() 
 Total records PENDING: 29
(903587666,903587673,903587717,903587730,903587736,903587734,903587796,903587779,812335137,903587867,903587870,903587890,903587908,903587916,903587930,812335148,903587954,903587960,903587959,903587920,903587988,903588008,812335175,903588062,903588096,903588098,903588109,903588113,812335192)
 Total records No Response: 112
(903587625,903587638,903587679,812335108,903587693,903587712,903587715,903587720,903587721,903587671,903587726,812335115,903587735,812335117,903587738,812335119,903587750,812335122,903587752,812335123,903587755,812335124,812335125,903587763,903587768,903587776,812335127,903587725,903587741,812335129,812335130,903587792,903587739,903587794,812335132,903587803,903587810,903587811,903587813,903587817,903587822,903587828,903587850,903587853,903587861,903587865,903587868,903587869,903587876,903587877,903587839,903587884,812335139,903587895,903587896,812335142,903587911,903587912,903587882,903587915,903587922,903587878,903587929,903587943,903587944,903587956,903587958,903587910,812335150,812335159,903587928,903587973,812335163,903587975,903587979,812335153,903587989,903587991,903588006,903588012,903587971,903588014,903588016,903588018,903588023,812335169,903588030,903587981,812335171,903588038,903588041,903588046,903588017,903588053,903588033,903588060,903588065,903588067,903588068,903588070,903588073,903588081,903588085,903588086,812335188,812335178,903588099,903588103,903588111,903588110,903588116,903588119)
 Cron execution ended at: 2022-09-07 12:35:05

***********************************************************

 Cron execution started at :2022-09-07 15:00:05 

 Total Count =>62

Total records SUCCESS: 17
(903588217,903588222,903588223,903588163,903588142,903588231,903588237,903588239,903588241,903588250,903588254,903588263,903588269,903588271,903588273,903588278,903588280) 
Total records FAIL: 4
(903588207,812335210,903588191,903588267) 
 Total records PENDING: 6
(903588155,903588193,903588186,903588266,903588270,903588277)
 Total records No Response: 33
(903588125,903588132,903588130,903588139,903588136,903588154,903588161,903588165,903588167,903588173,903588208,903588219,903588209,903588225,903588226,903588228,812335206,903588232,903588235,812335209,903588244,812335211,903588248,903588249,903588189,903588256,903588258,903588194,903588261,903588182,903588264,812335218,903588276)
 Cron execution ended at: 2022-09-07 15:04:37
