
***********************************************************

 Cron execution started at :2023-02-07 02:45:01 

 Total Count =>303

Total records SUCCESS: 0
() 
Total records FAIL: 0
() 
 Total records PENDING: 30
(903858501,903858550,903858578,903858619,812367393,903858669,903858677,812367399,903858708,903858710,903858757,903858763,903858771,36768,812367438,903858821,903858823,36769,903858858,36772,903858923,812367470,903859029,903859035,903859040,903859058,903859071,903859080,903859115,903859129)
 Total records No Response: 273
(903858502,903858504,903858509,903858513,903858519,903858525,903858527,903858531,903858532,903858535,903858536,903858538,903858539,903858540,903858545,903858546,903858548,903858551,903858552,903858553,903858554,903858556,903858559,903858562,903858566,903858570,903858571,903858572,903858573,903858576,903858577,903858579,903858580,903858581,903858585,903858586,903858587,903858589,903858593,903858595,903858599,903858600,903858605,903858607,903858610,903858611,903858618,903858621,903858625,903858627,903858628,903858635,903858637,903858638,903858639,812367391,812367392,903858645,903858646,903858648,903858650,903858652,903858657,903858659,903858662,903858667,903858672,903858676,903858678,903858683,903858684,903858687,903858690,903858691,36766,903858693,903858697,903858698,812367401,812367402,812367403,903858701,812367404,812367405,812367406,812367407,812367408,812367409,812367410,812367411,903858706,903858707,903858711,903858713,903858715,903858725,903858730,903858735,903858737,903858742,903858747,812367422,903858751,903858754,903858755,903858756,903858758,903858761,903858765,903858767,903858768,903858770,903858772,903858773,903858775,903858778,903858779,903858780,903858781,903858783,903858785,903858787,903858793,903858794,903858796,903858798,903858801,903858804,903858805,903858807,903858808,903858811,903858813,903858814,903858817,903858822,903858824,903858828,903858829,903858833,903858835,903858836,903858838,903858842,903858843,903858844,903858845,903858846,36770,903858859,903858866,903858870,903858872,903858873,903858874,903858875,903858876,903858880,812367444,903858887,903858891,812367446,812367447,903858893,903858895,903858899,903858905,903858907,903858909,903858912,903858917,903858920,903858921,903858926,812367452,903858930,903858932,903858933,903858939,903858940,812367454,812367455,812367456,812367457,903858944,903858945,903858946,903858947,903858950,903858952,903858955,903858956,903858962,903858963,903858969,903858973,903858974,903858976,903858977,903858978,903858981,812367466,812367467,903858982,903858984,903858990,903858992,812367471,812367473,903858995,903858996,903858997,903858998,903859002,903859003,903859005,903859007,903859008,903859009,903859010,903859012,903859016,903859020,903859022,903859024,903859025,903859030,903859032,903859034,812367476,812367477,903859041,903859046,812367478,903859050,903859062,903859066,903859072,903859077,812367483,812367484,812367485,903859081,903859084,903859086,903859088,903859089,812367487,812367488,812367491,903859106,903859107,903859109,812367492,903859110,903859112,812367495,812367497,812367498,903859114,812367499,812367500,812367501,903859118,903859119,903859121,812367510,812367511,812367512,812367513,812367514,903859122,903859128)
 Cron execution ended at: 2023-02-07 02:49:59
