
***********************************************************

 Cron execution started at :2022-09-04 23:56:01 

 Total Count =>203

Total records SUCCESS: 3
(812329686,812329708,812329748) 
Total records FAIL: 0
() 
 Total records PENDING: 29
(903560392,903560368,903560412,903560432,812329683,903560525,812329689,903560601,903560617,812329710,903560683,903560678,903560752,903560755,903560766,903560777,903560805,903560817,903560824,903560825,903560829,903560839,903560842,903560862,903560882,903560896,903560898,903560901,903561004)
 Total records No Response: 170
(903560385,903560395,903560397,903560365,903560400,903560399,903560404,903560407,903560414,903560416,903560421,903560433,903560441,903560443,903560405,903560442,903560447,812329681,903560451,903560456,903560431,903560473,903560482,903560484,903560486,903560487,903560489,903560491,903560461,903560493,903560499,903560512,903560519,903560521,903560526,903560529,903560532,903560535,812329691,903560540,903560543,903560547,903560551,903560553,903560554,903560537,903560544,903560574,903560575,812329693,903560558,903560591,812329695,903560569,812329700,903560598,812329701,812329702,812329704,903560606,903560588,812329698,812329699,903560621,812329707,903560626,903560609,812329706,903560647,903560644,903560648,903560624,903560655,903560656,903560661,903560672,903560675,812329713,903560680,903560682,812329711,903560696,903560697,903560698,903560703,903560734,903560740,903560741,903560750,903560754,903560735,903560730,903560758,903560746,903560768,903560771,903560772,903560778,903560783,903560786,903560788,903560774,812329724,903560791,903560795,903560789,903560806,903560808,812329732,903560819,903560822,903560809,903560823,903560828,903560827,903560830,903560864,903560876,903560879,903560884,903560886,903560887,903560900,903560903,903560907,903560910,903560915,903560890,903560920,903560922,903560924,903560932,903560946,812329749,812329750,812329751,812329752,812329753,812329754,812329747,903560945,812329755,812329756,903560967,903560972,903560975,903560979,903560962,903560988,903560969,903560992,903560994,903560997,903561001,903561002,903561005,903561006,903561008,903560993,903561012,903561014,903560996,903561017,903561019,903561023,903561031,903561035,903561038,903561041,903561027)
 Cron execution ended at: 2022-09-05 00:00:30
