
***********************************************************

 Cron execution started at :2023-02-17 07:00:01 

 Total Count =>66

Total records SUCCESS: 2
(903864020,903864093) 
Total records FAIL: 0
() 
 Total records PENDING: 4
(903864018,812368381,903864070,812368414)
 Total records No Response: 60
(36806,812368361,903864007,812368362,812368363,903864011,903864013,36807,812368365,812368366,812368367,812368368,812368369,812368370,812368371,812368372,812368373,812368374,903864021,903864023,903864028,812368377,903864029,903864034,36810,903864041,903864046,36811,903864047,903864053,903864056,903864049,903864051,903864059,812368397,903864062,812368401,903864064,812368403,812368404,812368405,903864069,903864073,903864074,903864075,812368407,812368408,812368409,812368412,812368413,903864079,903864084,903864087,903864096,903864098,903864102,903864105,812368420,903864108,903864109)
 Cron execution ended at: 2023-02-17 07:00:41
