
***********************************************************

 Cron execution started at :2021-03-19 23:56:02 

 Total Count =>98

Total records SUCCESS: 2
(812243449,812243476) 
Total records FAIL: 9
(902704996,812243389,902705212,902705213,902705216,902705217,902705218,902705223,902705226) 
 Total records PENDING: 0
()
 Total records No Response: 85
(902704998,902704999,902705001,902705011,902705013,902705019,902705021,902705023,902705024,812243395,902705037,902705043,812243401,902705044,902705046,902705051,902705059,902705066,812243405,812243406,812243407,812243408,812243409,902705075,812243410,812243411,902705078,812243412,812243413,812243415,812243416,812243417,812243418,812243420,812243422,812243423,812243424,812243425,812243426,812243427,902705096,812243428,812243429,812243431,812243432,812243433,812243434,812243436,812243437,812243438,902705102,812243440,812243441,812243442,902705105,812243443,812243444,812243445,902705111,902705114,902705119,902705120,902705121,902705124,902705131,902705140,902705143,902705145,902705149,902705152,902705162,902705165,812243461,902705176,902705181,812243467,902705186,902705190,902705191,902705199,902705203,902705211,812243479,902705219,902705224)
 Cron execution ended at: 2021-03-20 00:00:13
