
***********************************************************

 Cron execution started at :2023-01-21 02:45:02 

 Total Count =>451

Total records SUCCESS: 5
(903851137,903851161,903851284,903851609,903851629) 
Total records FAIL: 0
() 
 Total records PENDING: 28
(812366291,812366293,812366294,903851152,903851159,903851179,903851206,903851258,903851263,903851271,903851272,903851290,903851299,903851331,812366349,903851388,903851413,903851422,903851481,903851509,903851515,903851584,903851591,903851612,903851656,903851670,903851700,903851764)
 Total records No Response: 418
(903851128,812366292,903851135,903851136,903851139,903851140,812366295,903851146,903851147,903851149,903851151,903851153,903851154,903851156,903851160,903851162,903851163,903851164,903851167,903851168,903851172,812366298,903851180,903851181,903851183,903851184,903851185,903851190,903851191,903851192,903851194,812366304,903851198,903851199,903851202,903851210,903851213,903851218,812366309,812366310,812366311,812366312,812366313,812366314,812366315,812366316,812366317,812366318,812366319,812366320,812366321,903851222,903851230,903851231,903851233,903851238,903851243,812366323,812366324,903851248,903851249,903851250,903851251,812366325,812366326,903851257,903851265,903851269,903851270,903851273,903851275,903851276,903851280,903851281,903851282,812366330,812366331,812366332,812366333,812366334,812366335,903851285,903851289,903851294,903851302,903851303,903851304,812366340,903851306,903851308,903851310,903851311,903851312,903851313,903851316,903851318,903851320,903851321,903851323,812366342,903851324,903851328,903851334,903851336,903851337,903851338,903851339,903851340,903851341,903851342,903851343,812366343,812366344,812366345,812366346,812366347,903851346,903851348,903851350,903851351,903851354,903851355,903851358,903851359,903851361,903851362,812366351,812366352,812366353,903851364,903851365,903851368,903851370,903851373,903851375,903851376,903851379,812366360,812366361,812366362,812366363,812366364,903851381,903851384,903851386,903851387,903851389,812366366,812366367,812366368,812366369,903851392,903851395,903851397,903851400,903851403,903851405,903851407,812366372,812366373,812366374,812366375,812366376,812366377,812366378,812366379,812366380,812366381,812366382,812366383,903851412,812366384,812366385,903851415,903851416,812366387,903851424,903851425,903851429,903851430,903851434,903851435,812366389,812366390,812366391,812366392,903851437,812366393,903851440,903851442,903851443,903851444,903851445,903851448,812366397,812366398,812366399,36704,903851449,903851452,903851456,903851457,903851459,903851461,903851463,903851464,903851466,903851467,903851468,903851471,812366404,812366405,812366406,812366407,812366408,903851472,903851475,903851476,903851477,903851480,903851485,903851486,812366410,812366411,812366412,812366413,812366414,812366415,812366416,903851489,903851492,903851497,903851502,903851505,903851506,903851514,812366417,812366418,812366419,903851518,903851519,903851520,812366421,903851528,903851529,903851530,903851533,903851535,903851536,903851538,903851539,903851543,903851559,903851560,903851562,903851567,903851569,903851571,903851573,903851576,903851581,903851583,903851585,903851587,903851588,903851589,903851594,903851595,903851597,903851598,903851600,903851601,903851602,812366424,903851606,903851608,903851610,903851611,903851614,903851615,903851616,903851618,903851619,903851620,903851621,903851624,903851626,903851627,812366425,812366426,903851628,903851630,903851631,903851632,903851633,903851634,903851635,903851637,903851639,903851640,903851641,903851644,903851647,903851648,903851651,903851652,903851653,903851654,903851655,903851657,903851659,903851660,903851663,903851664,903851665,903851666,903851671,903851673,903851674,903851676,903851677,903851679,903851680,903851681,903851683,903851684,903851686,903851688,903851689,903851690,903851691,903851693,903851694,903851695,903851697,903851701,903851702,903851703,903851704,903851707,903851708,903851709,903851717,903851721,903851722,903851724,812366432,812366433,903851726,812366434,812366435,903851728,903851733,903851739,903851746,812366438,812366439,812366440,903851748,903851749,903851751,903851753,903851754,903851755,812366441,812366442,812366443,903851757,812366444,812366445,812366446,812366447,812366448,812366449,812366450,903851758,812366451,812366452,812366453,812366454,812366455,812366456,812366457,812366458,812366459,812366460,812366461,812366462,812366463,812366464,812366465,812366466,812366467,812366468,812366469,812366470,812366471,812366472,812366473,812366474,812366475,812366476,812366477,812366478,903851767,903851769,812366479,812366480,812366481,812366482,812366483,812366484,812366485,812366486,812366487,812366488,903851770,903851774)
 Cron execution ended at: 2023-01-21 02:50:58
