
***********************************************************

 Cron execution started at :2023-01-24 00:15:02 

 Total Count =>76

Total records SUCCESS: 0
() 
Total records FAIL: 0
() 
 Total records PENDING: 6
(903852362,903852369,903852373,812366614,903852434,812366632)
 Total records No Response: 70
(903852344,903852343,903852348,903852346,903852349,903852351,903852355,903852352,903852370,903852359,903852360,903852363,903852367,903852374,903852372,903852379,903852389,812366605,903852388,903852397,903852401,903852403,812366609,812366610,36726,903852411,903852410,903852412,903852414,903852415,903852419,903852420,903852422,903852423,812366624,903852429,903852428,903852430,903852424,903852426,903852431,903852437,903852441,903852442,903852438,36727,903852439,903852440,903852444,903852447,903852448,903852455,903852458,903852461,903852462,812366637,903852465,903852467,903852468,903852472,903852475,903852474,903852478,812366642,812366643,812366644,812366649,812366646,812366647,812366648)
 Cron execution ended at: 2023-01-24 00:15:53
