
***********************************************************

 Cron execution started at :2022-09-18 23:55:02 

 Total Count =>174

Total records SUCCESS: 61
(903667018,903667047,903667049,903667059,903667060,903667064,903667071,903667045,903667074,903667080,903667054,903667061,903667083,903667088,903667089,903667091,903667093,903667098,903667099,903667104,903667111,903667081,903667123,903667101,903667094,903667127,903667115,903667136,903667143,903667161,903667171,903667177,903667188,903667168,903667196,903667197,903667210,903667212,903667213,903667222,903667230,903667215,903667246,903667247,903667253,903667261,903667262,903667266,903667269,903667270,903667273,812353833,903667283,903667289,903667291,903667292,903667304,903667294,903667315,903667317,903667326) 
Total records FAIL: 12
(903667063,903667069,903667100,903667119,903667187,903667190,903667221,812353819,903667290,903667276,903667297,903667316) 
 Total records PENDING: 15
(903667034,903667037,903667052,812353770,903667082,903667107,903667078,812353789,903667139,903667189,903667203,903667239,903667241,903667267,812353847)
 Total records No Response: 86
(903667040,903667041,903667046,903667055,903667056,903667065,812353767,903667058,903667076,903667079,903667084,812353773,903667095,812353774,903667075,812353776,903667105,903667112,903667118,903667120,903667087,903667097,903667128,903667129,903667109,903667117,812353784,903667132,903667148,903667131,903667151,903667134,903667152,903667138,903667154,903667141,903667156,903667145,903667166,903667170,903667153,903667174,812353804,903667175,903667179,903667182,903667184,903667163,903667186,812353807,903667201,903667209,903667214,903667199,903667220,903667226,903667231,903667234,903667235,903667236,903667242,903667243,903667249,903667250,903667254,903667255,36046,903667265,903667268,812353827,812353829,812353831,903667275,812353834,812353835,812353837,903667271,812353840,903667303,903667305,812353841,903667310,903667320,903667313,812353851,903667328)
 Cron execution ended at: 2022-09-19 00:14:12
