
***********************************************************

 Cron execution started at :2023-02-02 00:15:02 

 Total Count =>435

Total records SUCCESS: 0
() 
Total records FAIL: 0
() 
 Total records PENDING: 62
(903855396,903855420,903855435,903855436,903855441,903855446,812367107,812367109,903855533,903855574,903855577,903855655,903855674,903855694,903855707,903855745,903855751,903855754,903855778,903855814,903855816,903855813,903855828,903855830,903855845,903855900,903855928,903855930,903855938,903855969,903855973,903855979,903855994,903855998,903856000,903856041,903856075,903856123,903856129,903856133,903856153,903856191,903856194,903856201,903856211,903856223,903856226,903856259,903856314,903856324,903856331,903856337,903856340,903856345,903856373,903856377,903856389,903856393,903856410,903856414,903856448,903856478)
 Total records No Response: 373
(812367086,812367087,812367088,903855382,812367089,903855385,903855355,812367091,903855363,903855367,903855402,903855405,903855379,903855406,903855419,812367095,812367096,903855426,903855383,812367097,903855432,812367098,903855439,812367099,812367100,812367101,812367102,903855442,903855399,903855450,903855452,903855413,903855460,903855458,903855430,903855475,903855479,903855451,903855492,903855457,903855459,903855497,903855499,903855470,903855502,903855503,903855473,903855510,903855513,903855515,903855509,903855516,903855486,903855490,903855523,903855528,903855529,903855511,903855531,903855522,903855542,903855543,903855544,903855549,903855545,903855553,903855551,903855554,903855556,903855558,903855546,903855560,903855568,903855573,903855567,903855578,903855584,903855586,903855587,903855588,903855592,903855598,812367113,903855602,812367114,903855605,903855611,903855614,903855615,903855618,903855609,903855612,903855639,903855633,903855634,903855650,903855653,903855641,903855664,903855646,903855648,812367116,903855672,903855656,903855677,903855663,903855681,903855666,903855667,903855682,903855670,903855689,903855690,903855691,903855695,903855696,903855703,903855686,903855709,903855716,903855702,903855722,903855724,903855708,903855713,903855732,903855740,903855730,903855742,903855743,903855737,903855752,903855763,903855744,903855770,903855757,903855798,903855780,903855790,903855829,903855837,903855807,903855844,903855811,903855847,903855846,903855849,903855825,903855853,903855855,903855836,903855867,903855852,903855875,903855888,903855891,903855871,903855874,903855877,903855882,903855885,903855887,903855889,903855908,903855911,903855915,903855916,903855922,903855921,903855929,903855918,903855931,903855943,903855944,903855950,903855952,812367131,812367132,903855963,903855965,903855940,903855978,903855980,903855991,903856006,903856008,903856009,903856010,903856011,903856012,903856013,903856014,903856015,903856016,903856017,903856018,903856019,903856021,903856023,903855988,903856025,903856026,903856027,903856028,903856030,903856031,903856032,903856033,903856034,903856035,903856036,903856038,903856039,903856043,903856051,903856053,903856024,903856056,903856037,903856058,903856042,903856064,903856067,903856076,903856079,903856059,903856060,903856084,903856063,903856065,903856087,903856090,903856098,903856101,903856083,812367138,903856088,903856119,903856102,903856126,903856105,903856136,903856124,903856143,903856142,903856156,903856131,903856159,903856168,903856170,903856154,903856177,903856179,903856181,903856187,903856188,903856193,903856198,903856175,903856199,903856203,903856204,903856185,903856212,903856215,903856195,903856221,903856225,903856230,903856238,903856220,903856241,903856229,903856245,903856246,903856252,903856257,903856261,903856266,903856269,903856270,903856254,903856264,903856271,903856278,903856282,903856297,903856284,903856299,36757,903856304,903856302,903856293,903856294,903856311,903856315,903856316,903856319,903856320,903856309,903856322,903856326,903856328,903856329,903856332,903856325,903856346,903856347,903856348,903856350,903856351,903856330,903856360,903856364,903856376,903856379,903856368,903856369,903856371,903856378,903856382,903856384,903856399,903856386,903856400,903856402,903856405,903856406,903856411,903856394,903856395,903856417,903856428,903856408,903856431,903856443,903856436,903856423,903856429,903856432,903856440,903856441,903856457,903856461,903856466,903856470,903856471,903856456,903856458,903856482,903856475,903856476,903856489,903856507,903856509,903856513,903856501,903856503,903856505,903856521,903856510,903856511,903856529,903856522,903856523,903856524,903856546,903856528,903856531,903856535,903856540,903856542,903856566)
 Cron execution ended at: 2023-02-02 00:24:45
