
***********************************************************

 Cron execution started at :2023-01-24 02:45:01 

 Total Count =>262

Total records SUCCESS: 0
() 
Total records FAIL: 0
() 
 Total records PENDING: 18
(36722,903852115,903852121,903852148,903852155,903852210,903852217,903852243,903852247,903852268,903852309,903852362,903852369,903852373,812366614,903852434,812366632,903852491)
 Total records No Response: 244
(903852095,903852097,903852096,903852099,903852103,903852104,903852106,903852108,36724,903852113,903852112,903852119,903852117,903852120,903852126,903852127,903852128,903852129,903852130,903852124,903852131,903852133,903852137,903852135,903852139,903852138,812366528,812366529,903852141,903852150,903852152,903852151,903852160,812366532,812366533,903852162,812366534,812366535,812366536,812366537,812366538,812366539,812366540,812366541,812366542,903852161,903852165,903852170,903852171,903852167,903852169,903852174,903852176,903852180,903852181,903852182,903852185,903852183,903852190,903852184,812366546,812366547,812366548,812366549,903852189,903852194,812366552,903852197,903852198,812366550,812366551,903852195,903852205,903852207,812366553,903852208,903852209,903852213,903852206,812366555,903852221,903852222,903852219,903852224,903852225,812366556,812366557,812366558,812366559,812366560,903852229,903852228,903852231,903852230,903852232,812366561,812366562,903852242,903852239,903852238,903852245,812366564,812366565,903852248,903852257,812366566,903852258,812366567,812366568,903852252,903852253,812366569,903852263,903852259,812366572,812366573,812366574,903852269,903852265,903852267,903852273,812366577,812366578,812366579,812366580,903852275,903852280,812366582,903852276,903852285,903852291,903852282,903852289,903852293,903852294,812366583,812366584,812366585,812366586,812366587,812366588,812366589,812366591,903852322,903852316,903852320,903852326,812366596,812366597,812366598,903852323,903852335,903852327,903852338,903852334,812366600,812366601,812366602,812366603,903852344,903852343,903852348,903852346,903852349,903852351,903852355,903852352,903852370,903852359,903852360,903852363,903852367,903852374,903852372,903852379,903852389,812366605,903852388,903852397,903852401,903852403,812366609,812366610,36726,903852411,903852410,903852412,903852414,903852415,903852419,903852420,903852422,903852423,812366624,903852429,903852428,903852430,903852424,903852426,903852431,903852437,903852441,903852442,903852438,36727,903852439,903852440,903852444,903852447,903852448,903852455,903852458,903852461,903852462,812366637,903852465,903852467,903852468,903852472,903852475,903852474,903852478,812366642,812366643,812366644,812366649,812366646,812366647,812366648,812366652,812366653,812366654,812366655,812366656,812366657,812366658,812366659,812366660,812366661,812366662,903852484,903852487,903852489,903852490)
 Cron execution ended at: 2023-01-24 02:47:39
