
***********************************************************

 Cron execution started at :2022-04-20 23:40:02 

 Total Count =>167

Total records SUCCESS: 0
() 
Total records FAIL: 73
(903240447,903240453,903240465,903240467,903240470,903240494,903240496,903240502,903240504,903240508,903240509,903240510,903240512,903240517,903240524,903240534,903240538,903240539,903240564,903240573,903240587,903240593,903240600,903240602,903240621,903240625,903240630,903240632,903240641,903240646,903240659,903240667,903240676,903240680,903240692,903240695,903240706,903240723,903240742,903240747,903240749,903240754,903240759,903240772,903240779,903240801,903240808,903240812,903240816,35006,903240826,903240832,903240844,903240845,903240854,903240857,903240858,903240863,903240882,903240902,903240908,903240922,903240928,903240932,903240935,903240938,903240959,903240978,903240980,903240987,903240997,903241039,903241046) 
 Total records PENDING: 0
()
 Total records No Response: 94
(903239659,903239661,903239682,903239709,903239732,903239749,903239754,903239759,903239805,903239807,903239830,903239847,903239857,903239860,903239865,903239869,903239873,903239876,903239884,903239890,903239912,903239920,903239930,903239933,903239950,903239960,903239971,903239989,903239994,812300244,903240017,903240025,903240038,903240048,903240065,903240120,903240123,903240126,903240131,903240144,903240151,812300256,812300257,903240159,903240166,903240177,903240189,903240202,903240204,903240234,812300262,903240293,903240319,903240364,903240404,903240429,903240499,903240515,903240518,903240525,903240526,903240546,903240562,903240597,903240599,903240611,903240645,903240647,903240648,903240664,903240675,903240677,903240683,903240693,903240717,903240718,903240737,812300282,812300283,812300284,903240829,903240837,903240843,903240852,903240868,903240870,903240876,903240889,903240919,903240966,903241018,903241024,903241033,903241038)
 Cron execution ended at: 2022-04-21 00:00:05
