
***********************************************************

 Cron execution started at :2023-02-11 07:00:02 

 Total Count =>282

Total records SUCCESS: 1
(903860501) 
Total records FAIL: 0
() 
 Total records PENDING: 40
(903860029,812367781,903860086,903860089,903860104,903860111,903860145,903860157,903860164,903860166,903860170,903860239,903860245,903860302,903860315,903860332,903860392,903860418,903860425,903860450,903860530,903860571,903860580,903860591,903860594,903860598,903860610,903860681,903860692,903860714,903860727,903860726,903860738,903860757,903860833,903860851,903860859,903860887,903860904,903860906)
 Total records No Response: 241
(903859994,903859986,903859997,903860001,903860004,812367773,903859993,903859995,903859996,903860010,903860011,903860012,903860000,812367774,812367775,903860007,903860008,903860021,903860016,903860017,903860041,903860020,903860046,903860033,903860057,903860064,903860091,903860092,903860090,903860112,903860118,812367780,903860124,903860032,903860135,903860142,903860144,903860044,903860050,903860149,903860054,903860056,903860154,903860058,903860061,903860162,903860066,903860168,903860077,903860161,903860176,903860088,903860098,903860099,903860191,903860193,903860195,903860107,903860120,903860212,903860134,903860136,903860138,903860222,903860233,903860160,903860227,903860243,903860167,812367782,903860242,903860256,903860186,903860189,903860192,903860197,812367786,903860210,903860284,903860285,903860299,903860248,903860305,903860253,903860310,903860313,903860255,903860263,903860325,903860266,903860269,903860271,903860334,903860278,903860345,903860293,903860294,903860360,903860303,903860365,903860312,903860317,903860321,903860373,903860331,903860347,903860348,903860352,903860408,903860411,903860416,903860376,903860415,903860420,903860424,903860440,903860400,903860405,903860457,903860472,812367793,903860431,903860432,903860465,903860510,903860471,903860524,903860541,903860495,903860498,903860511,903860553,903860517,903860563,903860545,903860576,903860590,812367795,812367796,812367797,903860601,903860607,903860612,903860614,812367798,903860573,812367799,812367800,812367801,903860587,812367803,903860589,903860632,812367804,903860603,903860652,903860615,903860657,903860661,903860622,903860670,903860671,903860674,903860677,903860685,812367805,903860641,903860693,903860695,903860646,903860649,903860653,903860654,903860701,903860710,903860718,903860686,903860732,903860698,903860739,903860703,903860707,903860746,903860748,903860750,903860722,903860747,903860724,903860751,903860728,903860729,903860771,903860741,903860753,903860781,903860785,903860767,903860794,903860808,903860790,903860817,903860820,903860822,903860810,903860811,903860812,903860829,903860830,903860836,812367807,903860843,903860845,903860827,903860846,903860854,903860847,903860862,903860849,903860872,903860865,903860874,812367809,903860876,903860888,903860891,903860893,903860885,903860892,903860900,903860901,903860896,903860907,812367810,812367811,903860908,812367813,812367814,812367815,812367816,812367817,812367818)
 Cron execution ended at: 2023-02-11 07:06:47

***********************************************************

 Cron execution started at :2023-02-11 19:00:01 

 Total Count =>257

Total records SUCCESS: 0
() 
Total records FAIL: 0
() 
 Total records PENDING: 22
(903860918,903860931,903860944,903860955,903860957,903860962,903861003,903861015,903861016,903861018,903861070,903861075,903861086,903861112,903861137,903861145,812367833,903861172,903861199,903861213,903861218,903861383)
 Total records No Response: 235
(903860915,903860921,903860919,903860923,903860929,903860932,903860935,903860934,903860937,903860948,903860949,903860953,812367820,903860971,903860954,812367821,903860982,903860973,903860987,903860991,903860980,903860994,903860996,903860988,903861008,903861010,903860995,903861024,903861030,903861020,903861033,903861043,903861056,903861040,903861061,903861042,903861074,903861048,903861051,903861081,903861084,903861072,903861087,903861079,903861094,903861095,903861082,903861092,903861107,812367825,903861102,812367824,903861116,903861118,903861120,903861121,903861125,903861128,903861131,903861132,903861114,903861136,903861115,903861126,903861127,903861153,812367828,812367829,812367830,812367831,903861161,903861164,903861165,903861143,903861168,903861147,903861173,903861176,903861180,903861195,903861197,903861216,903861183,903861225,903861184,903861187,903861194,903861196,903861232,903861200,903861240,903861243,903861241,903861222,903861229,812367837,812367838,812367839,812367840,812367841,812367842,903861252,903861254,903861271,903861259,903861274,903861277,903861281,903861285,903861286,903861287,903861268,903861292,903861296,903861273,903861302,903861276,903861306,903861283,903861289,903861293,903861319,903861320,903861321,903861305,903861325,903861326,903861330,903861312,903861336,903861342,903861347,903861353,903861352,903861361,903861364,903861366,903861341,903861367,903861351,903861362,903861363,903861392,812367850,903861396,903861397,903861398,903861399,903861400,903861401,903861402,903861403,903861404,903861381,903861405,903861406,903861382,903861407,903861385,903861408,903861409,903861389,903861390,903861410,903861411,903861394,903861415,903861417,903861418,903861413,903861419,903861414,903861420,903861421,903861422,812367851,903861423,812367852,812367853,812367854,812367855,812367856,812367857,903861424,812367858,903861425,903861426,903861427,903861429,903861430,903861431,903861432,903861412,812367859,903861434,812367860,903861416,903861435,903861436,903861438,903861439,903861440,903861441,903861442,903861443,903861444,903861445,903861446,812367862,812367863,812367864,812367866,812367868,812367869,903861428,903861433,903861447,903861448,903861449,903861450,903861451,903861452,903861453,903861455,903861456,903861457,903861437,903861458,903861459,903861460,903861454,903861461,903861462,903861463,903861464)
 Cron execution ended at: 2023-02-11 19:04:25
