
***********************************************************

 Cron execution started at :2022-09-11 23:45:06 

 Total Count =>147

Total records SUCCESS: 44
(903627913,903627922,903627909,903627929,903627932,903627918,903627939,903627947,903627937,903627955,903627952,903627959,903627961,903627969,903627973,903627977,903627979,903627980,903627987,903627985,903627990,903627982,903628001,903628003,903628012,903628004,903628022,903628019,903628040,903628042,903628052,903628054,903628047,903628057,903628059,903628060,903628062,903628075,903628083,903628096,903628098,903628107,903628108,903628114) 
Total records FAIL: 14
(903627917,903627960,903627989,903627997,903628005,903628027,903628024,903628056,903628061,903628069,903628074,903628078,812343669,903628100) 
 Total records PENDING: 11
(903627863,903627895,903627946,903627950,903627994,903628051,812343658,903628058,903628064,903628099,903628109)
 Total records No Response: 78
(903627837,903627839,903627836,903627842,903627813,903627844,903627845,903627824,903627859,903627858,903627834,903627840,903627864,903627854,812343632,903627856,903627873,903627877,903627861,903627884,903627887,903627888,903627889,903627902,903627903,903627906,812343637,903627921,903627924,903627926,903627927,812343638,903627935,903627936,903627942,903627945,903627948,903627951,812343644,903627964,903627949,903627965,903627966,903627967,903627968,903627971,903627954,903627975,903627976,903627984,903627988,903627996,812343648,903628009,903628020,903628021,903628011,903628032,903628034,903628043,903628044,903628029,903628049,812343656,903628065,903628071,903628072,903628085,903628086,903628087,903628095,812343670,903628102,903628112,903628113,812343675,903628115,812343671)
 Cron execution ended at: 2022-09-12 00:00:26
