
***********************************************************

 Cron execution started at :2023-01-27 02:45:01 

 Total Count =>100

Total records SUCCESS: 0
() 
Total records FAIL: 0
() 
 Total records PENDING: 13
(903852555,903852556,812366714,812366716,812366717,903852568,903852571,903852580,903852613,903852623,903852643,903852646,903852651)
 Total records No Response: 87
(903852550,36731,812366711,812366712,903852557,903852559,903852560,812366715,903852562,903852561,903852564,903852569,903852573,903852570,812366722,903852576,812366726,903852577,812366724,903852578,903852579,812366728,812366729,812366730,812366731,812366732,903852582,812366733,903852584,903852585,812366738,903852594,903852596,903852597,903852598,903852599,903852602,903852603,36734,903852605,903852606,903852610,903852607,812366744,36735,812366745,903852615,903852618,903852620,812366748,812366749,812366751,812366752,812366753,812366754,903852626,812366755,812366757,903852630,903852633,812366761,812366763,903852637,903852638,903852640,903852641,903852644,903852645,903852647,812366766,903852652,903852654,903852653,903852655,812366772,903852657,812366776,903852658,903852659,903852660,903852661,903852663,903852662,812366779,812366783,812366784,903852668)
 Cron execution ended at: 2023-01-27 02:45:42
