
***********************************************************

 Cron execution started at :2023-02-13 07:00:02 

 Total Count =>130

Total records SUCCESS: 0
() 
Total records FAIL: 0
() 
 Total records PENDING: 17
(903862291,903862300,903862313,903862330,903862331,903862339,903862347,903862355,903862357,903862387,903862395,903862407,903862458,903862485,903862489,903862521,903862543)
 Total records No Response: 113
(903862275,903862274,903862282,903862276,903862277,903862285,903862294,903862299,903862305,903862308,903862307,903862310,812367928,903862319,903862323,903862325,903862327,903862328,903862315,903862337,903862322,903862338,903862324,903862343,903862349,903862350,903862352,903862356,903862358,903862351,903862361,903862381,903862367,903862399,903862382,903862388,903862409,903862415,903862417,903862418,903862404,903862424,903862425,812367935,812367936,812367937,812367938,812367939,812367941,903862431,903862420,903862434,812367942,812367943,812367944,812367945,812367946,903862439,812367947,903862441,903862442,812367950,903862429,812367951,812367952,812367953,903862450,903862453,903862444,903862457,903862448,903862463,903862449,903862467,903862451,903862465,903862479,812367957,812367958,903862502,903862499,903862483,903862504,903862503,903862486,903862496,903862497,903862512,903862517,903862519,903862522,903862523,903862528,903862531,812367962,812367963,903862527,903862533,812367966,903862541,812367967,812367968,903862550,903862548,812367969,812367970,903862553,812367971,812367972,812367973,812367974,812367975,903862554)
 Cron execution ended at: 2023-02-13 07:02:55

***********************************************************

 Cron execution started at :2023-02-13 19:00:01 

 Total Count =>177

Total records SUCCESS: 0
() 
Total records FAIL: 0
() 
 Total records PENDING: 32
(903862565,903862567,903862580,903862591,903862610,903862620,903862636,903862649,812367979,903862690,903862704,903862707,903862720,903862723,903862746,903862751,903862772,903862797,903862833,903862868,903862888,903862911,903862944,903862946,812367993,903862967,903862974,903862987,903863012,903863027,903863029,903863039)
 Total records No Response: 145
(903862558,812367976,903862571,903862576,903862572,903862579,903862578,903862588,903862589,903862595,903862594,903862599,903862597,903862603,903862608,903862609,903862613,903862611,903862612,903862622,903862631,903862640,903862641,903862644,903862648,903862624,903862659,903862663,903862677,903862679,903862656,903862657,903862693,903862658,903862706,903862666,903862673,903862714,903862716,903862680,903862696,812367984,903862717,903862755,36793,903862763,903862731,903862735,903862737,903862783,903862742,903862786,903862762,903862771,903862799,903862778,903862784,903862809,903862787,903862815,903862818,903862821,903862824,903862845,903862846,903862820,903862863,903862829,903862841,903862875,903862877,903862882,903862883,903862886,903862884,903862864,903862894,903862867,903862902,903862914,903862887,903862891,903862893,903862900,903862922,903862903,903862920,903862904,903862925,903862926,903862927,812367991,903862935,903862921,903862942,903862949,903862952,903862953,903862956,903862959,903862941,903862970,903862950,903862977,903862988,903862963,903862968,903862999,903862978,903863002,903863003,903862981,903863005,903863008,812367995,903862992,903862994,903862996,903862997,903863004,903863013,903863020,903863021,903863009,903863028,812368000,812368001,812368002,812368003,903863032,812368006,903863050,903863026,812368008,903863060,903863064,903863035,903863041,903863042,903863044,903863046,903863081,812368011,903863095,903863076)
 Cron execution ended at: 2023-02-13 19:04:51
