
***********************************************************

 Cron execution started at :2023-02-01 01:30:01 

 Total Count =>800

Total records SUCCESS: 6
(903853173,903853281,903853347,903853427,903853451,903853673) 
Total records FAIL: 0
() 
 Total records PENDING: 89
(812366958,812366960,812366961,903853242,903853261,903853262,903853283,903853288,903853335,903853336,903853366,903853374,903853394,903853425,903853467,903853484,903853489,903853519,903853536,903853541,903853544,903853553,903853556,903853563,903853567,903853595,903853617,903853619,903853632,903853653,903853727,903853735,903853779,903853810,903853967,903853977,903854030,903854035,903854070,903854101,903854190,903854303,903854338,903854452,903854481,903854505,903854519,903854544,903854584,903854628,903854631,812367032,812367033,903854678,903854704,812367038,903854720,903854723,903854727,903854742,903854751,903854778,903854824,903854878,903854885,903855009,903855020,903855047,903855108,812367069,903855185,903855186,903855198,903855215,903855285,903855296,903855315,903855336,903855369,812367092,903855375,903855396,903855420,903855435,903855436,903855441,903855446,812367107,812367109)
 Total records No Response: 705
(903853162,903853165,812366949,903853167,903853168,812366951,903853177,812366952,903853179,812366956,903853189,903853191,903853192,903853193,812366959,903853196,903853204,903853212,903853214,903853222,903853233,903853243,903853247,903853253,903853258,903853259,903853260,903853267,903853276,903853282,903853290,903853294,903853296,903853297,903853304,903853318,903853327,903853340,903853350,903853352,903853363,903853368,903853369,903853390,903853401,903853413,903853426,903853429,903853433,903853435,903853436,903853438,903853441,903853444,903853445,903853449,903853462,903853465,903853480,903853482,903853495,812366964,903853504,903853511,903853512,903853521,903853555,903853559,903853564,903853573,903853577,903853580,903853581,903853582,812366966,812366967,903853589,903853590,903853593,903853610,903853613,903853614,903853627,903853631,903853634,812366968,903853637,903853638,903853639,903853640,903853641,903853642,903853648,903853650,903853651,903853652,903853657,903853660,903853662,903853664,903853667,903853675,903853678,903853679,903853680,903853687,903853690,903853696,903853703,903853705,903853710,903853711,903853714,903853716,903853718,903853719,903853720,903853724,903853725,903853726,903853728,903853729,903853730,903853731,903853732,903853733,903853736,903853737,903853742,903853744,903853745,903853746,903853748,903853749,903853750,903853751,903853752,903853755,903853759,903853760,903853761,903853762,903853764,903853767,903853769,903853770,903853771,903853773,903853774,903853777,903853778,903853783,903853784,903853785,903853787,903853790,903853791,903853792,903853793,903853794,903853796,903853797,903853798,903853800,903853801,903853802,903853803,903853804,903853806,903853808,903853809,903853811,903853813,903853816,903853817,903853818,903853819,903853823,903853824,903853825,903853826,903853834,903853835,903853839,903853841,903853842,903853846,903853849,903853851,903853852,903853853,903853855,903853857,903853861,903853862,903853864,903853865,903853866,903853867,903853872,903853875,903853877,903853878,903853880,903853881,903853883,903853884,903853885,903853886,903853888,903853893,903853894,903853899,903853902,903853905,903853906,903853907,903853908,903853909,903853920,903853921,903853922,903853923,903853924,903853925,903853926,903853928,903853929,903853932,903853934,903853935,903853939,903853941,903853942,903853945,903853947,903853948,903853949,903853951,903853952,903853954,903853955,903853956,903853958,903853959,903853960,812366974,812366975,903853976,903853981,903853982,903853987,903853988,903853990,903853993,903853995,903854000,903854001,903854010,903854011,903854012,903854014,903854016,903854018,903854022,903854032,903854034,903854040,903854045,903854046,903854048,903854050,903854052,903854054,903854057,903854058,903854059,903854064,903854066,903854067,903854074,903854075,903854076,903854079,812366979,903854090,903854093,903854100,903854103,903854105,903854107,812366981,903854112,903854116,903854130,812366982,903854135,903854139,903854140,903854145,903854147,903854152,903854155,903854158,903854161,812366984,812366985,903854167,903854169,903854175,903854176,903854178,903854183,903854189,903854201,903854209,903854213,903854214,903854221,903854227,903854228,903854229,903854232,903854240,903854247,903854252,903854257,903854261,812366993,812366994,903854276,903854284,903854287,903854289,903854295,903854296,903854298,903854299,903854307,903854317,903854318,903854322,903854324,903854329,903854335,903854340,903854344,903854345,903854346,903854351,903854355,903854356,903854360,903854364,903854366,903854369,903854374,903854379,903854382,903854385,903854394,903854396,903854398,903854399,903854401,903854410,903854418,903854421,903854422,903854425,903854433,903854435,903854439,903854441,903854445,903854447,903854450,903854458,903854462,903854469,812367006,812367007,812367008,903854474,903854475,903854477,903854484,903854488,903854500,903854503,903854510,903854512,903854513,903854520,903854524,903854528,903854529,903854530,903854532,903854537,903854538,903854540,903854542,812367012,903854547,903854550,903854553,903854555,812367015,812367016,903854565,812367017,903854568,903854576,903854580,903854581,812367020,903854587,903854592,812367022,903854599,903854609,903854610,903854613,903854615,903854630,812367026,812367027,812367028,903854637,903854638,812367029,903854647,903854649,903854650,903854652,903854660,903854672,903854675,903854676,903854681,903854688,903854689,903854692,903854693,903854694,903854697,903854698,903854705,903854708,903854712,903854718,903854728,903854729,903854736,903854739,903854741,903854744,903854745,903854746,903854748,903854754,903854759,903854762,36750,903854764,36751,903854766,903854774,903854775,903854776,903854777,903854783,903854784,903854789,903854791,903854792,903854794,903854795,36752,812367043,903854809,903854810,903854822,812367044,812367045,812367046,812367047,812367048,903854826,903854829,903854832,903854836,903854839,903854843,903854844,903854846,903854848,903854849,903854852,903854855,903854857,903854863,903854865,903854866,903854867,903854868,903854872,903854880,903854881,903854882,903854883,903854884,812367050,903854898,903854899,903854900,903854901,903854904,903854905,903854906,903854907,903854911,903854914,903854922,812367053,812367054,903854923,36754,903854926,903854929,903854935,903854936,903854939,903854941,903854947,903854948,903854951,903854963,903854964,903854966,903854975,903854990,903854991,903855006,903855007,903855024,903855025,903855031,903855035,903855038,903855039,812367059,903855042,812367060,812367061,812367062,812367063,812367064,812367065,903855056,903855058,903855059,903855060,903855063,903855067,903855068,903855075,903855079,903855082,903855086,903855091,903855092,903855093,903855095,903855099,903855101,903855102,903855107,903855109,903855116,903855118,903855123,903855125,903855126,903855131,903855138,903855140,903855142,903855144,903855154,903855157,903855159,903855160,903855164,903855165,903855171,903855174,903855176,903855178,903855206,903855219,903855225,903855226,903855228,903855231,903855232,903855233,903855240,903855241,903855248,903855250,903855253,903855255,903855257,903855258,903855270,903855275,903855282,903855286,903855289,903855291,903855292,903855298,903855301,903855302,903855305,903855307,903855308,903855311,903855326,903855334,812367075,812367076,812367078,903855337,812367079,812367080,903855338,903855342,812367081,812367082,812367083,812367084,812367085,903855347,812367086,812367087,812367088,812367089,903855355,812367091,903855361,903855363,903855367,903855371,903855372,812367094,903855379,903855382,812367095,812367096,903855383,812367097,903855385,812367098,812367099,812367100,812367101,812367102,903855399,903855402,903855405,903855406,903855413,903855419,903855426,903855430,903855432,903855439,903855442,903855450,903855451,903855452,903855457,903855458,903855459,903855460,903855470,903855473,903855475,903855479,903855486,903855490,903855492,903855497,903855499,903855502,903855503,903855509,903855510,903855513,903855515,903855516,903855523)
 Cron execution ended at: 2023-02-01 01:45:28
