
***********************************************************

 Cron execution started at :2022-09-01 23:54:02 

 Total Count =>158

Total records SUCCESS: 73
(903528812,903528818,903528823,903528824,903528787,903528831,903528833,903528835,903528837,903528839,903528843,812326557,903528856,903528815,903528858,903528864,903528865,903528870,903528828,903528873,903528878,903528877,903528860,903528866,903528895,903528907,903528908,903528883,903528917,903528920,903528919,903528939,903528940,903528900,903528944,903528947,903528946,903528935,903528948,903528983,903528984,903528999,903528963,903529004,903529008,903529010,903529012,903528988,903529020,903529024,903528998,903529031,903529033,903529036,903529034,903529043,903529039,903529046,903529042,903529047,903529051,903529057,903529058,903529061,903529068,903529069,903529079,903529088,903529092,903529095,903529072,903529115,903529114) 
Total records FAIL: 10
(903528841,903528936,903528918,903528969,903528987,903528971,903529028,903529011,903529025,903529087) 
 Total records PENDING: 20
(903528809,812326551,812326552,903528813,812326554,903528850,903528904,903528906,903528913,903528880,903528922,903528923,903528884,903528932,903529022,903529041,903529049,903529063,903529078,903529110)
 Total records No Response: 55
(903528806,903528807,903528808,903528838,903528803,903528849,903528852,903528857,903528825,903528874,903528879,812326559,903528890,903528897,903528898,903528910,903528930,903528929,903528937,903528915,903528921,903528954,903528956,903528927,903528964,903528965,903528972,903528975,903528979,903528977,903528981,903528982,903528993,903528953,903528996,903528995,903528970,903528973,903528980,903528997,903529027,903529029,903529037,903529013,903529059,903529060,903529066,812326569,903529083,903529090,903529074,903529065,903529108,812326571,903529117)
 Cron execution ended at: 2022-09-02 00:13:21
