
***********************************************************

 Cron execution started at :2021-04-11 23:56:01 

 Total Count =>140

Total records SUCCESS: 0
() 
Total records FAIL: 8
(902784270,902784280,902784534,902784535,902784553,902784560,902784583,902784585) 
 Total records PENDING: 0
()
 Total records No Response: 132
(902783922,902783928,902783941,902783942,902783946,902783954,902783962,902783964,902783966,902783967,902783978,902783980,902783981,902783982,902783987,902784003,902784022,902784031,902784038,902784042,902784046,902784049,902784050,902784052,902784069,902784086,902784089,902784092,902784095,902784102,902784104,902784105,902784113,902784116,902784121,32818,902784125,902784128,902784130,902784133,902784134,902784138,902784141,902784153,902784158,902784183,902784200,902784201,902784202,902784219,902784223,902784228,902784234,902784244,902784256,902784275,902784276,902784285,902784287,902784291,902784297,902784300,902784301,902784305,902784317,902784322,902784329,902784333,902784334,902784339,902784340,902784342,902784345,902784352,902784356,902784360,902784362,902784370,902784373,902784379,902784381,902784389,902784390,902784402,902784406,902784410,902784412,902784413,902784427,902784428,902784439,902784445,902784446,902784452,902784456,902784457,902784459,902784461,902784463,902784471,902784482,902784488,902784489,902784490,902784492,902784494,902784502,902784507,902784510,902784511,902784512,902784513,902784516,902784522,902784529,902784533,902784540,902784541,902784544,902784545,902784546,902784548,902784549,902784554,902784555,902784563,902784572,902784579,902784581,902784592,902784595,902784598)
 Cron execution ended at: 2021-04-12 00:01:44
