
***********************************************************

 Cron execution started at :2022-05-17 23:42:31 

 Total Count =>246

Total records SUCCESS: 0
() 
Total records FAIL: 70
(903442172,903442279,903442310,903442317,903442328,903442329,903442341,903442343,903442348,903442354,903442389,903442422,903442432,903442435,903442463,903442472,903442474,903442483,903442496,903442510,903442511,903442528,903442534,903442570,903442593,903442602,903442607,903442618,903442620,903442622,903442640,903442657,903442671,903442685,903442692,903442693,903442711,903442730,903442747,903442748,903442754,903442756,903442761,903442781,903442783,903442793,903442813,903442816,903442827,903442831,903442837,903442849,903442854,903442861,903443551,903443570,903443593,903443627,903443636,903443658,903443682,903443687,903443709,903443715,903443719,903443725,903443747,903443772,903443789,903443805) 
 Total records PENDING: 0
()
 Total records No Response: 175
(903441774,903441792,903441810,903441814,903441816,903441817,903441820,903441839,903441850,903441877,903441882,903441891,903441895,903441897,903441901,903441905,903441925,903441931,903441940,903441954,903441967,903441973,903441976,903441977,903441980,903441993,903441999,903442015,903442016,903442020,903442025,903442026,903442040,903442063,903442065,903442066,903442071,903442075,903442078,903442080,903442097,903442100,903442101,903442111,903442112,903442113,903442115,903442117,903442121,903442124,903442131,903442134,903442150,903442156,903442177,903442180,903442203,903442207,903442215,903442230,903442256,903442270,903442278,903442293,903442299,903442302,903442314,903442331,903442384,903442399,903442406,903442407,903442449,903442460,903442476,903442502,903442512,903442569,903442646,903442698,903442797,903442862,903442888,903442914,903442923,903442924,903442928,903442929,903442954,903442963,903442966,903442974,903442977,903442984,903443000,903443002,903443005,903443038,903443049,903443050,903443052,903443066,903443067,903443082,903443086,903443091,903443110,903443112,903443116,903443140,903443155,903443169,903443188,903443196,903443197,903443200,903443206,903443213,903443214,903443230,903443237,903443238,903443244,903443245,903443248,903443257,903443262,903443266,903443268,903443284,903443299,903443302,903443304,903443308,903443324,903443348,903443369,903443392,903443415,903443441,903443451,903443453,903443465,903443471,903443484,903443501,903443504,903443512,903443517,903443529,903443549,903443557,903443576,903443585,903443589,903443592,903443600,903443610,903443628,903443629,903443645,903443652,903443664,903443668,903443681,903443685,903443707,903443711,903443720,903443738,903443756,903443766,903443771,903443777,903443778)
 Cron execution ended at: 2022-05-18 00:12:14
