
***********************************************************

 Cron execution started at :2022-09-22 00:20:02 

 Total Count =>506

Total records SUCCESS: 1
(812361647) 
Total records FAIL: 0
() 
 Total records PENDING: 38
(812361335,903687935,812361344,903688022,903688013,812361376,903688063,903688020,812361379,903688035,812361381,812361380,812361401,903688125,903688205,903688274,903688278,903688341,903688339,903688303,812361544,812361547,812361550,903688475,903688425,903688488,903688497,812361577,903688512,812361618,812361639,812361640,903688604,903688590,812361661,812361684,903688787,903688803)
 Total records No Response: 467
(903687945,903687947,812361332,903687953,812361333,903687931,812361336,903687963,812361338,903687969,903687971,903687973,812361343,903687978,903687984,903687941,903687985,903687995,903687996,903687999,903688008,903687967,903688009,903688010,812361355,903688012,812361342,812361359,812361345,903688021,812361346,812361360,812361352,812361362,903687990,903688032,903688033,903688036,903688007,903688001,903688042,903688039,903688043,903688011,812361364,903688046,903688050,812361374,903688023,903688024,903688064,812361377,903688029,903688069,812361382,903688074,903688077,903688082,903688083,812361390,903688093,812361375,903688094,903688096,903688102,812361378,903688107,903688108,903688110,903688116,903688117,903688120,812361400,903688122,903688099,812361403,903688132,903688133,903688104,903688137,903688138,812361411,903688140,903688141,903688144,903688145,903688146,903688112,903688151,812361414,812361415,903688158,812361417,812361402,812361419,812361420,812361418,812361406,812361422,812361423,812361424,812361428,903688174,812361410,903688175,812361430,903688179,812361413,812361432,812361433,812361438,903688185,812361439,812361441,812361416,903688189,812361443,812361444,903688194,812361445,812361446,903688195,812361449,812361425,812361451,812361452,903688201,903688203,903688204,812361429,812361455,812361457,812361458,903688209,903688211,812361461,903688214,812361459,903688212,812361462,903688215,812361463,812361464,903688218,812361465,903688223,812361467,903688227,903688229,812361450,812361453,903688206,812361470,903688236,812361471,812361472,812361456,812361474,812361476,812361477,903688210,903688246,903688247,812361483,812361485,812361486,812361488,903688252,812361491,812361490,903688260,903688263,812361492,903688266,903688267,903688268,903688269,903688235,812361496,903688240,812361495,812361497,903688272,812361500,903688276,903688277,903688279,812361506,903688283,903688287,903688286,903688295,903688296,903688261,812361511,812361512,812361514,903688307,903688306,812361516,903688311,903688312,903688314,903688317,903688285,812361519,903688318,903688320,903688291,812361520,903688322,812361521,903688324,812361523,812361524,812361522,903688329,903688335,903688338,903688294,812361526,812361527,903688350,812361529,812361530,812361531,903688352,903688313,903688315,812361534,903688358,903688364,812361537,812361538,812361539,903688323,903688370,812361540,903688369,903688330,812361542,903688376,903688334,812361543,812361546,903688331,903688385,903688389,903688340,812361549,903688395,812361551,903688399,903688344,812361554,903688406,903688408,903688407,903688355,903688409,812361561,903688372,812361562,903688421,812361564,903688426,903688428,812361567,812361545,903688433,903688382,903688383,903688434,812361570,903688445,812361572,903688453,903688452,903688454,812361578,812361579,903688463,812361580,903688467,903688469,812361582,812361559,812361560,903688424,903688476,903688477,903688479,812361586,903688483,812361571,812361590,812361568,903688487,812361573,812361592,812361574,903688491,903688490,903688493,903688499,812361594,903688501,903688448,812361595,812361575,812361596,903688508,812361602,903688517,903688523,903688527,812361605,903688530,812361606,812361608,903688484,903688532,812361609,812361610,903688538,903688541,903688540,903688542,903688544,812361615,903688548,812361619,903688551,903688553,812361620,812361621,903688555,812361622,812361625,903688556,903688560,812361629,812361633,903688570,903688572,903688574,903688571,903688579,812361611,903688577,903688583,903688584,903688587,903688588,903688586,903688591,903688594,903688595,903688598,903688600,903688605,812361624,903688609,812361643,903688613,903688616,812361649,903688617,812361651,903688620,903688621,812361652,812361653,903688628,903688602,812361657,903688635,903688638,812361659,903688645,903688647,812361664,903688651,903688612,903688658,903688660,903688657,903688664,903688665,903688667,812361667,812361650,903688675,812361675,903688684,903688631,903688693,903688696,903688697,903688698,812361680,812361678,903688705,903688707,812361686,812361685,903688708,903688709,812361688,903688710,903688717,903688719,812361673,812361692,903688723,812361668,812361693,812361694,903688729,903688732,903688730,903688731,903688734,903688688,812361696,812361682,812361697,812361699,903688706,812361687,812361681,903688744,903688745,812361702,903688752,903688754,903688755,903688756,903688763,812361711,812361712,812361713,903688771,903688775,812361715,812361716,903688778,812361717,903688737,812361701,903688786,903688742,903688743,903688788,812361704,903688791,903688792,812361721,903688797,903688796,903688795,812361703,903688802,903688804,903688758,812361726,812361728)
 Cron execution ended at: 2022-09-22 00:26:18

***********************************************************

 Cron execution started at :2022-09-22 00:30:02 

 Total Count =>469

Total records SUCCESS: 1
(812361647) 
Total records FAIL: 0
() 
 Total records PENDING: 34
(903688013,812361376,903688063,903688020,812361379,903688035,812361381,812361380,812361401,903688125,903688205,903688274,903688278,903688341,903688339,903688303,812361544,812361547,812361550,903688475,903688425,903688488,903688497,812361577,903688512,812361618,812361639,812361640,903688604,903688590,812361661,812361684,903688787,903688803)
 Total records No Response: 434
(812361362,903687990,903688032,903688033,903688036,903688007,903688001,903688042,903688039,903688043,903688011,812361364,903688046,903688050,812361374,903688023,903688024,903688064,812361377,903688029,903688069,812361382,903688074,903688077,903688082,903688083,812361390,903688093,812361375,903688094,903688096,903688102,812361378,903688107,903688108,903688110,903688116,903688117,903688120,812361400,903688122,903688099,812361403,903688132,903688133,903688104,903688137,903688138,812361411,903688140,903688141,903688144,903688145,903688146,903688112,903688151,812361414,812361415,903688158,812361417,812361402,812361419,812361420,812361418,812361406,812361422,812361423,812361424,812361428,903688174,812361410,903688175,812361430,903688179,812361413,812361432,812361433,812361438,903688185,812361439,812361441,812361416,903688189,812361443,812361444,903688194,812361445,812361446,903688195,812361449,812361425,812361451,812361452,903688201,903688203,903688204,812361429,812361455,812361457,812361458,903688209,903688211,812361461,903688214,812361459,903688212,812361462,903688215,812361463,812361464,903688218,812361465,903688223,812361467,903688227,903688229,812361450,812361453,903688206,812361470,903688236,812361471,812361472,812361456,812361474,812361476,812361477,903688210,903688246,903688247,812361483,812361485,812361486,812361488,903688252,812361491,812361490,903688260,903688263,812361492,903688266,903688267,903688268,903688269,903688235,812361496,903688240,812361495,812361497,903688272,812361500,903688276,903688277,903688279,812361506,903688283,903688287,903688286,903688295,903688296,903688261,812361511,812361512,812361514,903688307,903688306,812361516,903688311,903688312,903688314,903688317,903688285,812361519,903688318,903688320,903688291,812361520,903688322,812361521,903688324,812361523,812361524,812361522,903688329,903688335,903688338,903688294,812361526,812361527,903688350,812361529,812361530,812361531,903688352,903688313,903688315,812361534,903688358,903688364,812361537,812361538,812361539,903688323,903688370,812361540,903688369,903688330,812361542,903688376,903688334,812361543,812361546,903688331,903688385,903688389,903688340,812361549,903688395,812361551,903688399,903688344,812361554,903688406,903688408,903688407,903688355,903688409,812361561,903688372,812361562,903688421,812361564,903688426,903688428,812361567,812361545,903688433,903688382,903688383,903688434,812361570,903688445,812361572,903688453,903688452,903688454,812361578,812361579,903688463,812361580,903688467,903688469,812361582,812361559,812361560,903688424,903688476,903688477,903688479,812361586,903688483,812361571,812361590,812361568,903688487,812361573,812361592,812361574,903688491,903688490,903688493,903688499,812361594,903688501,903688448,812361595,812361575,812361596,903688508,812361602,903688517,903688523,903688527,812361605,903688530,812361606,812361608,903688484,903688532,812361609,812361610,903688538,903688541,903688540,903688542,903688544,812361615,903688548,812361619,903688551,903688553,812361620,812361621,903688555,812361622,812361625,903688556,903688560,812361629,812361633,903688570,903688572,903688574,903688571,903688579,812361611,903688577,903688583,903688584,903688587,903688588,903688586,903688591,903688594,903688595,903688598,903688600,903688605,812361624,903688609,812361643,903688613,903688616,812361649,903688617,812361651,903688620,903688621,812361652,812361653,903688628,903688602,812361657,903688635,903688638,812361659,903688645,903688647,812361664,903688651,903688612,903688658,903688660,903688657,903688664,903688665,903688667,812361667,812361650,903688675,812361675,903688684,903688631,903688693,903688696,903688697,903688698,812361680,812361678,903688705,903688707,812361686,812361685,903688708,903688709,812361688,903688710,903688717,903688719,812361673,812361692,903688723,812361668,812361693,812361694,903688729,903688732,903688730,903688731,903688734,903688688,812361696,812361682,812361697,812361699,903688706,812361687,812361681,903688744,903688745,812361702,903688752,903688754,903688755,903688756,903688763,812361711,812361712,812361713,903688771,903688775,812361715,812361716,903688778,812361717,903688737,812361701,903688786,903688742,903688743,903688788,812361704,903688791,903688792,812361721,903688797,903688796,903688795,812361703,903688802,903688804,903688758,812361726,812361728)
 Cron execution ended at: 2022-09-22 00:35:07

***********************************************************

 Cron execution started at :2022-09-22 00:40:01 

 Total Count =>427

Total records SUCCESS: 1
(812361647) 
Total records FAIL: 0
() 
 Total records PENDING: 26
(812361401,903688125,903688205,903688274,903688278,903688341,903688339,903688303,812361544,812361547,812361550,903688475,903688425,903688488,903688497,812361577,903688512,812361618,812361639,812361640,903688604,903688590,812361661,812361684,903688787,903688803)
 Total records No Response: 400
(903688120,812361400,903688122,903688099,812361403,903688132,903688133,903688104,903688137,903688138,812361411,903688140,903688141,903688144,903688145,903688146,903688112,903688151,812361414,812361415,903688158,812361417,812361402,812361419,812361420,812361418,812361406,812361422,812361423,812361424,812361428,903688174,812361410,903688175,812361430,903688179,812361413,812361432,812361433,812361438,903688185,812361439,812361441,812361416,903688189,812361443,812361444,903688194,812361445,812361446,903688195,812361449,812361425,812361451,812361452,903688201,903688203,903688204,812361429,812361455,812361457,812361458,903688209,903688211,812361461,903688214,812361459,903688212,812361462,903688215,812361463,812361464,903688218,812361465,903688223,812361467,903688227,903688229,812361450,812361453,903688206,812361470,903688236,812361471,812361472,812361456,812361474,812361476,812361477,903688210,903688246,903688247,812361483,812361485,812361486,812361488,903688252,812361491,812361490,903688260,903688263,812361492,903688266,903688267,903688268,903688269,903688235,812361496,903688240,812361495,812361497,903688272,812361500,903688276,903688277,903688279,812361506,903688283,903688287,903688286,903688295,903688296,903688261,812361511,812361512,812361514,903688307,903688306,812361516,903688311,903688312,903688314,903688317,903688285,812361519,903688318,903688320,903688291,812361520,903688322,812361521,903688324,812361523,812361524,812361522,903688329,903688335,903688338,903688294,812361526,812361527,903688350,812361529,812361530,812361531,903688352,903688313,903688315,812361534,903688358,903688364,812361537,812361538,812361539,903688323,903688370,812361540,903688369,903688330,812361542,903688376,903688334,812361543,812361546,903688331,903688385,903688389,903688340,812361549,903688395,812361551,903688399,903688344,812361554,903688406,903688408,903688407,903688355,903688409,812361561,903688372,812361562,903688421,812361564,903688426,903688428,812361567,812361545,903688433,903688382,903688383,903688434,812361570,903688445,812361572,903688453,903688452,903688454,812361578,812361579,903688463,812361580,903688467,903688469,812361582,812361559,812361560,903688424,903688476,903688477,903688479,812361586,903688483,812361571,812361590,812361568,903688487,812361573,812361592,812361574,903688491,903688490,903688493,903688499,812361594,903688501,903688448,812361595,812361575,812361596,903688508,812361602,903688517,903688523,903688527,812361605,903688530,812361606,812361608,903688484,903688532,812361609,812361610,903688538,903688541,903688540,903688542,903688544,812361615,903688548,812361619,903688551,903688553,812361620,812361621,903688555,812361622,812361625,903688556,903688560,812361629,812361633,903688570,903688572,903688574,903688571,903688579,812361611,903688577,903688583,903688584,903688587,903688588,903688586,903688591,903688594,903688595,903688598,903688600,903688605,812361624,903688609,812361643,903688613,903688616,812361649,903688617,812361651,903688620,903688621,812361652,812361653,903688628,903688602,812361657,903688635,903688638,812361659,903688645,903688647,812361664,903688651,903688612,903688658,903688660,903688657,903688664,903688665,903688667,812361667,812361650,903688675,812361675,903688684,903688631,903688693,903688696,903688697,903688698,812361680,812361678,903688705,903688707,812361686,812361685,903688708,903688709,812361688,903688710,903688717,903688719,812361673,812361692,903688723,812361668,812361693,812361694,903688729,903688732,903688730,903688731,903688734,903688688,812361696,812361682,812361697,812361699,903688706,812361687,812361681,903688744,903688745,812361702,903688752,903688754,903688755,903688756,903688763,812361711,812361712,812361713,903688771,903688775,812361715,812361716,903688778,812361717,903688737,812361701,903688786,903688742,903688743,903688788,812361704,903688791,903688792,812361721,903688797,903688796,903688795,812361703,903688802,903688804,903688758,812361726,812361728,36097,812361735,812361736,812361747)
 Cron execution ended at: 2022-09-22 00:44:06

***********************************************************

 Cron execution started at :2022-09-22 00:50:01 

 Total Count =>378

Total records SUCCESS: 1
(812361647) 
Total records FAIL: 0
() 
 Total records PENDING: 25
(903688205,903688274,903688278,903688341,903688339,903688303,812361544,812361547,812361550,903688475,903688425,903688488,903688497,812361577,903688512,812361618,812361639,812361640,903688604,903688590,812361661,812361684,903688787,903688803,812361756)
 Total records No Response: 352
(812361449,812361425,812361451,812361452,903688201,903688203,903688204,812361429,812361455,812361457,812361458,903688209,903688211,812361461,903688214,812361459,903688212,812361462,903688215,812361463,812361464,903688218,812361465,903688223,812361467,903688227,903688229,812361450,812361453,903688206,812361470,903688236,812361471,812361472,812361456,812361474,812361476,812361477,903688210,903688246,903688247,812361483,812361485,812361486,812361488,903688252,812361491,812361490,903688260,903688263,812361492,903688266,903688267,903688268,903688269,903688235,812361496,903688240,812361495,812361497,903688272,812361500,903688276,903688277,903688279,812361506,903688283,903688287,903688286,903688295,903688296,903688261,812361511,812361512,812361514,903688307,903688306,812361516,903688311,903688312,903688314,903688317,903688285,812361519,903688318,903688320,903688291,812361520,903688322,812361521,903688324,812361523,812361524,812361522,903688329,903688335,903688338,903688294,812361526,812361527,903688350,812361529,812361530,812361531,903688352,903688313,903688315,812361534,903688358,903688364,812361537,812361538,812361539,903688323,903688370,812361540,903688369,903688330,812361542,903688376,903688334,812361543,812361546,903688331,903688385,903688389,903688340,812361549,903688395,812361551,903688399,903688344,812361554,903688406,903688408,903688407,903688355,903688409,812361561,903688372,812361562,903688421,812361564,903688426,903688428,812361567,812361545,903688433,903688382,903688383,903688434,812361570,903688445,812361572,903688453,903688452,903688454,812361578,812361579,903688463,812361580,903688467,903688469,812361582,812361559,812361560,903688424,903688476,903688477,903688479,812361586,903688483,812361571,812361590,812361568,903688487,812361573,812361592,812361574,903688491,903688490,903688493,903688499,812361594,903688501,903688448,812361595,812361575,812361596,903688508,812361602,903688517,903688523,903688527,812361605,903688530,812361606,812361608,903688484,903688532,812361609,812361610,903688538,903688541,903688540,903688542,903688544,812361615,903688548,812361619,903688551,903688553,812361620,812361621,903688555,812361622,812361625,903688556,903688560,812361629,812361633,903688570,903688572,903688574,903688571,903688579,812361611,903688577,903688583,903688584,903688587,903688588,903688586,903688591,903688594,903688595,903688598,903688600,903688605,812361624,903688609,812361643,903688613,903688616,812361649,903688617,812361651,903688620,903688621,812361652,812361653,903688628,903688602,812361657,903688635,903688638,812361659,903688645,903688647,812361664,903688651,903688612,903688658,903688660,903688657,903688664,903688665,903688667,812361667,812361650,903688675,812361675,903688684,903688631,903688693,903688696,903688697,903688698,812361680,812361678,903688705,903688707,812361686,812361685,903688708,903688709,812361688,903688710,903688717,903688719,812361673,812361692,903688723,812361668,812361693,812361694,903688729,903688732,903688730,903688731,903688734,903688688,812361696,812361682,812361697,812361699,903688706,812361687,812361681,903688744,903688745,812361702,903688752,903688754,903688755,903688756,903688763,812361711,812361712,812361713,903688771,903688775,812361715,812361716,903688778,812361717,903688737,812361701,903688786,903688742,903688743,903688788,812361704,903688791,903688792,812361721,903688797,903688796,903688795,812361703,903688802,903688804,903688758,812361726,812361728,36097,812361735,812361736,812361747,812361753,812361741,812361758)
 Cron execution ended at: 2022-09-22 00:53:55

***********************************************************

 Cron execution started at :2022-09-22 01:00:03 

 Total Count =>321

Total records SUCCESS: 1
(812361647) 
Total records FAIL: 0
() 
 Total records PENDING: 24
(903688274,903688278,903688341,903688339,903688303,812361544,812361547,812361550,903688475,903688425,903688488,903688497,812361577,903688512,812361618,812361639,812361640,903688604,903688590,812361661,812361684,903688787,903688803,812361756)
 Total records No Response: 296
(812361497,903688272,812361500,903688276,903688277,903688279,812361506,903688283,903688287,903688286,903688295,903688296,903688261,812361511,812361512,812361514,903688307,903688306,812361516,903688311,903688312,903688314,903688317,903688285,812361519,903688318,903688320,903688291,812361520,903688322,812361521,903688324,812361523,812361524,812361522,903688329,903688335,903688338,903688294,812361526,812361527,903688350,812361529,812361530,812361531,903688352,903688313,903688315,812361534,903688358,903688364,812361537,812361538,812361539,903688323,903688370,812361540,903688369,903688330,812361542,903688376,903688334,812361543,812361546,903688331,903688385,903688389,903688340,812361549,903688395,812361551,903688399,903688344,812361554,903688406,903688408,903688407,903688355,903688409,812361561,903688372,812361562,903688421,812361564,903688426,903688428,812361567,812361545,903688433,903688382,903688383,903688434,812361570,903688445,812361572,903688453,903688452,903688454,812361578,812361579,903688463,812361580,903688467,903688469,812361582,812361559,812361560,903688424,903688476,903688477,903688479,812361586,903688483,812361571,812361590,812361568,903688487,812361573,812361592,812361574,903688491,903688490,903688493,903688499,812361594,903688501,903688448,812361595,812361575,812361596,903688508,812361602,903688517,903688523,903688527,812361605,903688530,812361606,812361608,903688484,903688532,812361609,812361610,903688538,903688541,903688540,903688542,903688544,812361615,903688548,812361619,903688551,903688553,812361620,812361621,903688555,812361622,812361625,903688556,903688560,812361629,812361633,903688570,903688572,903688574,903688571,903688579,812361611,903688577,903688583,903688584,903688587,903688588,903688586,903688591,903688594,903688595,903688598,903688600,903688605,812361624,903688609,812361643,903688613,903688616,812361649,903688617,812361651,903688620,903688621,812361652,812361653,903688628,903688602,812361657,903688635,903688638,812361659,903688645,903688647,812361664,903688651,903688612,903688658,903688660,903688657,903688664,903688665,903688667,812361667,812361650,903688675,812361675,903688684,903688631,903688693,903688696,903688697,903688698,812361680,812361678,903688705,903688707,812361686,812361685,903688708,903688709,812361688,903688710,903688717,903688719,812361673,812361692,903688723,812361668,812361693,812361694,903688729,903688732,903688730,903688731,903688734,903688688,812361696,812361682,812361697,812361699,903688706,812361687,812361681,903688744,903688745,812361702,903688752,903688754,903688755,903688756,903688763,812361711,812361712,812361713,903688771,903688775,812361715,812361716,903688778,812361717,903688737,812361701,903688786,903688742,903688743,903688788,812361704,903688791,903688792,812361721,903688797,903688796,903688795,812361703,903688802,903688804,903688758,812361726,812361728,36097,812361735,812361736,812361747,812361753,812361741,812361758,903688808,812361764,903688810)
 Cron execution ended at: 2022-09-22 01:03:45

***********************************************************

 Cron execution started at :2022-09-22 01:10:02 

 Total Count =>265

Total records SUCCESS: 1
(812361647) 
Total records FAIL: 0
() 
 Total records PENDING: 19
(812361544,812361547,812361550,903688475,903688425,903688488,903688497,812361577,903688512,812361618,812361639,812361640,903688604,903688590,812361661,812361684,903688787,903688803,812361756)
 Total records No Response: 245
(812361537,812361538,812361539,903688323,903688370,812361540,903688369,903688330,812361542,903688376,903688334,812361543,812361546,903688331,903688385,903688389,903688340,812361549,903688395,812361551,903688399,903688344,812361554,903688406,903688408,903688407,903688355,903688409,812361561,903688372,812361562,903688421,812361564,903688426,903688428,812361567,812361545,903688433,903688382,903688383,903688434,812361570,903688445,812361572,903688453,903688452,903688454,812361578,812361579,903688463,812361580,903688467,903688469,812361582,812361559,812361560,903688424,903688476,903688477,903688479,812361586,903688483,812361571,812361590,812361568,903688487,812361573,812361592,812361574,903688491,903688490,903688493,903688499,812361594,903688501,903688448,812361595,812361575,812361596,903688508,812361602,903688517,903688523,903688527,812361605,903688530,812361606,812361608,903688484,903688532,812361609,812361610,903688538,903688541,903688540,903688542,903688544,812361615,903688548,812361619,903688551,903688553,812361620,812361621,903688555,812361622,812361625,903688556,903688560,812361629,812361633,903688570,903688572,903688574,903688571,903688579,812361611,903688577,903688583,903688584,903688587,903688588,903688586,903688591,903688594,903688595,903688598,903688600,903688605,812361624,903688609,812361643,903688613,903688616,812361649,903688617,812361651,903688620,903688621,812361652,812361653,903688628,903688602,812361657,903688635,903688638,812361659,903688645,903688647,812361664,903688651,903688612,903688658,903688660,903688657,903688664,903688665,903688667,812361667,812361650,903688675,812361675,903688684,903688631,903688693,903688696,903688697,903688698,812361680,812361678,903688705,903688707,812361686,812361685,903688708,903688709,812361688,903688710,903688717,903688719,812361673,812361692,903688723,812361668,812361693,812361694,903688729,903688732,903688730,903688731,903688734,903688688,812361696,812361682,812361697,812361699,903688706,812361687,812361681,903688744,903688745,812361702,903688752,903688754,903688755,903688756,903688763,812361711,812361712,812361713,903688771,903688775,812361715,812361716,903688778,812361717,903688737,812361701,903688786,903688742,903688743,903688788,812361704,903688791,903688792,812361721,903688797,903688796,903688795,812361703,903688802,903688804,903688758,812361726,812361728,36097,812361735,812361736,812361747,812361753,812361741,812361758,903688808,812361764,903688810)
 Cron execution ended at: 2022-09-22 01:12:24

***********************************************************

 Cron execution started at :2022-09-22 01:20:02 

 Total Count =>204

Total records SUCCESS: 1
(812361647) 
Total records FAIL: 0
() 
 Total records PENDING: 15
(903688425,903688488,903688497,812361577,903688512,812361618,812361639,812361640,903688604,903688590,812361661,812361684,903688787,903688803,812361756)
 Total records No Response: 188
(903688477,903688479,812361586,903688483,812361571,812361590,812361568,903688487,812361573,812361592,812361574,903688491,903688490,903688493,903688499,812361594,903688501,903688448,812361595,812361575,812361596,903688508,812361602,903688517,903688523,903688527,812361605,903688530,812361606,812361608,903688484,903688532,812361609,812361610,903688538,903688541,903688540,903688542,903688544,812361615,903688548,812361619,903688551,903688553,812361620,812361621,903688555,812361622,812361625,903688556,903688560,812361629,812361633,903688570,903688572,903688574,903688571,903688579,812361611,903688577,903688583,903688584,903688587,903688588,903688586,903688591,903688594,903688595,903688598,903688600,903688605,812361624,903688609,812361643,903688613,903688616,812361649,903688617,812361651,903688620,903688621,812361652,812361653,903688628,903688602,812361657,903688635,903688638,812361659,903688645,903688647,812361664,903688651,903688612,903688658,903688660,903688657,903688664,903688665,903688667,812361667,812361650,903688675,812361675,903688684,903688631,903688693,903688696,903688697,903688698,812361680,812361678,903688705,903688707,812361686,812361685,903688708,903688709,812361688,903688710,903688717,903688719,812361673,812361692,903688723,812361668,812361693,812361694,903688729,903688732,903688730,903688731,903688734,903688688,812361696,812361682,812361697,812361699,903688706,812361687,812361681,903688744,903688745,812361702,903688752,903688754,903688755,903688756,903688763,812361711,812361712,812361713,903688771,903688775,812361715,812361716,903688778,812361717,903688737,812361701,903688786,903688742,903688743,903688788,812361704,903688791,903688792,812361721,903688797,903688796,903688795,812361703,903688802,903688804,903688758,812361726,812361728,36097,812361735,812361736,812361747,812361753,812361741,812361758,903688808,812361764,903688810,903688811)
 Cron execution ended at: 2022-09-22 01:22:07

***********************************************************

 Cron execution started at :2022-09-22 01:30:02 

 Total Count =>139

Total records SUCCESS: 1
(812361647) 
Total records FAIL: 0
() 
 Total records PENDING: 10
(812361639,812361640,903688604,903688590,812361661,812361684,903688787,903688803,812361756,812361773)
 Total records No Response: 128
(903688583,903688584,903688587,903688588,903688586,903688591,903688594,903688595,903688598,903688600,903688605,812361624,903688609,812361643,903688613,903688616,812361649,903688617,812361651,903688620,903688621,812361652,812361653,903688628,903688602,812361657,903688635,903688638,812361659,903688645,903688647,812361664,903688651,903688612,903688658,903688660,903688657,903688664,903688665,903688667,812361667,812361650,903688675,812361675,903688684,903688631,903688693,903688696,903688697,903688698,812361680,812361678,903688705,903688707,812361686,812361685,903688708,903688709,812361688,903688710,903688717,903688719,812361673,812361692,903688723,812361668,812361693,812361694,903688729,903688732,903688730,903688731,903688734,903688688,812361696,812361682,812361697,812361699,903688706,812361687,812361681,903688744,903688745,812361702,903688752,903688754,903688755,903688756,903688763,812361711,812361712,812361713,903688771,903688775,812361715,812361716,903688778,812361717,903688737,812361701,903688786,903688742,903688743,903688788,812361704,903688791,903688792,812361721,903688797,903688796,903688795,812361703,903688802,903688804,903688758,812361726,812361728,36097,812361735,812361736,812361747,812361753,812361741,812361758,903688808,812361764,903688810,903688811)
 Cron execution ended at: 2022-09-22 01:31:13

***********************************************************

 Cron execution started at :2022-09-22 01:40:02 

 Total Count =>81

Total records SUCCESS: 0
() 
Total records FAIL: 0
() 
 Total records PENDING: 5
(812361684,903688787,903688803,812361756,812361773)
 Total records No Response: 76
(903688705,903688707,812361686,812361685,903688708,903688709,812361688,903688710,903688717,903688719,812361673,812361692,903688723,812361668,812361693,812361694,903688729,903688732,903688730,903688731,903688734,903688688,812361696,812361682,812361697,812361699,903688706,812361687,812361681,903688744,903688745,812361702,903688752,903688754,903688755,903688756,903688763,812361711,812361712,812361713,903688771,903688775,812361715,812361716,903688778,812361717,903688737,812361701,903688786,903688742,903688743,903688788,812361704,903688791,903688792,812361721,903688797,903688796,903688795,812361703,903688802,903688804,903688758,812361726,812361728,36097,812361735,812361736,812361747,812361753,812361741,812361758,903688808,812361764,903688810,903688811)
 Cron execution ended at: 2022-09-22 01:40:38

***********************************************************

 Cron execution started at :2022-09-22 01:50:02 

 Total Count =>20

Total records SUCCESS: 0
() 
Total records FAIL: 0
() 
 Total records PENDING: 2
(812361756,812361773)
 Total records No Response: 18
(903688758,812361726,812361728,36097,812361735,812361736,812361747,812361753,812361741,812361758,903688808,812361764,903688810,903688811,812361779,812361780,812361781,812361782)
 Cron execution ended at: 2022-09-22 01:50:07

***********************************************************

 Cron execution started at :2022-09-22 02:00:04 

 Total Count =>17

Total records SUCCESS: 0
() 
Total records FAIL: 0
() 
 Total records PENDING: 2
(812361756,812361773)
 Total records No Response: 15
(36097,812361735,812361736,812361747,812361753,812361741,812361758,903688808,812361764,903688810,903688811,812361779,812361780,812361781,812361782)
 Cron execution ended at: 2022-09-22 02:00:07

***********************************************************

 Cron execution started at :2022-09-22 02:10:01 

 Total Count =>19

Total records SUCCESS: 0
() 
Total records FAIL: 0
() 
 Total records PENDING: 2
(812361756,812361773)
 Total records No Response: 17
(36097,812361735,812361736,812361747,812361753,812361741,812361758,903688808,812361764,903688810,903688811,812361779,812361780,812361781,812361782,812361784,812361785)
 Cron execution ended at: 2022-09-22 02:10:05

***********************************************************

 Cron execution started at :2022-09-22 02:20:03 

 Total Count =>15

Total records SUCCESS: 0
() 
Total records FAIL: 0
() 
 Total records PENDING: 2
(812361756,812361773)
 Total records No Response: 13
(812361753,812361741,812361758,903688808,812361764,903688810,903688811,812361779,812361780,812361781,812361782,812361784,812361785)
 Cron execution ended at: 2022-09-22 02:20:07

***********************************************************

 Cron execution started at :2022-09-22 02:30:02 

 Total Count =>16

Total records SUCCESS: 0
() 
Total records FAIL: 0
() 
 Total records PENDING: 1
(812361773)
 Total records No Response: 15
(903688808,812361764,903688810,903688811,812361779,812361780,812361781,812361782,812361784,812361785,812361787,812361788,812361789,812361790,812361791)
 Cron execution ended at: 2022-09-22 02:30:07

***********************************************************

 Cron execution started at :2022-09-22 02:40:02 

 Total Count =>14

Total records SUCCESS: 0
() 
Total records FAIL: 0
() 
 Total records PENDING: 1
(812361773)
 Total records No Response: 13
(903688810,903688811,812361779,812361780,812361781,812361782,812361784,812361785,812361787,812361788,812361789,812361790,812361791)
 Cron execution ended at: 2022-09-22 02:40:05

***********************************************************

 Cron execution started at :2022-09-22 02:50:02 

 Total Count =>13

Total records SUCCESS: 0
() 
Total records FAIL: 0
() 
 Total records PENDING: 1
(812361773)
 Total records No Response: 12
(903688811,812361779,812361780,812361781,812361782,812361784,812361785,812361787,812361788,812361789,812361790,812361791)
 Cron execution ended at: 2022-09-22 02:50:04

***********************************************************

 Cron execution started at :2022-09-22 03:00:03 

 Total Count =>12

Total records SUCCESS: 0
() 
Total records FAIL: 0
() 
 Total records PENDING: 1
(812361773)
 Total records No Response: 11
(812361779,812361780,812361781,812361782,812361784,812361785,812361787,812361788,812361789,812361790,812361791)
 Cron execution ended at: 2022-09-22 03:00:09

***********************************************************

 Cron execution started at :2022-09-22 03:10:02 

 Total Count =>11

Total records SUCCESS: 0
() 
Total records FAIL: 0
() 
 Total records PENDING: 0
()
 Total records No Response: 11
(812361779,812361780,812361781,812361782,812361784,812361785,812361787,812361788,812361789,812361790,812361791)
 Cron execution ended at: 2022-09-22 03:10:04

***********************************************************

 Cron execution started at :2022-09-22 03:20:02 

 Total Count =>11

Total records SUCCESS: 0
() 
Total records FAIL: 0
() 
 Total records PENDING: 0
()
 Total records No Response: 11
(812361779,812361780,812361781,812361782,812361784,812361785,812361787,812361788,812361789,812361790,812361791)
 Cron execution ended at: 2022-09-22 03:20:04

***********************************************************

 Cron execution started at :2022-09-22 03:30:03 

 Total Count =>7

Total records SUCCESS: 0
() 
Total records FAIL: 0
() 
 Total records PENDING: 0
()
 Total records No Response: 7
(812361784,812361785,812361787,812361788,812361789,812361790,812361791)
 Cron execution ended at: 2022-09-22 03:30:04

***********************************************************

 Cron execution started at :2022-09-22 03:40:02 

 Total Count =>7

Total records SUCCESS: 0
() 
Total records FAIL: 0
() 
 Total records PENDING: 0
()
 Total records No Response: 7
(812361784,812361785,812361787,812361788,812361789,812361790,812361791)
 Cron execution ended at: 2022-09-22 03:40:04

***********************************************************

 Cron execution started at :2022-09-22 03:50:02 

 Total Count =>5

Total records SUCCESS: 0
() 
Total records FAIL: 0
() 
 Total records PENDING: 0
()
 Total records No Response: 5
(812361787,812361788,812361789,812361790,812361791)
 Cron execution ended at: 2022-09-22 03:50:02

***********************************************************

 Cron execution started at :2022-09-22 04:00:03 

 Total Count =>5

Total records SUCCESS: 0
() 
Total records FAIL: 0
() 
 Total records PENDING: 0
()
 Total records No Response: 5
(812361787,812361788,812361789,812361790,812361791)
 Cron execution ended at: 2022-09-22 04:00:04

***********************************************************

 Cron execution started at :2022-09-22 04:40:02 

 Total Count =>1

Total records SUCCESS: 0
() 
Total records FAIL: 0
() 
 Total records PENDING: 0
()
 Total records No Response: 1
(903688812)
 Cron execution ended at: 2022-09-22 04:40:02

***********************************************************

 Cron execution started at :2022-09-22 04:50:02 

 Total Count =>1

Total records SUCCESS: 0
() 
Total records FAIL: 0
() 
 Total records PENDING: 0
()
 Total records No Response: 1
(903688812)
 Cron execution ended at: 2022-09-22 04:50:02

***********************************************************

 Cron execution started at :2022-09-22 05:00:03 

 Total Count =>1

Total records SUCCESS: 0
() 
Total records FAIL: 0
() 
 Total records PENDING: 0
()
 Total records No Response: 1
(903688812)
 Cron execution ended at: 2022-09-22 05:00:04

***********************************************************

 Cron execution started at :2022-09-22 05:10:02 

 Total Count =>1

Total records SUCCESS: 0
() 
Total records FAIL: 0
() 
 Total records PENDING: 0
()
 Total records No Response: 1
(903688812)
 Cron execution ended at: 2022-09-22 05:10:03

***********************************************************

 Cron execution started at :2022-09-22 05:20:02 

 Total Count =>1

Total records SUCCESS: 0
() 
Total records FAIL: 0
() 
 Total records PENDING: 0
()
 Total records No Response: 1
(903688812)
 Cron execution ended at: 2022-09-22 05:20:02

***********************************************************

 Cron execution started at :2022-09-22 05:30:03 

 Total Count =>1

Total records SUCCESS: 0
() 
Total records FAIL: 0
() 
 Total records PENDING: 0
()
 Total records No Response: 1
(903688812)
 Cron execution ended at: 2022-09-22 05:30:03

***********************************************************

 Cron execution started at :2022-09-22 05:40:02 

 Total Count =>1

Total records SUCCESS: 0
() 
Total records FAIL: 0
() 
 Total records PENDING: 0
()
 Total records No Response: 1
(903688812)
 Cron execution ended at: 2022-09-22 05:40:02

***********************************************************

 Cron execution started at :2022-09-22 05:50:02 

 Total Count =>1

Total records SUCCESS: 0
() 
Total records FAIL: 0
() 
 Total records PENDING: 0
()
 Total records No Response: 1
(903688812)
 Cron execution ended at: 2022-09-22 05:50:02

***********************************************************

 Cron execution started at :2022-09-22 06:00:03 

 Total Count =>1

Total records SUCCESS: 0
() 
Total records FAIL: 0
() 
 Total records PENDING: 0
()
 Total records No Response: 1
(903688812)
 Cron execution ended at: 2022-09-22 06:00:04

***********************************************************

 Cron execution started at :2022-09-22 06:10:02 

 Total Count =>1

Total records SUCCESS: 0
() 
Total records FAIL: 0
() 
 Total records PENDING: 0
()
 Total records No Response: 1
(903688812)
 Cron execution ended at: 2022-09-22 06:10:03

***********************************************************

 Cron execution started at :2022-09-22 06:50:02 

 Total Count =>3

Total records SUCCESS: 0
() 
Total records FAIL: 0
() 
 Total records PENDING: 0
()
 Total records No Response: 3
(812361796,812361797,812361798)
 Cron execution ended at: 2022-09-22 06:50:03

***********************************************************

 Cron execution started at :2022-09-22 07:00:04 

 Total Count =>4

Total records SUCCESS: 0
() 
Total records FAIL: 0
() 
 Total records PENDING: 0
()
 Total records No Response: 4
(812361796,812361797,812361798,812361799)
 Cron execution ended at: 2022-09-22 07:00:05

***********************************************************

 Cron execution started at :2022-09-22 07:10:02 

 Total Count =>4

Total records SUCCESS: 0
() 
Total records FAIL: 0
() 
 Total records PENDING: 0
()
 Total records No Response: 4
(812361796,812361797,812361798,812361799)
 Cron execution ended at: 2022-09-22 07:10:03

***********************************************************

 Cron execution started at :2022-09-22 07:20:02 

 Total Count =>5

Total records SUCCESS: 0
() 
Total records FAIL: 0
() 
 Total records PENDING: 0
()
 Total records No Response: 5
(812361796,812361797,812361798,812361799,903688814)
 Cron execution ended at: 2022-09-22 07:20:03

***********************************************************

 Cron execution started at :2022-09-22 07:30:03 

 Total Count =>5

Total records SUCCESS: 0
() 
Total records FAIL: 0
() 
 Total records PENDING: 0
()
 Total records No Response: 5
(812361796,812361797,812361798,812361799,903688814)
 Cron execution ended at: 2022-09-22 07:30:04

***********************************************************

 Cron execution started at :2022-09-22 07:40:02 

 Total Count =>5

Total records SUCCESS: 0
() 
Total records FAIL: 0
() 
 Total records PENDING: 0
()
 Total records No Response: 5
(812361796,812361797,812361798,812361799,903688814)
 Cron execution ended at: 2022-09-22 07:40:04

***********************************************************

 Cron execution started at :2022-09-22 07:50:02 

 Total Count =>10

Total records SUCCESS: 0
() 
Total records FAIL: 0
() 
 Total records PENDING: 0
()
 Total records No Response: 10
(812361796,812361797,812361798,812361799,903688814,812361806,812361807,812361808,812361809,812361810)
 Cron execution ended at: 2022-09-22 07:50:05

***********************************************************

 Cron execution started at :2022-09-22 08:00:03 

 Total Count =>10

Total records SUCCESS: 0
() 
Total records FAIL: 0
() 
 Total records PENDING: 0
()
 Total records No Response: 10
(812361796,812361797,812361798,812361799,903688814,812361806,812361807,812361808,812361809,812361810)
 Cron execution ended at: 2022-09-22 08:00:06

***********************************************************

 Cron execution started at :2022-09-22 08:10:02 

 Total Count =>10

Total records SUCCESS: 0
() 
Total records FAIL: 0
() 
 Total records PENDING: 0
()
 Total records No Response: 10
(812361796,812361797,812361798,812361799,903688814,812361806,812361807,812361808,812361809,812361810)
 Cron execution ended at: 2022-09-22 08:10:07

***********************************************************

 Cron execution started at :2022-09-22 08:20:02 

 Total Count =>12

Total records SUCCESS: 0
() 
Total records FAIL: 0
() 
 Total records PENDING: 0
()
 Total records No Response: 12
(812361796,812361797,812361798,812361799,903688814,812361806,812361807,812361808,812361809,812361810,903688816,812361818)
 Cron execution ended at: 2022-09-22 08:20:08

***********************************************************

 Cron execution started at :2022-09-22 08:30:02 

 Total Count =>16

Total records SUCCESS: 0
() 
Total records FAIL: 0
() 
 Total records PENDING: 1
(812361825)
 Total records No Response: 15
(812361799,903688814,812361806,812361807,812361808,812361809,812361810,903688816,812361818,812361819,812361821,812361822,812361823,812361824,812361826)
 Cron execution ended at: 2022-09-22 08:30:06

***********************************************************

 Cron execution started at :2022-09-22 08:40:02 

 Total Count =>17

Total records SUCCESS: 0
() 
Total records FAIL: 0
() 
 Total records PENDING: 1
(812361825)
 Total records No Response: 16
(903688814,812361806,812361807,812361808,812361809,812361810,903688816,812361818,812361819,812361821,812361822,812361823,812361824,812361826,812361828,812361829)
 Cron execution ended at: 2022-09-22 08:40:06

***********************************************************

 Cron execution started at :2022-09-22 08:50:01 

 Total Count =>17

Total records SUCCESS: 0
() 
Total records FAIL: 0
() 
 Total records PENDING: 1
(812361825)
 Total records No Response: 16
(903688814,812361806,812361807,812361808,812361809,812361810,903688816,812361818,812361819,812361821,812361822,812361823,812361824,812361826,812361828,812361829)
 Cron execution ended at: 2022-09-22 08:50:07

***********************************************************

 Cron execution started at :2022-09-22 09:00:03 

 Total Count =>16

Total records SUCCESS: 0
() 
Total records FAIL: 0
() 
 Total records PENDING: 1
(812361825)
 Total records No Response: 15
(812361806,812361807,812361808,812361809,812361810,903688816,812361818,812361819,812361821,812361822,812361823,812361824,812361826,812361828,812361829)
 Cron execution ended at: 2022-09-22 09:00:06

***********************************************************

 Cron execution started at :2022-09-22 09:10:02 

 Total Count =>17

Total records SUCCESS: 0
() 
Total records FAIL: 0
() 
 Total records PENDING: 2
(812361825,812361834)
 Total records No Response: 15
(812361806,812361807,812361808,812361809,812361810,903688816,812361818,812361819,812361821,812361822,812361823,812361824,812361826,812361828,812361829)
 Cron execution ended at: 2022-09-22 09:10:06

***********************************************************

 Cron execution started at :2022-09-22 09:20:02 

 Total Count =>19

Total records SUCCESS: 0
() 
Total records FAIL: 0
() 
 Total records PENDING: 2
(812361825,812361834)
 Total records No Response: 17
(812361806,812361807,812361808,812361809,812361810,903688816,812361818,812361819,812361821,812361822,812361823,812361824,812361826,812361828,812361829,812361835,903688823)
 Cron execution ended at: 2022-09-22 09:20:09

***********************************************************

 Cron execution started at :2022-09-22 09:30:02 

 Total Count =>14

Total records SUCCESS: 0
() 
Total records FAIL: 0
() 
 Total records PENDING: 2
(812361825,812361834)
 Total records No Response: 12
(903688816,812361818,812361819,812361821,812361822,812361823,812361824,812361826,812361828,812361829,812361835,903688823)
 Cron execution ended at: 2022-09-22 09:30:05

***********************************************************

 Cron execution started at :2022-09-22 09:40:02 

 Total Count =>14

Total records SUCCESS: 0
() 
Total records FAIL: 0
() 
 Total records PENDING: 2
(812361825,812361834)
 Total records No Response: 12
(903688816,812361818,812361819,812361821,812361822,812361823,812361824,812361826,812361828,812361829,812361835,903688823)
 Cron execution ended at: 2022-09-22 09:40:05

***********************************************************

 Cron execution started at :2022-09-22 09:50:02 

 Total Count =>14

Total records SUCCESS: 0
() 
Total records FAIL: 0
() 
 Total records PENDING: 2
(812361825,812361834)
 Total records No Response: 12
(903688816,812361818,812361819,812361821,812361822,812361823,812361824,812361826,812361828,812361829,812361835,903688823)
 Cron execution ended at: 2022-09-22 09:50:05

***********************************************************

 Cron execution started at :2022-09-22 10:00:03 

 Total Count =>12

Total records SUCCESS: 0
() 
Total records FAIL: 0
() 
 Total records PENDING: 2
(812361825,812361834)
 Total records No Response: 10
(812361819,812361821,812361822,812361823,812361824,812361826,812361828,812361829,812361835,903688823)
 Cron execution ended at: 2022-09-22 10:00:05

***********************************************************

 Cron execution started at :2022-09-22 10:10:01 

 Total Count =>6

Total records SUCCESS: 0
() 
Total records FAIL: 0
() 
 Total records PENDING: 1
(812361834)
 Total records No Response: 5
(812361828,812361829,812361835,903688823,903688828)
 Cron execution ended at: 2022-09-22 10:10:02

***********************************************************

 Cron execution started at :2022-09-22 10:20:03 

 Total Count =>4

Total records SUCCESS: 0
() 
Total records FAIL: 0
() 
 Total records PENDING: 1
(812361834)
 Total records No Response: 3
(812361835,903688823,903688828)
 Cron execution ended at: 2022-09-22 10:20:03

***********************************************************

 Cron execution started at :2022-09-22 10:30:02 

 Total Count =>4

Total records SUCCESS: 0
() 
Total records FAIL: 0
() 
 Total records PENDING: 1
(812361834)
 Total records No Response: 3
(812361835,903688823,903688828)
 Cron execution ended at: 2022-09-22 10:30:03

***********************************************************

 Cron execution started at :2022-09-22 10:40:02 

 Total Count =>6

Total records SUCCESS: 0
() 
Total records FAIL: 0
() 
 Total records PENDING: 2
(812361834,812361842)
 Total records No Response: 4
(812361835,903688823,903688828,812361845)
 Cron execution ended at: 2022-09-22 10:40:03

***********************************************************

 Cron execution started at :2022-09-22 10:50:02 

 Total Count =>7

Total records SUCCESS: 0
() 
Total records FAIL: 0
() 
 Total records PENDING: 1
(812361842)
 Total records No Response: 6
(812361835,903688823,903688828,812361845,903688831,903688836)
 Cron execution ended at: 2022-09-22 10:50:03

***********************************************************

 Cron execution started at :2022-09-22 11:00:03 

 Total Count =>6

Total records SUCCESS: 0
() 
Total records FAIL: 0
() 
 Total records PENDING: 1
(812361842)
 Total records No Response: 5
(903688828,812361845,903688831,903688836,812361848)
 Cron execution ended at: 2022-09-22 11:00:05

***********************************************************

 Cron execution started at :2022-09-22 11:10:02 

 Total Count =>6

Total records SUCCESS: 0
() 
Total records FAIL: 0
() 
 Total records PENDING: 1
(812361842)
 Total records No Response: 5
(903688828,812361845,903688831,903688836,812361848)
 Cron execution ended at: 2022-09-22 11:10:04

***********************************************************

 Cron execution started at :2022-09-22 11:20:02 

 Total Count =>15

Total records SUCCESS: 0
() 
Total records FAIL: 0
() 
 Total records PENDING: 1
(812361842)
 Total records No Response: 14
(903688828,812361845,903688831,903688836,812361848,812361850,812361851,812361852,812361853,812361854,812361855,812361857,812361856,812361858)
 Cron execution ended at: 2022-09-22 11:20:06

***********************************************************

 Cron execution started at :2022-09-22 11:30:03 

 Total Count =>16

Total records SUCCESS: 0
() 
Total records FAIL: 0
() 
 Total records PENDING: 1
(812361842)
 Total records No Response: 15
(903688828,812361845,903688831,903688836,812361848,812361850,812361851,812361852,812361853,812361854,812361855,812361857,812361856,812361858,812361859)
 Cron execution ended at: 2022-09-22 11:30:07

***********************************************************

 Cron execution started at :2022-09-22 11:40:01 

 Total Count =>18

Total records SUCCESS: 0
() 
Total records FAIL: 0
() 
 Total records PENDING: 2
(812361842,903688840)
 Total records No Response: 16
(903688828,812361845,903688831,903688836,812361848,812361850,812361851,812361852,812361853,812361854,812361855,812361857,812361856,812361858,812361859,812361861)
 Cron execution ended at: 2022-09-22 11:40:07

***********************************************************

 Cron execution started at :2022-09-22 11:50:01 

 Total Count =>18

Total records SUCCESS: 0
() 
Total records FAIL: 0
() 
 Total records PENDING: 2
(812361842,903688840)
 Total records No Response: 16
(812361845,903688831,903688836,812361848,812361850,812361851,812361852,812361853,812361854,812361855,812361857,812361856,812361858,812361859,812361861,812361866)
 Cron execution ended at: 2022-09-22 11:50:05

***********************************************************

 Cron execution started at :2022-09-22 12:00:04 

 Total Count =>18

Total records SUCCESS: 0
() 
Total records FAIL: 0
() 
 Total records PENDING: 2
(812361842,903688840)
 Total records No Response: 16
(812361845,903688831,903688836,812361848,812361850,812361851,812361852,812361853,812361854,812361855,812361857,812361856,812361858,812361859,812361861,812361866)
 Cron execution ended at: 2022-09-22 12:00:09

***********************************************************

 Cron execution started at :2022-09-22 12:10:01 

 Total Count =>19

Total records SUCCESS: 0
() 
Total records FAIL: 0
() 
 Total records PENDING: 2
(812361842,903688840)
 Total records No Response: 17
(812361845,903688831,903688836,812361848,812361850,812361851,812361852,812361853,812361854,812361855,812361857,812361856,812361858,812361859,812361861,812361866,812361869)
 Cron execution ended at: 2022-09-22 12:10:06

***********************************************************

 Cron execution started at :2022-09-22 12:20:01 

 Total Count =>18

Total records SUCCESS: 0
() 
Total records FAIL: 0
() 
 Total records PENDING: 2
(903688840,903688844)
 Total records No Response: 16
(903688831,903688836,812361848,812361850,812361851,812361852,812361853,812361854,812361855,812361857,812361856,812361858,812361859,812361861,812361866,812361869)
 Cron execution ended at: 2022-09-22 12:20:07

***********************************************************

 Cron execution started at :2022-09-22 12:30:02 

 Total Count =>16

Total records SUCCESS: 0
() 
Total records FAIL: 0
() 
 Total records PENDING: 2
(903688840,903688844)
 Total records No Response: 14
(812361848,812361850,812361851,812361852,812361853,812361854,812361855,812361857,812361856,812361858,812361859,812361861,812361866,812361869)
 Cron execution ended at: 2022-09-22 12:30:07

***********************************************************

 Cron execution started at :2022-09-22 12:40:02 

 Total Count =>15

Total records SUCCESS: 0
() 
Total records FAIL: 0
() 
 Total records PENDING: 2
(903688840,903688844)
 Total records No Response: 13
(812361850,812361851,812361852,812361853,812361854,812361855,812361857,812361856,812361858,812361859,812361861,812361866,812361869)
 Cron execution ended at: 2022-09-22 12:40:06

***********************************************************

 Cron execution started at :2022-09-22 12:50:02 

 Total Count =>15

Total records SUCCESS: 0
() 
Total records FAIL: 0
() 
 Total records PENDING: 2
(903688840,903688844)
 Total records No Response: 13
(812361850,812361851,812361852,812361853,812361854,812361855,812361857,812361856,812361858,812361859,812361861,812361866,812361869)
 Cron execution ended at: 2022-09-22 12:50:06

***********************************************************

 Cron execution started at :2022-09-22 13:00:03 

 Total Count =>6

Total records SUCCESS: 0
() 
Total records FAIL: 0
() 
 Total records PENDING: 2
(903688840,903688844)
 Total records No Response: 4
(812361859,812361861,812361866,812361869)
 Cron execution ended at: 2022-09-22 13:00:05

***********************************************************

 Cron execution started at :2022-09-22 13:10:02 

 Total Count =>5

Total records SUCCESS: 0
() 
Total records FAIL: 0
() 
 Total records PENDING: 2
(903688840,903688844)
 Total records No Response: 3
(812361861,812361866,812361869)
 Cron execution ended at: 2022-09-22 13:10:03

***********************************************************

 Cron execution started at :2022-09-22 13:20:03 

 Total Count =>3

Total records SUCCESS: 0
() 
Total records FAIL: 0
() 
 Total records PENDING: 1
(903688844)
 Total records No Response: 2
(812361866,812361869)
 Cron execution ended at: 2022-09-22 13:20:03

***********************************************************

 Cron execution started at :2022-09-22 13:30:03 

 Total Count =>5

Total records SUCCESS: 0
() 
Total records FAIL: 0
() 
 Total records PENDING: 2
(903688844,812361872)
 Total records No Response: 3
(812361869,903688846,36100)
 Cron execution ended at: 2022-09-22 13:30:04

***********************************************************

 Cron execution started at :2022-09-22 13:40:02 

 Total Count =>5

Total records SUCCESS: 0
() 
Total records FAIL: 0
() 
 Total records PENDING: 2
(903688844,812361872)
 Total records No Response: 3
(812361869,903688846,36100)
 Cron execution ended at: 2022-09-22 13:40:03

***********************************************************

 Cron execution started at :2022-09-22 13:50:02 

 Total Count =>4

Total records SUCCESS: 0
() 
Total records FAIL: 0
() 
 Total records PENDING: 2
(903688844,812361872)
 Total records No Response: 2
(903688846,36100)
 Cron execution ended at: 2022-09-22 13:50:03

***********************************************************

 Cron execution started at :2022-09-22 14:00:03 

 Total Count =>3

Total records SUCCESS: 0
() 
Total records FAIL: 0
() 
 Total records PENDING: 1
(812361872)
 Total records No Response: 2
(903688846,36100)
 Cron execution ended at: 2022-09-22 14:00:04

***********************************************************

 Cron execution started at :2022-09-22 14:10:02 

 Total Count =>4

Total records SUCCESS: 0
() 
Total records FAIL: 0
() 
 Total records PENDING: 1
(812361872)
 Total records No Response: 3
(903688846,36100,812361882)
 Cron execution ended at: 2022-09-22 14:10:02

***********************************************************

 Cron execution started at :2022-09-22 14:20:02 

 Total Count =>4

Total records SUCCESS: 0
() 
Total records FAIL: 0
() 
 Total records PENDING: 1
(812361872)
 Total records No Response: 3
(903688846,36100,812361882)
 Cron execution ended at: 2022-09-22 14:20:03

***********************************************************

 Cron execution started at :2022-09-22 14:30:02 

 Total Count =>4

Total records SUCCESS: 0
() 
Total records FAIL: 0
() 
 Total records PENDING: 1
(812361872)
 Total records No Response: 3
(903688846,36100,812361882)
 Cron execution ended at: 2022-09-22 14:30:03

***********************************************************

 Cron execution started at :2022-09-22 14:40:02 

 Total Count =>4

Total records SUCCESS: 0
() 
Total records FAIL: 0
() 
 Total records PENDING: 1
(812361872)
 Total records No Response: 3
(903688846,36100,812361882)
 Cron execution ended at: 2022-09-22 14:40:03

***********************************************************

 Cron execution started at :2022-09-22 14:50:03 

 Total Count =>5

Total records SUCCESS: 0
() 
Total records FAIL: 0
() 
 Total records PENDING: 1
(812361872)
 Total records No Response: 4
(903688846,36100,812361882,812361884)
 Cron execution ended at: 2022-09-22 14:50:04

***********************************************************

 Cron execution started at :2022-09-22 15:00:03 

 Total Count =>6

Total records SUCCESS: 0
() 
Total records FAIL: 0
() 
 Total records PENDING: 1
(812361872)
 Total records No Response: 5
(903688846,36100,812361882,812361884,903688855)
 Cron execution ended at: 2022-09-22 15:00:05

***********************************************************

 Cron execution started at :2022-09-22 15:10:02 

 Total Count =>5

Total records SUCCESS: 0
() 
Total records FAIL: 0
() 
 Total records PENDING: 0
()
 Total records No Response: 5
(812361882,812361884,903688855,812361888,812361889)
 Cron execution ended at: 2022-09-22 15:10:04

***********************************************************

 Cron execution started at :2022-09-22 15:20:02 

 Total Count =>5

Total records SUCCESS: 0
() 
Total records FAIL: 0
() 
 Total records PENDING: 0
()
 Total records No Response: 5
(812361882,812361884,903688855,812361888,812361889)
 Cron execution ended at: 2022-09-22 15:20:05

***********************************************************

 Cron execution started at :2022-09-22 15:30:02 

 Total Count =>6

Total records SUCCESS: 0
() 
Total records FAIL: 0
() 
 Total records PENDING: 0
()
 Total records No Response: 6
(812361882,812361884,903688855,812361888,812361889,903688856)
 Cron execution ended at: 2022-09-22 15:30:04

***********************************************************

 Cron execution started at :2022-09-22 15:40:02 

 Total Count =>6

Total records SUCCESS: 0
() 
Total records FAIL: 0
() 
 Total records PENDING: 0
()
 Total records No Response: 6
(812361882,812361884,903688855,812361888,812361889,903688856)
 Cron execution ended at: 2022-09-22 15:40:06

***********************************************************

 Cron execution started at :2022-09-22 15:50:01 

 Total Count =>5

Total records SUCCESS: 0
() 
Total records FAIL: 0
() 
 Total records PENDING: 0
()
 Total records No Response: 5
(812361884,903688855,812361888,812361889,903688856)
 Cron execution ended at: 2022-09-22 15:50:02

***********************************************************

 Cron execution started at :2022-09-22 16:00:03 

 Total Count =>5

Total records SUCCESS: 0
() 
Total records FAIL: 0
() 
 Total records PENDING: 0
()
 Total records No Response: 5
(812361884,903688855,812361888,812361889,903688856)
 Cron execution ended at: 2022-09-22 16:00:04

***********************************************************

 Cron execution started at :2022-09-22 16:10:02 

 Total Count =>6

Total records SUCCESS: 0
() 
Total records FAIL: 0
() 
 Total records PENDING: 1
(812361903)
 Total records No Response: 5
(812361884,903688855,812361888,812361889,903688856)
 Cron execution ended at: 2022-09-22 16:10:04

***********************************************************

 Cron execution started at :2022-09-22 16:20:02 

 Total Count =>7

Total records SUCCESS: 0
() 
Total records FAIL: 0
() 
 Total records PENDING: 1
(812361903)
 Total records No Response: 6
(812361884,903688855,812361888,812361889,903688856,903688859)
 Cron execution ended at: 2022-09-22 16:20:03

***********************************************************

 Cron execution started at :2022-09-22 16:30:02 

 Total Count =>6

Total records SUCCESS: 0
() 
Total records FAIL: 0
() 
 Total records PENDING: 1
(812361903)
 Total records No Response: 5
(903688855,812361888,812361889,903688856,903688859)
 Cron execution ended at: 2022-09-22 16:30:04

***********************************************************

 Cron execution started at :2022-09-22 16:40:02 

 Total Count =>8

Total records SUCCESS: 0
() 
Total records FAIL: 0
() 
 Total records PENDING: 1
(812361903)
 Total records No Response: 7
(812361888,812361889,903688856,903688859,903688863,903688861,903688862)
 Cron execution ended at: 2022-09-22 16:40:04

***********************************************************

 Cron execution started at :2022-09-22 16:50:02 

 Total Count =>10

Total records SUCCESS: 0
() 
Total records FAIL: 0
() 
 Total records PENDING: 3
(812361903,812361907,812361911)
 Total records No Response: 7
(903688856,903688859,903688863,903688861,903688862,812361908,812361910)
 Cron execution ended at: 2022-09-22 16:50:05

***********************************************************

 Cron execution started at :2022-09-22 17:00:04 

 Total Count =>11

Total records SUCCESS: 0
() 
Total records FAIL: 0
() 
 Total records PENDING: 4
(812361903,812361907,812361911,903688867)
 Total records No Response: 7
(903688856,903688859,903688863,903688861,903688862,812361908,812361910)
 Cron execution ended at: 2022-09-22 17:00:10

***********************************************************

 Cron execution started at :2022-09-22 17:10:01 

 Total Count =>10

Total records SUCCESS: 0
() 
Total records FAIL: 0
() 
 Total records PENDING: 4
(812361903,812361907,812361911,903688867)
 Total records No Response: 6
(903688859,903688863,903688861,903688862,812361908,812361910)
 Cron execution ended at: 2022-09-22 17:10:03

***********************************************************

 Cron execution started at :2022-09-22 17:20:02 

 Total Count =>10

Total records SUCCESS: 0
() 
Total records FAIL: 0
() 
 Total records PENDING: 4
(812361903,812361907,812361911,903688867)
 Total records No Response: 6
(903688859,903688863,903688861,903688862,812361908,812361910)
 Cron execution ended at: 2022-09-22 17:20:04

***********************************************************

 Cron execution started at :2022-09-22 17:30:03 

 Total Count =>12

Total records SUCCESS: 0
() 
Total records FAIL: 0
() 
 Total records PENDING: 5
(812361903,812361907,812361911,903688867,812361919)
 Total records No Response: 7
(903688859,903688863,903688861,903688862,812361908,812361910,812361921)
 Cron execution ended at: 2022-09-22 17:30:05

***********************************************************

 Cron execution started at :2022-09-22 17:40:02 

 Total Count =>15

Total records SUCCESS: 0
() 
Total records FAIL: 0
() 
 Total records PENDING: 8
(812361903,812361907,812361911,903688867,812361919,812361920,812361922,812361923)
 Total records No Response: 7
(903688859,903688863,903688861,903688862,812361908,812361910,812361921)
 Cron execution ended at: 2022-09-22 17:40:06

***********************************************************

 Cron execution started at :2022-09-22 17:50:01 

 Total Count =>17

Total records SUCCESS: 0
() 
Total records FAIL: 0
() 
 Total records PENDING: 7
(812361907,812361911,903688867,812361919,812361920,812361922,812361923)
 Total records No Response: 10
(903688859,903688863,903688861,903688862,812361908,812361910,812361921,903688873,812361926,903688875)
 Cron execution ended at: 2022-09-22 17:50:06

***********************************************************

 Cron execution started at :2022-09-22 18:00:03 

 Total Count =>17

Total records SUCCESS: 0
() 
Total records FAIL: 0
() 
 Total records PENDING: 8
(812361907,812361911,903688867,812361919,812361920,812361922,812361923,812361927)
 Total records No Response: 9
(903688863,903688861,903688862,812361908,812361910,812361921,903688873,812361926,903688875)
 Cron execution ended at: 2022-09-22 18:00:08

***********************************************************

 Cron execution started at :2022-09-22 18:10:01 

 Total Count =>17

Total records SUCCESS: 0
() 
Total records FAIL: 0
() 
 Total records PENDING: 8
(812361907,812361911,903688867,812361919,812361920,812361922,812361923,812361927)
 Total records No Response: 9
(903688863,903688861,903688862,812361908,812361910,812361921,903688873,812361926,903688875)
 Cron execution ended at: 2022-09-22 18:10:08

***********************************************************

 Cron execution started at :2022-09-22 18:20:02 

 Total Count =>15

Total records SUCCESS: 0
() 
Total records FAIL: 0
() 
 Total records PENDING: 9
(812361907,812361911,903688867,812361919,812361920,812361922,812361923,812361927,903688877)
 Total records No Response: 6
(812361908,812361910,812361921,903688873,812361926,903688875)
 Cron execution ended at: 2022-09-22 18:20:06

***********************************************************

 Cron execution started at :2022-09-22 18:30:02 

 Total Count =>11

Total records SUCCESS: 0
() 
Total records FAIL: 0
() 
 Total records PENDING: 7
(903688867,812361919,812361920,812361922,812361923,812361927,903688877)
 Total records No Response: 4
(812361921,903688873,812361926,903688875)
 Cron execution ended at: 2022-09-22 18:30:05

***********************************************************

 Cron execution started at :2022-09-22 18:40:03 

 Total Count =>10

Total records SUCCESS: 0
() 
Total records FAIL: 0
() 
 Total records PENDING: 6
(812361919,812361920,812361922,812361923,812361927,903688877)
 Total records No Response: 4
(812361921,903688873,812361926,903688875)
 Cron execution ended at: 2022-09-22 18:40:06

***********************************************************

 Cron execution started at :2022-09-22 18:50:01 

 Total Count =>10

Total records SUCCESS: 0
() 
Total records FAIL: 0
() 
 Total records PENDING: 6
(812361919,812361920,812361922,812361923,812361927,903688877)
 Total records No Response: 4
(812361921,903688873,812361926,903688875)
 Cron execution ended at: 2022-09-22 18:50:05

***********************************************************

 Cron execution started at :2022-09-22 19:00:03 

 Total Count =>10

Total records SUCCESS: 0
() 
Total records FAIL: 0
() 
 Total records PENDING: 6
(812361919,812361920,812361922,812361923,812361927,903688877)
 Total records No Response: 4
(812361921,903688873,812361926,903688875)
 Cron execution ended at: 2022-09-22 19:00:06

***********************************************************

 Cron execution started at :2022-09-22 19:10:02 

 Total Count =>8

Total records SUCCESS: 0
() 
Total records FAIL: 0
() 
 Total records PENDING: 5
(812361920,812361922,812361923,812361927,903688877)
 Total records No Response: 3
(903688873,812361926,903688875)
 Cron execution ended at: 2022-09-22 19:10:06

***********************************************************

 Cron execution started at :2022-09-22 19:20:01 

 Total Count =>5

Total records SUCCESS: 0
() 
Total records FAIL: 0
() 
 Total records PENDING: 2
(812361927,903688877)
 Total records No Response: 3
(903688873,812361926,903688875)
 Cron execution ended at: 2022-09-22 19:20:02

***********************************************************

 Cron execution started at :2022-09-22 19:30:02 

 Total Count =>3

Total records SUCCESS: 0
() 
Total records FAIL: 0
() 
 Total records PENDING: 2
(812361927,903688877)
 Total records No Response: 1
(903688880)
 Cron execution ended at: 2022-09-22 19:30:03

***********************************************************

 Cron execution started at :2022-09-22 19:40:02 

 Total Count =>2

Total records SUCCESS: 0
() 
Total records FAIL: 0
() 
 Total records PENDING: 1
(903688877)
 Total records No Response: 1
(903688880)
 Cron execution ended at: 2022-09-22 19:40:03

***********************************************************

 Cron execution started at :2022-09-22 19:50:02 

 Total Count =>2

Total records SUCCESS: 0
() 
Total records FAIL: 0
() 
 Total records PENDING: 1
(903688877)
 Total records No Response: 1
(903688880)
 Cron execution ended at: 2022-09-22 19:50:02

***********************************************************

 Cron execution started at :2022-09-22 20:00:03 

 Total Count =>2

Total records SUCCESS: 0
() 
Total records FAIL: 0
() 
 Total records PENDING: 0
()
 Total records No Response: 2
(903688880,36104)
 Cron execution ended at: 2022-09-22 20:00:03

***********************************************************

 Cron execution started at :2022-09-22 20:10:01 

 Total Count =>3

Total records SUCCESS: 0
() 
Total records FAIL: 0
() 
 Total records PENDING: 1
(812361940)
 Total records No Response: 2
(903688880,36104)
 Cron execution ended at: 2022-09-22 20:10:02

***********************************************************

 Cron execution started at :2022-09-22 20:20:02 

 Total Count =>4

Total records SUCCESS: 0
() 
Total records FAIL: 0
() 
 Total records PENDING: 1
(812361940)
 Total records No Response: 3
(903688880,36104,903688886)
 Cron execution ended at: 2022-09-22 20:20:03

***********************************************************

 Cron execution started at :2022-09-22 20:30:02 

 Total Count =>4

Total records SUCCESS: 0
() 
Total records FAIL: 0
() 
 Total records PENDING: 1
(812361940)
 Total records No Response: 3
(903688880,36104,903688886)
 Cron execution ended at: 2022-09-22 20:30:04

***********************************************************

 Cron execution started at :2022-09-22 20:40:03 

 Total Count =>4

Total records SUCCESS: 0
() 
Total records FAIL: 0
() 
 Total records PENDING: 1
(812361940)
 Total records No Response: 3
(903688880,36104,903688886)
 Cron execution ended at: 2022-09-22 20:40:03

***********************************************************

 Cron execution started at :2022-09-22 20:50:02 

 Total Count =>6

Total records SUCCESS: 0
() 
Total records FAIL: 0
() 
 Total records PENDING: 1
(812361940)
 Total records No Response: 5
(903688880,36104,903688886,36105,812361943)
 Cron execution ended at: 2022-09-22 20:50:04

***********************************************************

 Cron execution started at :2022-09-22 21:00:03 

 Total Count =>9

Total records SUCCESS: 0
() 
Total records FAIL: 0
() 
 Total records PENDING: 2
(812361940,812361946)
 Total records No Response: 7
(903688880,36104,903688886,36105,812361943,812361947,812361949)
 Cron execution ended at: 2022-09-22 21:00:07

***********************************************************

 Cron execution started at :2022-09-22 21:10:01 

 Total Count =>10

Total records SUCCESS: 0
() 
Total records FAIL: 0
() 
 Total records PENDING: 2
(812361940,812361946)
 Total records No Response: 8
(36104,903688886,36105,812361943,812361947,812361949,903688888,812361951)
 Cron execution ended at: 2022-09-22 21:10:04

***********************************************************

 Cron execution started at :2022-09-22 21:20:02 

 Total Count =>12

Total records SUCCESS: 0
() 
Total records FAIL: 0
() 
 Total records PENDING: 2
(812361940,812361946)
 Total records No Response: 10
(36104,903688886,36105,812361943,812361947,812361949,903688888,812361951,903688889,812361952)
 Cron execution ended at: 2022-09-22 21:20:05

***********************************************************

 Cron execution started at :2022-09-22 21:30:02 

 Total Count =>12

Total records SUCCESS: 0
() 
Total records FAIL: 0
() 
 Total records PENDING: 2
(812361940,812361946)
 Total records No Response: 10
(36104,903688886,36105,812361943,812361947,812361949,903688888,812361951,903688889,812361952)
 Cron execution ended at: 2022-09-22 21:30:05

***********************************************************

 Cron execution started at :2022-09-22 21:40:02 

 Total Count =>13

Total records SUCCESS: 0
() 
Total records FAIL: 0
() 
 Total records PENDING: 2
(812361940,812361946)
 Total records No Response: 11
(903688886,36105,812361943,812361947,812361949,903688888,812361951,903688889,812361952,903688890,903688891)
 Cron execution ended at: 2022-09-22 21:40:05

***********************************************************

 Cron execution started at :2022-09-22 21:50:01 

 Total Count =>12

Total records SUCCESS: 0
() 
Total records FAIL: 0
() 
 Total records PENDING: 1
(812361946)
 Total records No Response: 11
(903688886,36105,812361943,812361947,812361949,903688888,812361951,903688889,812361952,903688890,903688891)
 Cron execution ended at: 2022-09-22 21:50:05

***********************************************************

 Cron execution started at :2022-09-22 22:00:04 

 Total Count =>13

Total records SUCCESS: 0
() 
Total records FAIL: 0
() 
 Total records PENDING: 1
(812361946)
 Total records No Response: 12
(36105,812361943,812361947,812361949,903688888,812361951,903688889,812361952,903688890,903688891,812361961,903688892)
 Cron execution ended at: 2022-09-22 22:00:09

***********************************************************

 Cron execution started at :2022-09-22 22:10:01 

 Total Count =>14

Total records SUCCESS: 0
() 
Total records FAIL: 0
() 
 Total records PENDING: 2
(812361946,812361963)
 Total records No Response: 12
(36105,812361943,812361947,812361949,903688888,812361951,903688889,812361952,903688890,903688891,812361961,903688892)
 Cron execution ended at: 2022-09-22 22:10:04

***********************************************************

 Cron execution started at :2022-09-22 22:20:02 

 Total Count =>14

Total records SUCCESS: 0
() 
Total records FAIL: 0
() 
 Total records PENDING: 2
(812361946,812361963)
 Total records No Response: 12
(36105,812361943,812361947,812361949,903688888,812361951,903688889,812361952,903688890,903688891,812361961,903688892)
 Cron execution ended at: 2022-09-22 22:20:11

***********************************************************

 Cron execution started at :2022-09-22 22:30:02 

 Total Count =>16

Total records SUCCESS: 0
() 
Total records FAIL: 0
() 
 Total records PENDING: 2
(812361946,812361963)
 Total records No Response: 14
(812361947,812361949,903688888,812361951,903688889,812361952,903688890,903688891,812361961,903688892,903688893,903688894,812361967,36109)
 Cron execution ended at: 2022-09-22 22:30:07

***********************************************************

 Cron execution started at :2022-09-22 22:40:02 

 Total Count =>14

Total records SUCCESS: 0
() 
Total records FAIL: 0
() 
 Total records PENDING: 1
(812361963)
 Total records No Response: 13
(903688888,812361951,903688889,812361952,903688890,903688891,812361961,903688892,903688893,903688894,812361967,36109,812361970)
 Cron execution ended at: 2022-09-22 22:40:05

***********************************************************

 Cron execution started at :2022-09-22 22:50:02 

 Total Count =>12

Total records SUCCESS: 0
() 
Total records FAIL: 0
() 
 Total records PENDING: 1
(812361963)
 Total records No Response: 11
(903688889,812361952,903688890,903688891,812361961,903688892,903688893,903688894,812361967,36109,812361970)
 Cron execution ended at: 2022-09-22 22:50:05

***********************************************************

 Cron execution started at :2022-09-22 23:00:03 

 Total Count =>11

Total records SUCCESS: 0
() 
Total records FAIL: 0
() 
 Total records PENDING: 1
(812361963)
 Total records No Response: 10
(903688890,903688891,812361961,903688892,903688893,903688894,812361967,36109,812361970,812361972)
 Cron execution ended at: 2022-09-22 23:00:06

***********************************************************

 Cron execution started at :2022-09-22 23:10:02 

 Total Count =>14

Total records SUCCESS: 0
() 
Total records FAIL: 0
() 
 Total records PENDING: 1
(812361963)
 Total records No Response: 13
(903688890,903688891,812361961,903688892,903688893,903688894,812361967,36109,812361970,812361972,812361975,812361976,903688900)
 Cron execution ended at: 2022-09-22 23:10:06

***********************************************************

 Cron execution started at :2022-09-22 23:20:01 

 Total Count =>13

Total records SUCCESS: 0
() 
Total records FAIL: 0
() 
 Total records PENDING: 1
(812361963)
 Total records No Response: 12
(812361961,903688892,903688893,903688894,812361967,36109,812361970,812361972,812361975,812361976,903688900,903688902)
 Cron execution ended at: 2022-09-22 23:20:05

***********************************************************

 Cron execution started at :2022-09-22 23:30:02 

 Total Count =>14

Total records SUCCESS: 0
() 
Total records FAIL: 0
() 
 Total records PENDING: 1
(812361963)
 Total records No Response: 13
(812361961,903688892,903688893,903688894,812361967,36109,812361970,812361972,812361975,812361976,903688900,903688902,812361981)
 Cron execution ended at: 2022-09-22 23:30:06

***********************************************************

 Cron execution started at :2022-09-22 23:40:02 

 Total Count =>13

Total records SUCCESS: 0
() 
Total records FAIL: 0
() 
 Total records PENDING: 1
(812361963)
 Total records No Response: 12
(903688893,903688894,812361967,36109,812361970,812361972,812361975,812361976,903688900,903688902,812361981,812361982)
 Cron execution ended at: 2022-09-22 23:40:05

***********************************************************

 Cron execution started at :2022-09-22 23:50:01 

 Total Count =>13

Total records SUCCESS: 0
() 
Total records FAIL: 0
() 
 Total records PENDING: 0
()
 Total records No Response: 13
(903688893,903688894,812361967,36109,812361970,812361972,812361975,812361976,903688900,903688902,812361981,812361982,903688908)
 Cron execution ended at: 2022-09-22 23:50:08
