
***********************************************************

 Cron execution started at :2023-02-02 07:00:01 

 Total Count =>172

Total records SUCCESS: 0
() 
Total records FAIL: 0
() 
 Total records PENDING: 21
(903856259,903856314,903856324,903856331,903856337,903856340,903856345,903856373,903856377,903856389,903856393,903856410,903856414,903856448,903856478,903856585,903856597,903856608,903856613,903856622,903856649)
 Total records No Response: 151
(903856238,903856220,903856241,903856229,903856245,903856246,903856252,903856257,903856261,903856266,903856269,903856270,903856254,903856264,903856271,903856278,903856282,903856297,903856284,903856299,36757,903856304,903856302,903856293,903856294,903856311,903856315,903856316,903856319,903856320,903856309,903856322,903856326,903856328,903856329,903856332,903856325,903856346,903856347,903856348,903856350,903856351,903856330,903856360,903856364,903856376,903856379,903856368,903856369,903856371,903856378,903856382,903856384,903856399,903856386,903856400,903856402,903856405,903856406,903856411,903856394,903856395,903856417,903856428,903856408,903856431,903856443,903856436,903856423,903856429,903856432,903856440,903856441,903856457,903856461,903856466,903856470,903856471,903856456,903856458,903856482,903856475,903856476,903856489,903856507,903856509,903856513,903856501,903856503,903856505,903856521,903856510,903856511,903856529,903856522,903856523,903856524,903856546,903856528,903856531,903856535,903856540,903856542,903856566,903856547,903856548,903856567,903856573,903856551,903856558,903856559,903856583,903856563,903856586,903856569,903856570,903856590,903856592,903856575,903856593,903856595,903856584,903856599,903856587,903856601,903856602,903856600,903856591,903856607,903856609,903856606,903856615,903856616,903856618,903856619,903856614,903856624,903856625,903856617,903856634,903856633,903856636,903856639,903856640,903856641,903856647,903856650,903856652,903856653,903856657,903856663)
 Cron execution ended at: 2023-02-02 07:03:26

***********************************************************

 Cron execution started at :2023-02-02 19:00:01 

 Total Count =>152

Total records SUCCESS: 0
() 
Total records FAIL: 0
() 
 Total records PENDING: 27
(903856689,903856721,903856732,903856786,903856788,903856811,903856813,903856822,903856839,903856840,903856865,903856866,903856889,903856938,903856968,903856983,903856999,903857013,903857014,903857026,903857028,812367192,903857064,903857069,903857081,903857082,903857092)
 Total records No Response: 125
(903856666,903856669,903856672,903856670,903856671,903856676,903856674,903856679,903856682,903856684,903856694,903856706,903856723,903856717,903856718,903856729,903856731,903856733,903856728,903856734,903856730,903856737,903856741,903856755,903856759,903856745,903856750,903856773,903856781,903856782,903856783,903856771,903856797,903856798,903856800,903856803,903856802,903856808,903856784,903856787,903856810,903856815,903856818,903856826,903856829,903856846,903856848,903856834,903856861,903856868,903856873,903856869,903856880,903856883,903856885,903856886,903856870,903856897,812367181,903856909,903856915,903856879,903856919,903856923,903856896,903856898,903856907,903856911,903856932,903856934,903856937,903856939,903856942,903856943,903856941,903856947,903856945,903856935,903856956,903856959,903856961,903856965,903856966,903856976,903856979,903856963,903856980,903856981,903856972,903856988,903856974,903856990,903856995,903856997,903857001,903856994,903857006,903857008,903857007,903857020,903857021,903857023,903857027,903857010,903857011,903857033,903857040,903857041,903857018,903857019,903857044,903857025,903857047,903857032,903857034,903857051,903857054,903857055,903857063,903857066,903857067,903857073,903857090,903857070,903857091)
 Cron execution ended at: 2023-02-02 19:04:12
