
***********************************************************

 Cron execution started at :2023-01-22 00:15:01 

 Total Count =>228

Total records SUCCESS: 0
() 
Total records FAIL: 0
() 
 Total records PENDING: 14
(903851764,903851842,903851855,903851880,903851935,903851956,903851991,903852012,903852018,903852020,903852026,36711,36712,903852056)
 Total records No Response: 214
(903851748,903851749,903851746,812366438,812366439,812366440,903851751,903851757,903851753,903851754,903851758,903851755,812366441,812366442,812366443,812366444,812366445,812366446,812366447,812366448,812366449,812366450,812366451,812366452,812366453,812366454,812366455,812366456,812366457,812366458,812366459,812366460,812366461,812366462,812366463,812366464,812366465,812366466,812366467,812366468,812366469,812366470,812366471,812366472,812366473,812366474,812366475,903851767,812366476,812366477,812366478,903851769,812366479,812366480,812366481,812366482,812366483,812366484,812366485,812366486,812366487,812366488,903851770,903851774,903851777,903851776,903851779,903851780,903851784,903851787,903851791,903851794,903851802,903851805,903851806,903851799,903851800,903851801,903851804,903851810,903851813,903851814,903851816,903851817,903851824,903851841,903851833,903851849,903851848,903851859,903851856,903851867,903851865,903851872,903851874,903851875,903851876,903851870,903851881,903851884,903851885,903851888,903851879,903851891,903851892,903851893,903851894,903851895,36708,36707,903851898,903851899,903851897,903851900,903851901,903851903,903851906,903851910,903851904,903851907,903851911,903851912,903851913,903851915,903851916,903851908,903851909,903851929,903851930,903851923,903851936,903851927,903851939,903851940,903851937,903851942,903851948,903851952,903851954,903851960,903851961,903851963,903851962,903851965,812366496,812366497,812366498,812366499,812366500,812366501,812366502,812366503,812366504,812366505,903851966,812366506,812366507,903851973,812366508,903851983,903851976,903851972,903851974,812366511,903851980,903851986,903851982,903851993,903851994,903851995,903851997,903851998,903852003,903852000,903852001,903852013,903852014,903852007,903852009,903852017,903852021,903852025,903852027,903852023,903852029,903852024,903852031,903852030,903852032,903852033,36714,903852035,903852036,903852037,903852038,903852039,36715,36716,36717,36718,36719,903852043,903852041,903852049,903852042,903852045,903852050,903852051,903852057,812366519,903852063,903852064,903852065,903852062)
 Cron execution ended at: 2023-01-22 00:17:33
