
***********************************************************

 Cron execution started at :2022-09-01 23:57:01 

 Total Count =>238

Total records SUCCESS: 22
(903528778,903528783,903528785,903528793,903528796,903528802,812326557,903529068,903529069,903529079,903529088,903529092,903529095,903529072,903529115,903529114,903529128,903529131,903529106,903529120,903529160,903529161) 
Total records FAIL: 16
(903528735,903528742,903528734,903528779,903528782,903528790,903528936,903528918,903528969,903528987,903528971,903529028,903529011,903529025,903529087,903529127) 
 Total records PENDING: 30
(903528507,903528545,903528593,35804,903528661,903528638,903528718,903528726,903528706,903528799,903528809,812326551,812326552,903528813,812326554,903528850,903528904,903528906,903528913,903528880,903528922,903528923,903528884,903528932,903529022,903529041,903529049,903529063,903529078,903529110)
 Total records No Response: 118
(903528520,903528532,903528488,903528539,903528542,903528544,903528546,903528502,903528553,903528557,903528559,903528561,903528524,903528570,903528576,903528579,903528588,903528548,903528611,812326541,903528631,903528642,903528596,903528644,903528649,812326538,903528654,903528667,903528673,903528643,903528683,903528685,903528653,903528691,903528692,903528695,903528703,903528715,903528733,903528736,812326547,812326548,903528749,903528714,903528748,903528705,903528759,903528757,903528763,35805,903528773,903528776,903528745,903528746,903528801,903528804,903528806,903528807,903528808,903528838,903528803,903528849,903528852,903528857,903528825,903528874,903528879,812326559,903528890,903528897,903528898,903528910,903528930,903528929,903528937,903528915,903528921,903528954,903528956,903528927,903528964,903528965,903528972,903528975,903528979,903528977,903528981,903528982,903528993,903528953,903528996,903528995,903528970,903528973,903528980,903528997,903529027,903529029,903529037,903529013,903529059,903529060,903529066,812326569,903529083,903529090,903529074,903529065,903529108,812326571,903529117,903529085,903529086,903529091,903529146,903529147,903529105,903529155)
 Cron execution ended at: 2022-09-02 00:14:47
