
***********************************************************

 Cron execution started at :2023-02-06 00:15:01 

 Total Count =>192

Total records SUCCESS: 0
() 
Total records FAIL: 0
() 
 Total records PENDING: 19
(903858499,903858501,903858550,903858578,903858619,812367393,903858669,903858677,812367399,903858708,903858710,903858757,903858763,903858771,36768,812367438,903858821,903858823,36769)
 Total records No Response: 173
(903858440,812367371,903858452,812367372,812367373,812367374,812367375,812367376,903858455,903858449,903858457,903858451,903858467,812367379,812367380,903858481,903858479,903858482,903858483,903858484,903858478,903858487,903858492,903858500,903858502,903858504,903858509,903858513,903858525,903858519,903858532,903858527,903858535,903858531,903858538,903858540,903858536,903858539,903858545,903858546,903858548,903858551,903858552,903858553,903858554,903858559,903858562,903858556,903858566,903858571,903858572,903858573,903858576,903858570,903858579,903858580,903858577,903858581,903858586,903858587,903858589,903858585,903858593,903858595,903858599,903858600,903858605,903858607,903858610,903858611,903858628,903858618,903858621,903858635,903858625,903858627,903858637,903858638,903858639,903858645,903858646,903858648,903858650,903858652,812367391,812367392,903858659,903858662,903858667,903858657,903858672,903858676,903858678,903858684,903858687,36766,903858683,903858697,903858690,903858691,903858693,903858698,903858707,812367401,812367402,812367403,903858701,812367404,812367405,812367406,812367407,812367408,812367409,812367410,812367411,903858713,903858706,903858711,903858715,903858730,903858725,903858735,903858737,903858742,903858747,812367422,903858751,903858754,903858755,903858756,903858758,903858761,903858770,903858765,903858772,903858773,903858775,903858767,903858783,903858768,903858787,903858778,903858779,903858780,903858781,903858785,903858796,903858798,903858793,903858794,903858804,903858801,903858807,903858808,903858805,903858813,903858814,903858811,903858817,903858822,903858824,903858829,903858835,903858828,903858843,903858833,903858836,903858838,36770,903858842,903858844,903858845,903858846)
 Cron execution ended at: 2023-02-06 00:18:05
