
***********************************************************

 Cron execution started at :2021-04-07 23:54:01 

 Total Count =>160

Total records SUCCESS: 1
(902756898) 
Total records FAIL: 8
(902756829,902756830,902756854,902756860,32780,902756870,902756874,902756895) 
 Total records PENDING: 0
()
 Total records No Response: 150
(902756116,902756119,902756120,902756125,902756129,902756134,902756138,902756141,902756148,902756158,902756164,902756189,902756190,902756193,902756199,902756213,902756216,902756223,902756229,902756233,902756244,902756250,902756251,902756253,902756263,902756264,902756272,902756281,902756283,902756288,902756290,902756293,902756304,902756320,902756324,902756329,902756331,902756346,902756349,902756353,902756356,902756363,902756372,902756373,902756374,902756376,902756393,902756395,902756398,902756399,902756401,902756403,902756404,902756406,902756414,902756421,902756425,902756429,902756435,902756440,902756443,902756444,902756453,902756460,902756464,902756468,902756478,902756484,902756485,902756488,902756493,902756500,902756502,902756504,902756512,902756516,902756517,902756519,902756522,902756538,902756552,902756559,902756566,902756578,902756580,902756593,902756596,902756597,902756599,902756603,902756604,902756606,902756608,902756609,902756616,902756624,902756625,902756644,902756646,902756650,902756653,902756654,902756657,902756669,902756670,902756673,902756698,902756702,902756709,902756714,902756719,902756720,902756722,902756741,902756743,902756748,902756750,902756752,902756754,902756758,902756759,902756761,902756762,902756763,902756765,902756769,902756780,902756781,902756784,902756787,902756789,902756797,902756801,902756804,902756811,902756812,902756817,902756825,902756836,902756848,902756861,902756866,902756872,902756877,902756878,902756880,902756882,902756893,902756896,902756908)
 Cron execution ended at: 2021-04-08 00:00:29
