
***********************************************************

 Cron execution started at :2023-02-08 00:15:01 

 Total Count =>122

Total records SUCCESS: 1
(812367530) 
Total records FAIL: 0
() 
 Total records PENDING: 14
(903859129,903859130,903859131,903859132,903859133,903859187,903859205,36773,903859230,903859254,903859264,903859284,903859311,812367565)
 Total records No Response: 107
(903859121,903859122,812367510,812367511,812367512,812367513,812367514,903859128,903859134,903859141,903859149,903859153,903859155,903859157,903859160,903859156,903859158,903859164,903859165,903859175,903859169,903859180,903859178,903859186,903859189,903859195,903859200,903859192,903859204,903859193,812367533,903859194,903859196,903859199,903859201,903859212,903859214,903859215,903859216,903859220,903859226,903859223,903859231,903859239,903859240,903859246,903859247,903859253,903859258,903859248,903859250,903859263,903859265,903859268,903859271,903859272,903859276,903859279,903859269,903859273,903859281,903859282,903859283,903859288,903859289,903859286,903859297,903859292,903859294,903859298,903859299,903859300,903859303,903859304,903859305,903859307,903859312,903859314,903859317,812367548,812367541,812367542,812367543,812367545,903859319,903859320,903859321,903859327,903859333,903859332,903859340,812367557,812367558,812367559,812367560,812367561,812367562,812367563,812367564,812367568,903859350,812367571,903859351,903859352,903859362,903859358,812367573)
 Cron execution ended at: 2023-02-08 00:16:58
