
***********************************************************

 Cron execution started at :2023-01-18 15:28:29 

 Total Count =>181

Total records SUCCESS: 1
(903850797) 
Total records FAIL: 0
() 
 Total records PENDING: 14
(903850649,903850655,903850697,903850726,903850732,903850733,903850739,903850740,903850773,903850793,812366249,903850862,903850897,903850969)
 Total records No Response: 166
(903850605,903850606,903850608,903850616,903850625,903850626,903850627,903850629,903850631,903850636,903850632,903850634,903850637,903850639,903850646,903850657,903850652,903850671,903850673,903850674,903850665,903850672,903850683,903850682,903850689,903850688,903850687,903850692,812366214,903850705,903850694,903850707,903850696,903850708,903850711,903850716,903850718,903850713,812366217,903850722,903850730,812366218,812366219,812366220,812366221,903850734,903850735,903850738,903850744,903850751,903850745,903850753,903850748,812366224,812366225,812366226,812366229,812366230,812366231,812366227,903850757,812366232,812366228,812366233,812366234,903850755,903850761,903850758,903850756,903850768,812366235,903850769,903850759,812366236,812366237,903850765,903850771,903850772,903850778,903850780,903850781,903850784,903850782,903850783,36701,903850789,903850791,36702,903850801,903850798,903850800,903850804,903850802,903850806,903850809,903850807,903850816,903850815,36703,903850824,903850825,903850822,903850820,812366243,903850827,903850830,903850831,903850832,903850833,903850835,903850836,903850838,903850841,903850839,903850844,812366246,812366247,903850846,903850848,903850849,903850851,903850854,903850858,903850860,903850861,903850865,903850867,903850872,903850874,903850879,903850883,903850881,903850886,903850885,903850890,903850891,903850892,903850894,903850900,903850898,903850902,903850904,903850913,903850903,903850910,903850908,903850919,903850912,903850909,903850924,903850914,903850915,903850926,903850920,903850925,903850928,903850935,903850931,903850932,903850937,903850938,903850934,903850930,903850952,903850955,903850944)
 Cron execution ended at: 2023-01-18 15:30:33
