
***********************************************************

 Cron execution started at :2021-04-12 23:54:01 

 Total Count =>184

Total records SUCCESS: 0
() 
Total records FAIL: 24
(902792031,902792054,902792085,902792137,902792139,902792166,902792170,902792181,902792548,902792556,902792559,902792561,902792565,902792569,902792574,902792580,902792582,902792587,902792592,902792600,902792604,902792612,902792618,902792623) 
 Total records PENDING: 0
()
 Total records No Response: 157
(902791500,902791517,902791531,902791537,902791539,902791554,902791558,902791577,902791600,902791601,902791603,902791617,902791627,902791629,902791648,902791649,902791650,902791651,902791653,902791662,902791668,902791670,902791673,902791678,902791681,902791693,902791698,902791702,902791703,902791704,902791740,902791762,902791768,902791774,902791777,902791779,812251340,902791786,902791788,902791794,902791815,902791818,902791821,902791822,902791826,902791831,902791835,902791843,902791858,902791861,902791862,902791874,902791879,902791888,902791893,902791926,902791966,902791973,902791978,902791980,902791991,902791992,902791996,902791998,902791999,902792005,902792013,902792014,902792015,902792019,902792026,902792067,902792072,902792075,902792088,902792098,902792108,902792122,902792127,902792135,902792158,902792171,902792174,902792183,902792191,902792193,902792197,902792210,902792211,902792217,902792219,902792228,902792256,902792260,902792264,902792266,902792283,902792292,902792294,902792295,902792299,902792301,902792302,902792306,902792313,902792316,902792318,902792334,902792335,902792344,902792351,902792353,902792354,902792364,902792370,902792376,902792379,902792392,902792394,902792407,902792408,902792412,902792418,902792433,902792434,902792451,902792454,902792462,902792468,902792479,902792488,902792490,902792494,902792495,902792498,902792503,902792508,902792513,902792518,902792521,902792525,902792526,902792535,902792547,902792551,902792568,902792576,902792577,902792578,902792581,902792586,902792595,902792597,902792603,902792606,902792621,902792622)
 Cron execution ended at: 2021-04-13 00:01:32
