
***********************************************************

 Cron execution started at :2023-02-01 00:15:02 

 Total Count =>376

Total records SUCCESS: 0
() 
Total records FAIL: 0
() 
 Total records PENDING: 40
(903854303,903854338,903854452,903854481,903854505,903854519,903854544,903854584,903854628,903854631,812367032,812367033,903854678,903854704,812367038,903854720,903854723,903854727,903854742,903854751,903854778,903854824,903854878,903854885,903855009,903855020,903855047,903855108,812367069,903855185,903855186,903855198,903855215,903855285,903855296,903855315,903855336,903855369,812367092,903855375)
 Total records No Response: 336
(903854176,903854209,903854213,903854214,903854221,903854227,903854228,903854229,903854232,903854240,903854247,903854252,903854257,903854261,812366993,812366994,903854276,903854284,903854287,903854289,903854295,903854296,903854298,903854299,903854307,903854317,903854318,903854322,903854324,903854329,903854335,903854340,903854344,903854345,903854346,903854351,903854355,903854356,903854360,903854364,903854366,903854369,903854374,903854379,903854382,903854385,903854394,903854396,903854398,903854399,903854401,903854410,903854418,903854421,903854422,903854425,903854433,903854435,903854439,903854441,903854445,903854447,903854450,903854458,903854462,903854469,812367006,812367007,812367008,903854474,903854475,903854477,903854484,903854488,903854500,903854503,903854510,903854512,903854513,903854520,903854524,903854528,903854529,903854530,903854532,903854537,903854538,903854540,903854542,812367012,903854547,903854550,903854553,903854555,812367015,812367016,903854565,812367017,903854568,903854576,903854580,903854581,812367020,903854587,903854592,812367022,903854599,903854609,903854610,903854613,903854615,903854630,812367026,812367027,812367028,903854637,903854638,812367029,903854647,903854649,903854650,903854652,903854660,903854672,903854675,903854676,903854681,903854688,903854689,903854692,903854693,903854694,903854697,903854698,903854705,903854708,903854712,903854718,903854728,903854729,903854736,903854739,903854741,903854744,903854745,903854746,903854748,903854754,903854759,903854762,36750,903854764,36751,903854766,903854774,903854775,903854776,903854777,903854783,903854784,903854789,903854791,903854792,903854794,903854795,36752,812367043,903854809,903854810,903854822,812367044,812367045,812367046,812367047,812367048,903854826,903854829,903854832,903854836,903854839,903854843,903854844,903854846,903854848,903854849,903854852,903854855,903854857,903854863,903854865,903854866,903854867,903854868,903854872,903854880,903854881,903854882,903854883,903854884,812367050,903854898,903854899,903854900,903854901,903854904,903854905,903854906,903854907,903854911,903854914,903854922,812367053,812367054,903854923,36754,903854926,903854929,903854935,903854936,903854939,903854941,903854947,903854948,903854951,903854963,903854964,903854966,903854975,903854990,903854991,903855006,903855007,903855024,903855025,903855031,903855035,903855038,903855039,812367059,903855042,812367060,812367061,812367062,812367063,812367064,812367065,903855056,903855058,903855059,903855060,903855063,903855067,903855068,903855075,903855079,903855082,903855086,903855091,903855092,903855093,903855095,903855099,903855101,903855102,903855107,903855109,903855116,903855118,903855123,903855125,903855126,903855131,903855138,903855140,903855142,903855144,903855154,903855157,903855159,903855160,903855164,903855165,903855171,903855174,903855176,903855178,903855206,903855219,903855225,903855226,903855228,903855231,903855232,903855233,903855240,903855241,903855248,903855250,903855253,903855255,903855257,903855258,903855270,903855275,903855282,903855286,903855289,903855291,903855292,903855298,903855301,903855302,903855305,903855307,903855308,903855311,903855326,903855334,812367075,812367076,812367078,903855337,812367079,812367080,903855338,903855342,812367081,812367082,812367083,812367084,812367085,903855347,903855361,903855371,903855372,812367094)
 Cron execution ended at: 2023-02-01 00:21:25
