
***********************************************************

 Cron execution started at :2023-01-30 02:45:01 

 Total Count =>228

Total records SUCCESS: 1
(903853071) 
Total records FAIL: 0
() 
 Total records PENDING: 27
(903852824,812366812,903852845,903852847,903852852,812366839,903852882,903852887,903852894,903852900,812366849,903852927,903852938,903852948,903852952,903852967,903852975,903853003,812366878,903853032,903853034,903853035,903853061,903853064,903853091,903853094,903853111)
 Total records No Response: 200
(903852813,903852814,36737,903852815,903852816,903852818,903852820,903852825,903852826,36738,903852834,812366817,903852837,812366815,812366816,812366818,812366819,812366821,903852840,903852841,903852842,812366820,812366822,812366823,812366824,812366825,903852851,812366826,812366827,812366828,903852857,903852856,903852859,36739,903852867,812366834,812366835,36740,903852876,812366837,903852878,903852880,903852881,903852885,903852891,903852895,903852896,903852892,903852897,903852899,812366844,812366845,812366846,812366847,812366848,903852908,903852910,903852911,903852909,36742,812366850,812366851,812366852,812366853,903852914,903852918,903852921,903852922,903852923,903852926,903852930,903852932,903852934,903852935,903852936,812366860,903852939,36743,903852944,903852946,903852949,903852951,812366862,812366863,903852953,903852955,903852957,903852958,812366866,903852960,903852972,903852971,903852968,903852977,36744,903852979,903852980,812366870,903852983,903852984,903852985,903852989,903852991,903852994,903852999,903853001,903853004,903853006,903853009,903853010,903853015,903853018,903853019,903853021,812366872,812366873,812366874,812366875,903853024,903853027,903853031,903853033,812366880,812366881,903853036,812366882,903853041,903853037,903853042,903853044,903853039,903853043,903853045,903853050,812366886,812366887,812366888,812366889,812366890,812366891,812366892,903853051,903853056,903853057,903853054,903853058,903853060,812366894,903853059,903853068,903853072,903853077,903853078,812366899,812366900,812366901,812366902,812366903,812366904,903853080,812366905,812366906,812366907,812366908,812366909,812366910,903853082,903853081,903853087,812366916,812366911,812366912,812366913,812366914,812366915,903853090,903853092,903853093,812366918,812366919,903853097,903853098,903853096,812366921,812366922,812366923,812366924,812366925,812366929,812366930,903853103,812366931,812366932,812366933,903853105,903853106,903853107,903853108,903853110,903853113)
 Cron execution ended at: 2023-01-30 02:48:03
