
***********************************************************

 Cron execution started at :2023-02-14 00:15:01 

 Total Count =>317

Total records SUCCESS: 0
() 
Total records FAIL: 0
() 
 Total records PENDING: 47
(903862485,903862489,903862521,903862543,903862565,903862567,903862580,903862591,903862610,903862620,903862636,903862649,812367979,903862690,903862704,903862707,903862720,903862723,903862746,903862751,903862772,903862797,903862833,903862868,903862888,903862911,903862944,903862946,812367993,903862967,903862974,903862987,903863012,903863027,903863029,903863039,903863180,903863198,903863199,903863210,903863211,903863246,903863254,903863264,903863289,903863320,812368042)
 Total records No Response: 270
(812367957,812367958,903862502,903862499,903862483,903862504,903862503,903862486,903862496,903862497,903862512,903862517,903862519,903862522,903862523,903862528,903862531,812367962,812367963,903862527,903862533,812367966,903862541,812367967,812367968,903862550,903862548,812367969,812367970,903862553,812367971,812367972,812367973,812367974,812367975,903862554,903862558,812367976,903862571,903862576,903862572,903862579,903862578,903862588,903862589,903862595,903862594,903862599,903862597,903862603,903862608,903862609,903862613,903862611,903862612,903862622,903862631,903862640,903862641,903862644,903862648,903862624,903862659,903862663,903862677,903862679,903862656,903862657,903862693,903862658,903862706,903862666,903862673,903862714,903862716,903862680,903862696,812367984,903862717,903862755,36793,903862763,903862731,903862735,903862737,903862783,903862742,903862786,903862762,903862771,903862799,903862778,903862784,903862809,903862787,903862815,903862818,903862821,903862824,903862845,903862846,903862820,903862863,903862829,903862841,903862875,903862877,903862882,903862883,903862886,903862884,903862864,903862894,903862867,903862902,903862914,903862887,903862891,903862893,903862900,903862922,903862903,903862920,903862904,903862925,903862926,903862927,812367991,903862935,903862921,903862942,903862949,903862952,903862953,903862956,903862959,903862941,903862970,903862950,903862977,903862988,903862963,903862968,903862999,903862978,903863002,903863003,903862981,903863005,903863008,812367995,903862992,903862994,903862996,903862997,903863004,903863013,903863020,903863021,903863009,903863028,812368000,812368001,812368002,812368003,903863032,812368006,903863050,903863026,812368008,903863060,903863064,903863035,903863041,903863042,903863044,903863046,903863081,812368011,903863095,903863076,903863108,903863109,903863111,903863101,812368014,812368015,812368018,903863124,903863125,903863126,903863136,903863137,903863120,903863140,903863142,903863123,903863146,903863147,903863129,903863151,903863155,903863156,812368023,812368025,903863144,903863145,903863170,903863171,903863176,903863177,903863161,903863183,903863166,903863172,903863173,903863194,903863181,903863200,903863201,903863188,903863193,903863213,903863227,903863208,903863231,903863209,903863216,903863233,903863235,903863236,903863226,903863229,903863237,903863242,903863243,903863244,903863255,903863247,812368036,903863272,903863258,903863262,903863265,903863282,903863284,903863285,903863286,903863291,903863279,903863296,903863300,903863301,903863303,903863306,903863307,903863305,903863293,903863294,903863312,903863318,903863327,903863328,903863332,903863340,903863343,903863344,903863341,903863348,903863354)
 Cron execution ended at: 2023-02-14 00:22:11
