
***********************************************************

 Cron execution started at :2023-01-19 02:45:01 

 Total Count =>303

Total records SUCCESS: 1
(903850797) 
Total records FAIL: 0
() 
 Total records PENDING: 23
(903850547,903850554,903850649,903850655,903850697,903850726,903850732,903850733,903850739,903850740,903850773,903850793,812366249,903850862,903850897,903850969,903850978,903850995,903851015,903851061,903851062,812366268,903851080)
 Total records No Response: 279
(903850510,903850513,903850517,903850521,903850523,812366193,903850524,812366194,812366195,812366196,903850528,903850530,903850534,903850538,903850539,903850542,812366198,812366199,812366200,812366201,812366202,812366203,812366206,812366207,903850548,903850549,903850553,903850559,903850560,903850564,903850565,903850567,903850575,903850578,903850580,903850583,903850588,36699,903850601,903850605,903850606,903850608,903850616,903850625,903850626,903850627,903850629,903850631,903850632,903850634,903850636,903850637,903850639,903850646,903850652,903850657,903850665,903850671,903850672,903850673,903850674,903850682,903850683,903850687,903850688,903850689,812366214,903850692,903850694,903850696,903850705,903850707,903850708,903850711,903850713,903850716,903850718,812366217,903850722,812366218,812366219,812366220,812366221,903850730,903850734,903850735,903850738,903850744,903850745,903850748,903850751,812366224,812366225,812366226,812366227,903850753,812366228,812366229,812366230,812366231,903850755,812366232,812366233,812366234,903850756,903850757,812366235,903850758,903850759,812366236,812366237,903850761,903850765,903850768,903850769,903850771,903850772,903850778,903850780,903850781,903850782,903850783,903850784,36701,903850789,903850791,36702,903850798,903850800,903850801,903850802,903850804,903850806,903850807,903850809,903850815,903850816,36703,903850820,812366243,903850822,903850824,903850825,903850827,903850830,903850831,903850832,903850833,903850835,903850836,903850838,903850839,903850841,903850844,812366246,812366247,903850846,903850848,903850849,903850851,903850854,903850858,903850860,903850861,903850865,903850867,903850872,903850874,903850879,903850881,903850883,903850885,903850886,903850890,903850891,903850892,903850894,903850898,903850900,903850902,903850903,903850904,903850908,903850909,903850910,903850912,903850913,903850914,903850915,903850919,903850920,903850924,903850925,903850926,903850928,903850930,903850931,903850932,903850934,903850935,903850937,903850938,903850944,903850952,903850955,903850970,903850973,903850975,903850977,812366254,812366255,903850980,903850987,903850990,903850994,903850996,903850997,903850998,903851001,903851002,903851004,903851007,903851010,903851011,903851019,903851022,903851024,903851025,903851027,903851029,903851030,903851031,903851032,903851034,903851037,903851038,903851039,903851040,903851044,903851046,903851047,903851048,903851049,903851052,903851053,812366263,812366264,812366265,903851064,903851066,903851067,812366269,903851071,903851073,903851074,903851075,812366273,812366274,812366275,903851077,903851083,903851084,812366279,903851087,812366281,812366282,903851088,903851093,903851094,903851097,903851100,903851102,903851103,812366286,812366287,812366288,903851108,903851110,903851114)
 Cron execution ended at: 2023-01-19 02:49:10
