
***********************************************************

 Cron execution started at :2021-03-16 18:30:48 

 Total Count =>293

Total records SUCCESS: 8
(812240053,902693191,902693202,812240064,902693235,902693240,902693265,902693273) 
Total records FAIL: 128
(902692647,902692651,902692652,812239901,902692673,902692701,902692705,902692710,902692713,902692721,812239914,902692731,902692734,812239919,902692745,902692758,902692763,902692764,902692765,902692775,902692779,902692792,902692795,902692798,902692801,902692802,902692806,902692808,902692811,902692820,902692825,902692834,902692839,902692842,812239952,902692852,812239956,902692866,812239959,812239960,902692883,902692884,902692885,902692887,902692891,902692893,902692896,902692897,812239974,812239975,32607,902692914,902692923,812239982,902692925,902692926,902692927,902692931,812239987,902692940,902692943,812239992,902692945,902692949,902692950,902692951,902692960,902692966,902692968,902692973,902692974,902692980,902692983,902692992,902692994,902693000,902693015,902693020,812240008,902693022,902693026,902693032,902693033,902693052,902693055,902693056,902693068,902693071,902693083,902693096,902693098,812240021,812240024,902693119,812240030,902693145,902693147,902693152,902693160,812240041,902693168,902693169,902693175,902693176,902693180,902693184,812240056,902693195,812240059,812240060,902693201,902693205,902693217,902693238,902693242,902693249,902693252,902693254,902693255,812240069,902693259,812240070,902693261,902693264,812240074,902693282,902693284,902693295) 
 Total records PENDING: 0
()
 Total records No Response: 157
(902692648,902692650,812239899,902692658,902692662,812239900,902692665,902692669,902692674,902692675,902692681,902692684,902692688,902692692,902692702,902692706,902692709,902692711,902692714,902692718,902692727,902692742,902692743,902692746,902692753,812239923,812239924,812239925,812239928,902692769,902692776,902692777,902692778,902692784,812239935,902692793,812239939,902692807,902692810,902692827,902692828,902692836,902692845,812239955,902692849,902692850,902692858,902692859,902692862,812239961,902692869,812239968,812239971,812239972,902692894,902692895,902692903,902692904,902692905,902692906,902692907,902692915,812239978,902692928,812239985,812239986,812239989,812239990,812239993,812239994,902692953,902692954,812239996,902692962,902692963,902692964,812239998,902692977,902692979,902692985,812240001,902692990,902692995,902692998,902693017,902693027,902693029,812240010,902693045,902693050,902693051,902693057,902693061,902693062,902693063,902693067,902693069,902693072,812240015,902693079,902693088,902693089,902693092,902693097,812240019,902693104,812240023,812240031,812240032,902693124,902693125,812240033,812240034,902693142,902693146,902693150,902693156,902693158,812240040,812240042,812240043,812240044,812240045,812240048,902693167,812240049,902693177,812240051,812240054,902693189,812240055,902693190,902693193,902693194,902693196,902693198,902693199,902693200,812240061,902693203,902693207,902693211,902693222,902693225,902693226,902693229,902693230,902693232,812240065,812240066,902693243,902693253,902693256,902693274,902693280,902693285,902693294)
 Cron execution ended at: 2021-03-16 18:35:05

***********************************************************

 Cron execution started at :2021-03-16 18:32:48 

 Total Count =>252

Total records SUCCESS: 0
() 
Total records FAIL: 0
() 
 Total records PENDING: 0
()
 Total records No Response: 252
(902692650,812239899,902692658,902692662,812239900,902692665,902692669,902692674,902692675,902692681,902692684,902692688,902692692,902692702,902692706,902692709,902692711,902692714,902692718,902692727,902692742,902692743,902692746,902692753,812239923,812239924,812239925,812239928,902692769,902692776,902692777,902692778,902692784,812239935,902692793,812239939,902692807,902692810,902692827,902692828,902692836,902692845,812239955,902692849,902692850,902692858,902692859,902692862,812239961,902692869,812239968,812239971,812239972,902692887,902692891,902692893,902692894,902692895,902692896,902692897,812239974,812239975,32607,902692903,902692904,902692905,902692906,902692907,902692914,902692915,812239978,902692923,812239982,902692925,902692926,902692927,902692928,812239985,902692931,812239986,812239987,812239989,812239990,902692940,902692943,812239992,902692945,812239993,902692949,902692950,902692951,812239994,902692953,902692954,902692960,812239996,902692962,902692963,902692964,902692966,812239998,902692968,902692973,902692974,902692977,902692979,902692980,902692983,902692985,812240001,902692990,902692992,902692994,902692995,902692998,902693000,902693015,902693017,902693020,812240008,902693022,902693026,902693027,902693029,812240010,902693032,902693033,902693045,902693050,902693051,902693052,902693055,902693056,902693057,902693061,902693062,902693063,902693067,902693068,902693069,902693071,902693072,812240015,902693079,902693083,902693088,902693089,902693092,902693096,902693097,902693098,812240019,902693104,812240021,812240023,812240024,902693119,812240030,812240031,812240032,902693124,902693125,812240033,812240034,902693142,902693145,902693146,902693147,902693150,902693152,902693156,902693158,812240040,902693160,812240041,812240042,812240043,812240044,812240045,812240048,902693167,902693168,902693169,812240049,902693175,902693176,902693177,902693180,812240051,812240053,812240054,902693184,902693189,812240055,902693190,812240056,902693191,902693193,902693194,902693195,902693196,812240059,902693198,902693199,902693200,812240060,902693201,812240061,902693202,902693203,902693205,902693207,902693211,902693217,902693222,902693225,902693226,812240064,902693229,902693230,902693232,812240065,902693235,812240066,902693238,902693240,902693242,902693243,902693249,902693252,902693253,902693254,902693255,902693256,812240069,902693259,812240070,902693261,902693264,902693265,902693273,812240074,902693274,902693280,902693282,902693284,902693285,902693294,902693295,812240079,902693298,902693303)
 Cron execution ended at: 2021-03-16 18:35:47

***********************************************************

 Cron execution started at :2021-03-16 18:32:42 

 Total Count =>255

Total records SUCCESS: 0
() 
Total records FAIL: 0
() 
 Total records PENDING: 0
()
 Total records No Response: 255
(902692650,812239899,902692658,902692662,812239900,902692665,902692669,902692674,902692675,902692681,902692684,902692688,902692692,902692702,902692706,902692709,902692711,902692714,902692718,902692727,902692742,902692743,902692746,902692753,812239923,812239924,812239925,812239928,902692769,902692776,902692777,902692778,902692784,812239935,902692793,812239939,902692807,902692810,902692827,902692828,902692836,902692845,812239955,902692849,902692850,902692858,902692859,902692862,812239961,902692869,812239968,812239971,902692883,902692884,902692885,812239972,902692887,902692891,902692893,902692894,902692895,902692896,902692897,812239974,812239975,32607,902692903,902692904,902692905,902692906,902692907,902692914,902692915,812239978,902692923,812239982,902692925,902692926,902692927,902692928,812239985,902692931,812239986,812239987,812239989,812239990,902692940,902692943,812239992,902692945,812239993,902692949,902692950,902692951,812239994,902692953,902692954,902692960,812239996,902692962,902692963,902692964,902692966,812239998,902692968,902692973,902692974,902692977,902692979,902692980,902692983,902692985,812240001,902692990,902692992,902692994,902692995,902692998,902693000,902693015,902693017,902693020,812240008,902693022,902693026,902693027,902693029,812240010,902693032,902693033,902693045,902693050,902693051,902693052,902693055,902693056,902693057,902693061,902693062,902693063,902693067,902693068,902693069,902693071,902693072,812240015,902693079,902693083,902693088,902693089,902693092,902693096,902693097,902693098,812240019,902693104,812240021,812240023,812240024,902693119,812240030,812240031,812240032,902693124,902693125,812240033,812240034,902693142,902693145,902693146,902693147,902693150,902693152,902693156,902693158,812240040,902693160,812240041,812240042,812240043,812240044,812240045,812240048,902693167,902693168,902693169,812240049,902693175,902693176,902693177,902693180,812240051,812240053,812240054,902693184,902693189,812240055,902693190,812240056,902693191,902693193,902693194,902693195,902693196,812240059,902693198,902693199,902693200,812240060,902693201,812240061,902693202,902693203,902693205,902693207,902693211,902693217,902693222,902693225,902693226,812240064,902693229,902693230,902693232,812240065,902693235,812240066,902693238,902693240,902693242,902693243,902693249,902693252,902693253,902693254,902693255,902693256,812240069,902693259,812240070,902693261,902693264,902693265,902693273,812240074,902693274,902693280,902693282,902693284,902693285,902693294,902693295,812240079,902693298,902693303)
 Cron execution ended at: 2021-03-16 18:36:13

***********************************************************

 Cron execution started at :2021-03-16 18:35:08 

 Total Count =>171

Total records SUCCESS: 9
(812240053,902693191,902693202,812240064,902693235,902693240,902693265,902693273,902693303) 
Total records FAIL: 5
(902692669,902693298,902693307,902693312,812240080) 
 Total records PENDING: 0
()
 Total records No Response: 157
(812239899,902692658,902692662,812239900,902692665,902692674,902692675,902692681,902692684,902692688,902692692,902692702,902692706,902692709,902692711,902692714,902692718,902692727,902692742,902692743,902692746,902692753,812239923,812239924,812239925,812239928,902692769,902692776,902692777,902692778,902692784,812239935,902692793,812239939,902692807,902692810,902692827,902692828,902692836,902692845,812239955,902692849,902692850,902692858,902692859,902692862,812239961,902692869,812239968,812239971,812239972,902692894,902692895,902692903,902692904,902692905,902692906,902692907,902692915,812239978,902692928,812239985,812239986,812239989,812239990,812239993,812239994,902692953,902692954,812239996,902692962,902692963,902692964,812239998,902692977,902692979,902692985,812240001,902692990,902692995,902692998,902693017,902693027,902693029,812240010,902693045,902693050,902693051,902693057,902693061,902693062,902693063,902693067,902693069,902693072,812240015,902693079,902693088,902693089,902693092,902693097,812240019,902693104,812240023,812240031,812240032,902693124,902693125,812240033,812240034,902693142,902693146,902693150,902693156,902693158,812240040,812240042,812240043,812240044,812240045,812240048,902693167,812240049,902693177,812240051,812240054,902693189,812240055,902693190,902693193,902693194,902693196,902693198,902693199,902693200,812240061,902693203,902693207,902693211,902693222,902693225,902693226,902693229,902693230,902693232,812240065,812240066,902693243,902693253,902693256,902693274,902693280,902693285,902693294,812240079,902693306,902693311)
 Cron execution ended at: 2021-03-16 18:36:45

***********************************************************

 Cron execution started at :2021-03-16 18:35:47 

 Total Count =>169

Total records SUCCESS: 0
() 
Total records FAIL: 0
() 
 Total records PENDING: 0
()
 Total records No Response: 169
(902692658,902692662,812239900,902692665,902692674,902692675,902692681,902692684,902692688,902692692,902692702,902692706,902692709,902692711,902692714,902692718,902692727,902692742,902692743,902692746,902692753,812239923,812239924,812239925,812239928,902692769,902692776,902692777,902692778,902692784,812239935,902692793,812239939,902692807,902692810,902692827,902692828,902692836,902692845,812239955,902692849,902692850,902692858,902692859,902692862,812239961,902692869,812239968,812239971,812239972,902692894,902692895,902692903,902692904,902692905,902692906,902692907,902692915,812239978,902692928,812239985,812239986,812239989,812239990,812239993,812239994,902692953,902692954,812239996,902692962,902692963,902692964,812239998,902692977,902692979,902692985,812240001,902692990,902692995,902692998,902693017,902693027,902693029,812240010,902693045,902693050,902693051,902693057,902693061,902693062,902693063,902693067,902693069,902693072,812240015,902693079,902693088,902693089,902693092,902693097,812240019,902693104,812240023,812240031,812240032,902693124,902693125,812240033,812240034,902693142,902693146,902693150,902693156,902693158,812240040,812240042,812240043,812240044,812240045,812240048,902693167,812240049,902693177,812240051,812240053,812240054,902693189,812240055,902693190,902693191,902693193,902693194,902693196,902693198,902693199,902693200,812240061,902693202,902693203,902693207,902693211,902693222,902693225,902693226,812240064,902693229,902693230,902693232,812240065,902693235,812240066,902693240,902693243,902693253,902693256,902693265,902693273,902693274,902693280,902693285,902693294,812240079,902693298,902693303,902693306,902693307,902693311,902693312,812240080)
 Cron execution ended at: 2021-03-16 18:37:29

***********************************************************

 Cron execution started at :2021-03-16 18:39:42 

 Total Count =>4

Total records SUCCESS: 1
(902692638) 
Total records FAIL: 0
() 
 Total records PENDING: 0
()
 Total records No Response: 3
(902692634,902692928,902693222)
 Cron execution ended at: 2021-03-16 18:39:53

***********************************************************

 Cron execution started at :2021-03-16 18:42:45 

 Total Count =>4

Total records SUCCESS: 0
() 
Total records FAIL: 0
() 
 Total records PENDING: 0
()
 Total records No Response: 4
(902692634,902692638,902692928,902693222)
 Cron execution ended at: 2021-03-16 18:42:56

***********************************************************

 Cron execution started at :2021-03-16 18:44:33 

 Total Count =>4

Total records SUCCESS: 1
(902692638) 
Total records FAIL: 0
() 
 Total records PENDING: 0
()
 Total records No Response: 3
(902692634,902692928,902693222)
 Cron execution ended at: 2021-03-16 18:44:44
