
***********************************************************

 Cron execution started at :2023-02-11 00:15:02 

 Total Count =>267

Total records SUCCESS: 1
(903859960) 
Total records FAIL: 0
() 
 Total records PENDING: 40
(903859822,903859823,903859842,903859840,903859847,903859860,903859863,812367760,903860029,812367781,903860086,903860089,903860104,903860111,903860145,903860157,903860164,903860166,903860170,903860239,903860245,903860302,903860315,903860332,903860392,903860418,903860425,903860450,903860501,903860530,903860571,903860580,903860591,903860594,903860598,903860610,903860681,903860692,903860714,903860727)
 Total records No Response: 226
(812367737,903859792,903859795,903859796,903859799,812367741,812367742,812367744,903859818,812367746,812367747,812367748,812367749,812367750,812367751,812367753,903859819,903859828,903859832,903859835,36787,903859844,903859839,903859843,903859870,903859879,903859884,903859897,903859900,903859891,903859909,903859914,903859928,903859939,903859953,903859941,903859957,812367762,812367763,812367764,812367765,903859965,903859967,903859974,903859978,812367768,903859973,903859982,903859994,903859986,903859997,903860001,903860004,812367773,903859993,903859995,903859996,903860010,903860011,903860012,903860000,812367774,812367775,903860007,903860008,903860021,903860016,903860017,903860041,903860020,903860046,903860033,903860057,903860064,903860091,903860092,903860090,903860112,903860118,812367780,903860124,903860032,903860135,903860142,903860144,903860044,903860050,903860149,903860054,903860056,903860154,903860058,903860061,903860162,903860066,903860168,903860077,903860161,903860176,903860088,903860098,903860099,903860191,903860193,903860195,903860107,903860120,903860212,903860134,903860136,903860138,903860222,903860233,903860160,903860227,903860243,903860167,812367782,903860242,903860256,903860186,903860189,903860192,903860197,812367786,903860210,903860284,903860285,903860299,903860248,903860305,903860253,903860310,903860313,903860255,903860263,903860325,903860266,903860269,903860271,903860334,903860278,903860345,903860293,903860294,903860360,903860303,903860365,903860312,903860317,903860321,903860373,903860331,903860347,903860348,903860352,903860408,903860411,903860416,903860376,903860415,903860420,903860424,903860440,903860400,903860405,903860457,903860472,812367793,903860431,903860432,903860465,903860510,903860471,903860524,903860541,903860495,903860498,903860511,903860553,903860517,903860563,903860545,903860576,903860590,812367795,812367796,812367797,903860601,903860607,903860612,903860614,812367798,903860573,812367799,812367800,812367801,903860587,812367803,903860589,903860632,812367804,903860603,903860652,903860615,903860657,903860661,903860622,903860670,903860671,903860674,903860677,903860685,812367805,903860641,903860693,903860695,903860646,903860649,903860653,903860654,903860701,903860710,903860718,903860686,903860732)
 Cron execution ended at: 2023-02-11 00:21:26
