
***********************************************************

 Cron execution started at :2023-02-06 01:30:01 

 Total Count =>357

Total records SUCCESS: 0
() 
Total records FAIL: 0
() 
 Total records PENDING: 32
(903858185,903858201,812367327,903858242,903858250,903858257,903858258,903858284,903858302,903858363,903858391,903858409,903858499,903858501,903858550,903858578,903858619,812367393,903858669,903858677,812367399,903858708,903858710,903858757,903858763,903858771,36768,812367438,903858821,903858823,36769,903858858)
 Total records No Response: 325
(903858087,903858096,903858098,903858101,903858105,903858106,903858109,903858115,903858117,903858119,812367313,812367314,812367315,903858122,903858125,812367316,903858126,903858127,903858129,812367318,903858133,903858135,812367320,812367321,903858148,903858149,903858154,903858155,903858159,903858165,812367322,903858168,903858169,903858171,903858172,812367323,903858176,903858177,903858182,903858187,903858190,903858191,903858193,903858195,903858202,903858205,812367326,903858207,903858211,903858213,903858217,903858219,903858222,903858223,903858228,903858235,812367329,903858238,903858240,903858241,812367331,812367334,903858251,903858254,903858255,903858267,812367336,903858268,903858272,903858275,36762,903858278,903858281,903858287,903858291,903858292,812367340,903858295,903858296,903858300,903858304,903858305,903858312,903858313,903858314,903858316,903858317,903858320,903858322,903858323,903858326,903858335,903858341,903858343,903858347,903858351,903858354,903858356,812367351,903858366,903858370,903858374,903858384,903858388,903858389,812367352,812367353,812367354,903858396,903858398,812367355,812367356,812367357,812367358,812367359,812367360,812367361,812367362,812367363,812367364,36763,36764,903858403,903858407,903858410,903858411,903858416,812367367,812367368,903858425,903858427,903858429,903858431,903858434,903858438,903858440,903858441,903858442,903858443,812367371,812367372,812367373,812367374,812367375,812367376,903858449,903858451,903858452,903858455,903858457,903858467,903858478,812367379,812367380,903858479,903858481,903858482,903858483,903858484,903858487,903858492,903858500,903858502,903858504,903858509,903858513,903858519,903858525,903858527,903858531,903858532,903858535,903858536,903858538,903858539,903858540,903858545,903858546,903858548,903858551,903858552,903858553,903858554,903858556,903858559,903858562,903858566,903858570,903858571,903858572,903858573,903858576,903858577,903858579,903858580,903858581,903858585,903858586,903858587,903858589,903858593,903858595,903858599,903858600,903858605,903858607,903858610,903858611,903858618,903858621,903858625,903858627,903858628,903858635,903858637,903858638,903858639,812367391,812367392,903858645,903858646,903858648,903858650,903858652,903858657,903858659,903858662,903858667,903858672,903858676,903858678,903858683,903858684,903858687,903858690,903858691,36766,903858693,903858697,903858698,812367401,812367402,812367403,903858701,812367404,812367405,812367406,812367407,812367408,812367409,812367410,812367411,903858706,903858707,903858711,903858713,903858715,903858725,903858730,903858735,903858737,903858742,903858747,812367422,903858751,903858754,903858755,903858756,903858758,903858761,903858765,903858767,903858768,903858770,903858772,903858773,903858775,903858778,903858779,903858780,903858781,903858783,903858785,903858787,903858793,903858794,903858796,903858798,903858801,903858804,903858805,903858807,903858808,903858811,903858813,903858814,903858817,903858822,903858824,903858828,903858829,903858833,903858835,903858836,903858838,903858842,903858843,903858844,903858845,903858846,36770,903858859,903858866,903858870,903858872,903858873,903858874,903858875,903858876,903858880,812367444,903858887,903858891,903858893,903858895)
 Cron execution ended at: 2023-02-06 01:35:39
