
***********************************************************

 Cron execution started at :2022-04-19 23:45:02 

 Total Count =>473

Total records SUCCESS: 4
(903220976,903221182,903221195,903221222) 
Total records FAIL: 141
(903220569,903220575,903220576,903220581,903220584,903220596,903220597,903220606,903220612,903220619,903220621,903220632,903220637,903220661,903220679,903220684,903220689,903220696,903220697,903220700,903220704,903220713,903220717,903220731,903220738,903220739,903220748,903220762,903220777,903220781,903220782,903220787,903220794,903220795,903220798,903220809,903220823,903220845,903220875,903220881,903220883,903220885,903220886,903220907,903220910,903220917,903220931,903220936,903220954,903220957,903220967,903220974,903220975,903220978,903220986,903220991,903220992,903221019,903221020,903221024,903221025,903221038,903221056,903221061,903221063,903221079,903221080,903221088,903221111,903221124,903221128,903221138,903221141,903221149,903221163,903221175,903221178,903221179,903221183,903221184,903221187,903221194,903221199,903221204,903221205,903221206,903221208,903221211,903221214,903221215,903221218,903221220,903221221,903221224,903221225,903221227,903221228,903221229,903221230,903221231,903221232,903221235,903221236,903221237,903221238,903221373,903221375,903221385,903221390,903221395,903221397,903221398,903221400,903221402,903221403,903221408,903221409,903221410,903221411,903221413,903221414,903221415,903221416,903221418,903221419,903221420,903221421,903221422,903221423,903221424,903221425,903221490,903221501,903221505,903221506,903221511,903221520,34983,903221523,903221535,903221539) 
 Total records PENDING: 0
()
 Total records No Response: 328
(903220378,903220396,903220405,903220422,903220435,903220448,903220454,903220457,903220475,903220476,903220480,903220483,903220485,903220489,903220497,903220498,903220505,903220508,903220516,903220517,903220518,903220519,903220521,903220543,903220545,903220546,903220548,903220550,903220553,903220554,903220568,903220585,903220587,903220590,903220653,903220673,903220685,903220694,903220710,903220715,903220742,903220751,903220755,903220760,903220799,903220805,903220814,903220829,903220855,903220860,812299444,903220872,903220894,903220897,903220899,903220903,903220915,903220929,903220948,903220953,903220962,903220966,812299450,903221012,903221040,903221044,903221049,903221075,903221076,903221077,903221082,903221086,812299453,903221122,903221131,903221133,903221135,903221139,903221150,903221151,903221153,903221160,903221164,903221168,903221171,903221181,812299454,903221191,903221193,903221198,903221203,903221207,903221210,903221223,903221233,903221234,903221239,903221240,903221241,903221242,903221243,903221244,903221245,903221246,903221247,903221248,903221249,903221250,903221251,903221252,812299455,903221253,34982,903221254,903221255,903221256,903221257,903221258,903221259,903221260,903221261,903221262,903221263,903221264,903221265,903221266,903221267,903221268,903221269,903221270,903221271,903221272,903221273,903221274,903221275,903221276,903221277,903221278,903221279,903221280,903221281,903221282,903221283,903221284,903221285,903221286,903221287,903221288,903221289,903221290,903221291,903221292,903221293,903221294,903221295,903221296,903221297,903221298,812299456,903221299,903221300,903221301,903221302,903221303,903221304,903221305,903221306,903221307,903221308,812299457,903221309,903221310,903221311,903221312,903221313,903221314,903221315,903221316,903221317,903221318,903221319,903221320,903221321,903221322,903221323,903221324,903221325,903221326,903221327,903221328,903221329,903221330,903221331,903221332,903221333,903221334,903221335,903221336,903221337,903221338,903221339,903221340,903221341,903221342,903221343,903221344,903221345,903221346,903221347,903221348,903221349,903221350,903221351,903221352,903221353,903221354,903221355,903221356,903221357,903221358,903221360,903221361,903221362,903221363,812299458,903221364,903221365,903221366,903221367,903221368,903221369,903221370,903221371,903221372,903221374,903221376,903221377,903221378,903221379,903221381,903221389,903221392,812299461,812299462,812299463,903221405,903221406,812299464,812299465,812299466,812299467,812299468,903221426,903221427,903221428,903221429,903221430,903221431,903221432,903221433,903221434,903221435,903221436,903221437,903221438,903221439,903221440,903221441,903221442,903221443,903221444,903221445,903221446,903221447,903221448,903221449,903221450,903221451,903221452,903221453,903221454,903221455,812299469,903221456,903221457,903221458,903221459,903221460,812299470,903221461,903221463,903221464,903221465,903221466,903221467,903221468,903221469,903221470,903221471,903221472,903221473,903221474,903221475,903221476,903221477,903221478,903221479,903221480,903221481,903221482,812299471,903221486,812299473,812299474,812299475,903221500,812299476,903221502,903221508,903221509,903221510,812299479,812299480,812299481,903221533,812299482,812299483,903221538)
 Cron execution ended at: 2022-04-20 00:19:36
