
***********************************************************

 Cron execution started at :2023-02-10 00:15:02 

 Total Count =>143

Total records SUCCESS: 0
() 
Total records FAIL: 0
() 
 Total records PENDING: 14
(812367649,903859561,903859581,903859588,812367667,903859667,812367706,812367707,903859701,903859725,36784,903859764,903859769,903859779)
 Total records No Response: 129
(903859553,812367639,812367640,812367641,903859555,36779,903859558,903859557,903859559,36780,903859566,903859567,903859569,36781,903859574,903859584,903859580,903859586,903859591,903859593,903859600,903859601,903859595,903859603,903859605,903859609,812367658,903859612,903859618,903859611,903859614,903859616,812367659,812367660,812367661,812367662,812367664,812367669,812367670,812367671,812367672,812367665,903859629,812367668,903859634,903859627,903859635,812367675,903859640,903859636,903859637,903859644,903859641,812367676,903859649,903859653,812367678,812367679,812367680,903859657,903859660,903859661,812367681,812367682,812367683,812367684,812367685,812367686,812367687,812367688,812367689,812367690,812367691,812367692,812367694,812367695,812367696,812367697,812367698,812367699,903859677,812367700,903859678,903859679,903859681,812367701,812367702,812367703,903859672,903859685,903859680,903859682,903859684,903859696,903859700,903859691,903859692,903859694,903859702,903859704,903859695,903859708,903859712,903859709,812367712,903859715,812367717,903859719,812367715,812367716,903859723,903859732,903859738,903859727,903859743,903859730,903859736,903859749,903859751,903859753,903859756,903859758,903859755,903859766,812367728,903859772,903859775,903859787,903859788)
 Cron execution ended at: 2023-02-10 00:16:56
