
***********************************************************

 Cron execution started at :2023-02-04 01:30:01 

 Total Count =>438

Total records SUCCESS: 4
(903857013,903857014,903857028,903857064) 
Total records FAIL: 0
() 
 Total records PENDING: 66
(903856839,903856840,903856865,903856866,903856889,903856938,903856968,903856983,903856999,903857026,812367192,903857069,903857081,903857082,903857092,903857169,903857174,903857184,812367206,812367209,36759,903857244,812367212,812367216,903857269,903857273,903857289,903857342,903857347,903857404,903857416,903857433,812367244,903857466,903857467,903857474,903857476,903857498,903857530,903857535,903857567,812367249,903857568,812367251,903857576,903857577,903857638,903857648,903857652,903857659,903857663,903857680,903857695,903857704,903857706,903857740,903857768,903857772,903857782,903857796,812367285,903857874,903857890,903857897,903857909,903857910)
 Total records No Response: 368
(903856834,903856846,903856848,903856861,903856868,903856869,903856870,903856873,903856879,903856880,903856883,903856885,903856886,903856896,903856897,903856898,812367181,903856907,903856909,903856911,903856915,903856919,903856923,903856932,903856934,903856935,903856937,903856939,903856941,903856942,903856943,903856945,903856947,903856956,903856959,903856961,903856963,903856965,903856966,903856972,903856974,903856976,903856979,903856980,903856981,903856988,903856990,903856994,903856995,903856997,903857001,903857006,903857007,903857008,903857010,903857011,903857018,903857019,903857020,903857021,903857023,903857025,903857027,903857032,903857033,903857034,903857040,903857041,903857044,903857047,903857051,903857054,903857055,903857063,903857066,903857067,903857070,903857073,903857087,903857088,903857090,903857091,903857094,903857096,903857098,903857100,903857102,903857103,903857104,903857110,812367198,903857124,903857125,812367199,903857129,812367200,903857133,903857134,903857143,812367201,812367202,812367203,903857154,903857157,903857161,903857162,903857163,903857164,903857165,903857166,903857167,903857168,903857171,903857172,903857182,903857183,903857185,903857188,903857191,903857195,903857198,903857206,903857209,903857210,903857211,903857214,903857215,903857216,903857219,903857221,903857225,903857228,903857229,903857234,812367211,903857242,903857249,903857250,903857251,903857254,903857258,903857260,903857263,903857264,903857267,903857274,903857275,812367220,903857286,903857288,903857294,903857295,903857297,903857298,903857302,903857304,903857314,812367224,812367225,812367226,903857318,903857319,903857320,903857329,903857333,903857350,903857352,903857356,903857357,903857362,903857365,903857366,903857369,903857371,903857373,903857375,903857379,903857380,903857383,903857385,812367235,903857387,903857394,903857397,903857400,903857409,903857412,903857422,903857423,903857424,812367243,903857439,903857440,903857441,903857446,903857450,903857456,903857460,903857463,903857464,903857468,903857469,903857470,903857471,903857472,903857473,903857475,903857479,903857490,903857492,903857500,903857503,903857507,903857508,903857517,903857523,903857525,903857528,903857529,903857531,903857533,903857534,903857538,903857539,903857542,903857546,903857547,903857551,903857553,903857558,903857560,903857561,903857565,903857578,903857582,903857583,903857586,903857587,903857589,903857590,903857591,903857593,903857597,903857599,903857610,903857613,903857615,903857622,903857623,903857624,903857626,903857628,903857631,903857635,903857640,903857641,903857643,903857645,903857646,903857647,903857649,903857651,812367259,903857655,903857658,903857660,903857670,903857671,903857672,903857687,903857688,903857693,903857698,903857700,812367267,903857701,903857705,903857710,903857713,903857714,903857715,903857716,903857717,903857720,903857724,903857726,903857728,903857729,903857730,903857733,903857739,903857741,903857742,903857744,903857745,903857748,903857751,903857752,812367272,903857760,812367274,903857761,903857762,903857763,903857767,903857776,903857777,903857779,903857781,903857789,903857790,903857794,903857795,903857798,903857801,903857803,903857805,903857807,903857809,903857810,903857811,903857812,903857813,903857814,903857815,903857817,812367278,903857823,903857825,903857827,903857829,903857830,903857831,903857833,903857834,903857835,903857841,903857843,903857844,903857847,903857849,903857850,812367282,812367284,903857851,903857857,903857859,903857863,903857864,903857866,903857868,903857879,903857883,903857884,903857886,903857888,903857889,903857892,903857895,903857900,903857907,903857917,903857918,903857919,903857920,903857925,903857931,903857932)
 Cron execution ended at: 2023-02-04 01:39:23
