
***********************************************************

 Cron execution started at :2023-02-15 02:45:01 

 Total Count =>465

Total records SUCCESS: 0
() 
Total records FAIL: 0
() 
 Total records PENDING: 60
(903862565,903862567,903862580,903862591,903862610,903862620,903862636,903862649,812367979,903862690,903862704,903862707,903862720,903862723,903862746,903862751,903862772,903862797,903862833,903862868,903862888,903862911,903862944,903862946,812367993,903862967,903862974,903862987,903863012,903863027,903863039,903863180,903863198,903863199,903863210,903863211,903863246,903863254,903863264,903863289,903863320,812368042,812368047,903863411,903863444,903863458,903863511,903863536,903863553,903863561,903863578,903863589,36797,812368094,903863617,812368113,812368148,903863650,903863659,812368190)
 Total records No Response: 405
(812367975,903862554,903862558,812367976,903862571,903862572,903862576,903862578,903862579,903862588,903862589,903862594,903862595,903862597,903862599,903862603,903862608,903862609,903862611,903862612,903862613,903862622,903862624,903862631,903862640,903862641,903862644,903862648,903862656,903862657,903862658,903862659,903862663,903862666,903862673,903862677,903862679,903862680,903862693,903862696,903862706,903862714,903862716,903862717,903862731,903862735,903862737,903862742,812367984,903862755,36793,903862762,903862763,903862771,903862778,903862783,903862784,903862786,903862787,903862799,903862809,903862815,903862818,903862820,903862821,903862824,903862829,903862841,903862845,903862846,903862863,903862864,903862867,903862875,903862877,903862882,903862883,903862884,903862886,903862887,903862891,903862893,903862894,903862900,903862902,903862903,903862904,903862914,903862920,903862921,903862922,903862925,903862926,903862927,812367991,903862935,903862941,903862942,903862949,903862950,903862952,903862953,903862956,903862959,903862963,903862968,903862970,903862977,903862978,903862981,903862988,812367995,903862992,903862994,903862996,903862997,903862999,903863002,903863003,903863004,903863005,903863008,903863009,812368000,812368001,812368002,812368003,903863013,903863020,903863021,903863026,903863028,903863032,903863035,903863041,903863042,903863044,903863046,812368006,903863050,812368008,903863060,903863064,812368011,903863076,903863081,903863095,903863101,812368014,812368015,812368018,903863108,903863109,903863111,903863120,903863123,903863124,903863125,903863126,903863129,903863136,903863137,903863140,903863142,903863144,903863145,903863146,903863147,903863151,903863155,903863156,812368023,903863161,812368025,903863166,903863170,903863171,903863172,903863173,903863176,903863177,903863181,903863183,903863188,903863193,903863194,903863200,903863201,903863208,903863209,903863213,903863216,903863226,903863227,903863229,903863231,903863233,903863235,903863236,903863237,903863242,903863243,903863244,903863247,903863255,903863258,903863262,812368036,903863265,903863272,903863279,903863282,903863284,903863285,903863286,903863291,903863293,903863294,903863296,903863300,903863301,903863303,903863305,903863306,903863307,903863312,903863318,903863327,903863328,903863332,903863340,903863341,903863343,903863344,903863348,903863354,36795,903863361,903863362,903863363,903863364,903863366,903863367,903863370,903863371,903863372,903863373,812368052,903863374,903863377,903863379,903863380,903863381,903863383,903863388,903863389,903863395,903863397,903863401,903863402,903863405,903863406,903863408,903863409,903863413,903863414,903863416,903863417,812368060,812368061,812368062,812368063,812368066,812368067,812368068,812368069,903863429,36796,903863436,903863438,903863439,903863442,903863443,903863448,903863450,903863453,903863461,812368071,903863471,903863480,903863481,812368073,812368074,812368075,903863490,903863491,903863492,903863493,903863503,903863504,903863509,903863512,903863519,903863525,903863527,903863530,903863540,903863548,903863550,903863558,903863560,903863563,812368081,903863571,903863572,903863577,812368084,903863594,903863595,903863597,903863599,812368089,812368090,812368091,903863601,903863602,903863603,903863608,812368098,903863609,903863610,903863612,903863619,903863620,903863622,903863624,903863625,903863626,903863627,903863628,812368102,812368103,812368104,812368105,812368106,812368107,812368108,812368110,903863630,812368112,903863633,812368115,812368116,812368117,903863635,903863636,903863637,903863638,812368120,812368121,812368124,812368125,812368126,812368127,812368128,812368129,812368130,812368131,812368132,812368133,812368134,812368135,812368136,812368137,812368138,812368139,812368140,812368141,812368142,812368143,812368144,812368145,812368146,812368147,903863640,903863642,812368155,812368162,812368163,812368164,812368165,903863646,812368169,812368170,812368174,812368176,812368177,812368178,903863656,812368181,903863657,903863658,812368184,812368188,812368189)
 Cron execution ended at: 2023-02-15 02:53:59
