
***********************************************************

 Cron execution started at :2023-02-04 00:15:02 

 Total Count =>232

Total records SUCCESS: 0
() 
Total records FAIL: 0
() 
 Total records PENDING: 37
(903857342,903857347,903857404,903857416,903857433,812367244,903857466,903857467,903857474,903857476,903857498,903857530,903857535,903857567,812367249,903857568,812367251,903857576,903857577,903857638,903857648,903857652,903857659,903857663,903857680,903857695,903857704,903857706,903857740,903857768,903857772,903857782,903857796,812367285,903857874,903857890,903857897)
 Total records No Response: 195
(903857333,903857350,903857357,903857362,903857366,903857365,903857352,903857356,903857371,903857373,903857375,903857379,903857380,903857369,903857383,903857385,903857387,812367235,903857394,903857397,903857400,903857409,903857412,903857422,903857423,903857424,812367243,903857439,903857441,903857440,903857446,903857450,903857456,903857463,903857464,903857460,903857470,903857473,903857468,903857469,903857475,903857471,903857472,903857479,903857490,903857492,903857500,903857503,903857508,903857507,903857517,903857529,903857523,903857531,903857533,903857525,903857534,903857528,903857538,903857539,903857542,903857547,903857551,903857553,903857546,903857558,903857560,903857561,903857565,903857578,903857583,903857586,903857587,903857591,903857582,903857599,903857589,903857590,903857593,903857597,903857610,903857613,903857615,903857623,903857624,903857626,903857628,903857631,903857635,903857622,903857641,903857643,903857646,903857647,903857649,903857651,903857640,903857655,903857645,812367259,903857660,903857658,903857671,903857672,903857670,903857687,903857688,903857698,812367267,903857693,903857705,903857710,903857700,903857714,903857713,903857701,903857724,903857715,903857716,903857717,903857720,903857739,903857742,903857726,903857744,903857728,903857729,903857745,903857730,903857733,903857748,903857752,903857741,812367272,903857760,812367274,903857763,903857761,903857762,903857751,903857767,903857777,903857779,903857776,903857781,903857789,903857790,903857794,903857795,903857798,903857805,903857807,903857809,903857811,903857812,903857814,903857815,903857817,903857801,903857803,903857810,812367278,903857813,903857823,903857825,903857827,903857829,903857830,903857831,903857833,903857834,903857835,903857843,903857844,903857841,903857847,903857849,903857850,903857857,812367282,812367284,903857863,903857851,903857868,903857866,903857859,903857864,903857883,903857884,903857886,903857889,903857879,903857892,903857895,903857888)
 Cron execution ended at: 2023-02-04 00:19:57
