
***********************************************************

 Cron execution started at :2021-03-30 23:54:01 

 Total Count =>222

Total records SUCCESS: 13
(812250431,812250438,812250458,812250463,812250472,812250485,812250521,812250542,812250551,812250559,812250587,812250607,812250612) 
Total records FAIL: 16
(902733210,902733217,902733227,902733234,812250552,902733578,902733580,902733587,902733589,902733609,902733610,902733611,812250620,902733615,902733619,902733621) 
 Total records PENDING: 0
()
 Total records No Response: 188
(902732654,902732672,902732678,902732681,902732696,902732717,902732723,902732739,812250449,902732748,902732754,812250451,902732758,902732764,902732772,902732799,902732814,902732824,902732843,902732858,902732862,902732868,902732871,902732877,902732885,902732898,902732905,32712,902732914,902732915,812250481,902732921,902732932,902732933,812250483,902732963,902732974,902732984,902732988,902732994,902732997,902732999,902733005,902733009,902733034,902733038,902733040,812250509,902733059,812250512,902733067,902733089,902733092,902733095,902733098,902733105,902733108,902733110,902733113,902733116,902733121,902733129,902733132,902733138,812250530,812250531,902733159,812250532,902733174,812250536,902733187,812250539,902733190,902733198,902733200,902733202,812250544,902733205,812250545,902733214,902733225,902733230,902733237,902733241,812250553,812250554,812250555,902733249,812250556,812250557,902733251,812250558,902733257,902733261,902733262,902733265,902733266,902733268,902733271,902733272,902733275,902733282,902733288,902733290,902733295,902733297,902733299,902733301,812250566,902733316,812250569,902733320,902733322,902733325,812250575,812250576,902733330,812250577,902733337,902733342,902733346,902733353,902733358,902733366,902733374,902733379,902733384,902733385,902733395,902733401,902733403,902733404,902733412,902733413,902733414,902733421,902733424,902733427,902733430,812250595,902733434,902733442,902733443,812250597,902733447,902733455,902733457,902733470,902733478,902733484,902733492,812250601,812250602,902733498,902733501,902733509,902733513,902733519,902733521,902733522,902733523,902733526,902733527,902733528,902733531,902733539,902733546,902733551,902733554,902733556,902733566,902733567,902733569,812250613,902733584,902733590,902733593,902733596,812250614,812250616,812250617,812250618,902733603,812250619,902733614,812250622,812250623,902733620)
 Cron execution ended at: 2021-03-31 00:03:05
