
***********************************************************

 Cron execution started at :2023-01-19 00:15:01 

 Total Count =>150

Total records SUCCESS: 0
() 
Total records FAIL: 0
() 
 Total records PENDING: 11
(812366249,903850862,903850897,903850969,903850978,903850995,903851015,903851061,903851062,812366268,903851080)
 Total records No Response: 139
(903850809,903850807,903850816,903850815,36703,903850824,903850825,903850822,903850820,812366243,903850827,903850830,903850831,903850832,903850833,903850835,903850836,903850838,903850841,903850839,903850844,812366246,812366247,903850846,903850848,903850849,903850851,903850854,903850858,903850860,903850861,903850865,903850867,903850872,903850874,903850879,903850883,903850881,903850886,903850885,903850890,903850891,903850892,903850894,903850900,903850898,903850902,903850904,903850913,903850903,903850910,903850908,903850919,903850912,903850909,903850924,903850914,903850915,903850926,903850920,903850925,903850928,903850935,903850931,903850932,903850937,903850938,903850934,903850930,903850952,903850955,903850944,903850973,903850970,812366254,812366255,903850975,903850977,903850980,903850987,903850990,903850994,903850996,903850998,903851002,903850997,903851004,903851001,903851010,903851011,903851007,903851019,903851022,903851024,903851027,903851025,903851029,903851030,903851031,903851032,903851040,903851038,903851034,903851044,903851037,903851039,903851048,903851046,903851047,903851052,903851049,903851053,812366263,812366264,812366265,903851064,903851066,903851067,812366269,903851071,903851073,903851074,903851077,903851075,812366273,812366274,812366275,903851083,903851084,812366279,903851087,812366281,812366282,903851088,903851093,903851094,903851097,903851100,903851103)
 Cron execution ended at: 2023-01-19 00:16:52
