
***********************************************************

 Cron execution started at :2023-02-13 00:15:02 

 Total Count =>245

Total records SUCCESS: 0
() 
Total records FAIL: 0
() 
 Total records PENDING: 40
(903861851,903861868,903861894,903861900,903861918,903861925,903861930,812367899,903861956,903861991,903861995,903862003,903862008,903862040,903862049,36792,903862064,903862137,903862168,812367911,903862190,903862210,903862212,903862217,903862249,903862265,903862268,903862291,903862300,903862313,903862330,903862331,903862339,903862347,903862355,903862357,903862387,903862395,903862407,903862458)
 Total records No Response: 205
(903861817,903861843,903861825,903861829,903861830,903861858,903861859,903861842,903861847,903861849,903861864,903861880,903861881,903861882,903861885,903861873,903861891,903861901,903861903,812367895,812367896,903861890,903861910,903861912,903861913,903861914,903861922,903861923,903861915,903861916,903861917,903861927,903861928,903861929,903861942,903861940,903861946,903861951,903861952,903861958,903861962,903861965,903861973,903861970,903861978,903861980,903861987,903861992,903861982,903861988,903861997,903862000,903861993,903862006,903862024,903862018,903862032,903862025,903862033,903862043,903862052,903862054,903862044,903862048,903862058,903862061,903862065,903862071,903862082,903862086,903862079,903862095,903862085,903862087,903862103,903862115,903862105,903862134,903862140,903862142,903862120,903862144,903862147,903862156,903862157,903862159,903862166,903862153,903862154,903862155,903862162,903862176,903862177,903862178,903862181,903862182,903862172,903862180,903862183,903862186,903862187,903862195,903862188,903862189,903862202,903862203,903862194,903862213,903862211,903862220,903862224,903862225,812367918,812367921,903862233,903862228,903862230,903862241,903862234,903862243,903862248,903862250,903862245,903862256,903862258,903862262,903862266,903862263,903862275,903862274,903862282,903862276,903862277,903862285,903862294,903862299,903862305,903862308,903862307,903862310,812367928,903862319,903862323,903862325,903862327,903862328,903862315,903862337,903862322,903862338,903862324,903862343,903862349,903862350,903862352,903862356,903862358,903862351,903862361,903862381,903862367,903862399,903862382,903862388,903862409,903862415,903862417,903862418,903862404,903862424,903862425,812367935,812367936,812367937,812367938,812367939,812367941,903862431,903862420,903862434,812367942,812367943,812367944,812367945,812367946,903862439,812367947,903862441,903862442,812367950,903862429,812367951,812367952,812367953,903862450,903862453,903862444,903862457,903862448,903862463,903862449,903862467,903862451,903862465,903862479)
 Cron execution ended at: 2023-02-13 00:21:28
