
***********************************************************

 Cron execution started at :2023-02-08 02:45:01 

 Total Count =>234

Total records SUCCESS: 2
(812367530,903859366) 
Total records FAIL: 0
() 
 Total records PENDING: 26
(36772,903858923,812367470,903859029,903859035,903859040,903859058,903859071,903859080,903859115,903859129,903859130,903859131,903859132,903859133,903859187,903859205,36773,903859230,903859254,903859264,903859284,903859311,812367565,903859367,903859370)
 Total records No Response: 206
(903858917,903858920,903858921,903858926,812367452,903858930,903858932,903858933,903858939,903858940,812367454,812367455,812367456,812367457,903858944,903858945,903858946,903858947,903858950,903858952,903858955,903858956,903858962,903858963,903858969,903858973,903858974,903858976,903858977,903858978,903858981,812367466,812367467,903858982,903858984,903858990,903858992,812367471,812367473,903858995,903858996,903858997,903858998,903859002,903859003,903859005,903859007,903859008,903859009,903859010,903859012,903859016,903859020,903859022,903859024,903859025,903859030,903859032,903859034,812367476,812367477,903859041,903859046,812367478,903859050,903859062,903859066,903859072,903859077,812367483,812367484,812367485,903859081,903859084,903859086,903859088,903859089,812367487,812367488,812367491,903859106,903859107,903859109,812367492,903859110,903859112,812367495,812367497,812367498,903859114,812367499,812367500,812367501,903859118,903859119,903859121,812367510,812367511,812367512,812367513,812367514,903859122,903859128,903859134,903859141,903859149,903859153,903859155,903859156,903859157,903859158,903859160,903859164,903859165,903859169,903859175,903859178,903859180,903859186,903859189,903859192,903859193,903859194,903859195,903859196,903859199,903859200,903859201,903859204,812367533,903859212,903859214,903859215,903859216,903859220,903859223,903859226,903859231,903859239,903859240,903859246,903859247,903859248,903859250,903859253,903859258,903859263,903859265,903859268,903859269,903859271,903859272,903859273,903859276,903859279,903859281,903859282,903859283,903859286,903859288,903859289,903859292,903859294,903859297,903859298,903859299,903859300,903859303,903859304,903859305,903859307,903859312,812367541,812367542,812367543,812367545,903859314,903859317,812367548,903859319,903859320,903859321,903859327,903859332,903859333,812367557,812367558,903859340,812367559,812367560,812367561,812367562,812367563,812367564,812367568,903859350,812367571,903859351,903859352,903859358,812367573,903859362,903859364,903859368,903859372,903859373)
 Cron execution ended at: 2023-02-08 02:49:23
