
***********************************************************

 Cron execution started at :2023-01-20 01:30:01 

 Total Count =>302

Total records SUCCESS: 0
() 
Total records FAIL: 0
() 
 Total records PENDING: 31
(903850969,903850978,903850995,903851015,903851061,903851062,812366268,903851080,812366291,812366293,903851137,812366294,903851152,903851159,903851161,903851179,903851206,903851240,903851252,903851258,903851263,903851271,903851272,903851284,903851290,903851299,903851331,812366349,903851388,903851413,903851422)
 Total records No Response: 271
(903850944,903850952,903850955,903850970,903850973,903850975,903850977,812366254,812366255,903850980,903850987,903850990,903850994,903850996,903850997,903850998,903851001,903851002,903851004,903851007,903851010,903851011,903851019,903851022,903851024,903851025,903851027,903851029,903851030,903851031,903851032,903851034,903851037,903851038,903851039,903851040,903851044,903851046,903851047,903851048,903851049,903851052,903851053,812366263,812366264,812366265,903851064,903851066,903851067,812366269,903851071,903851073,903851074,903851075,812366273,812366274,812366275,903851077,903851083,903851084,812366279,903851087,812366281,812366282,903851088,903851093,903851094,903851097,903851100,903851102,903851103,812366286,812366287,812366288,903851108,903851110,903851114,903851120,903851122,903851123,903851125,903851128,812366292,903851135,903851136,903851139,903851140,812366295,903851146,903851147,903851149,903851151,903851153,903851154,903851156,903851160,903851162,903851163,903851164,903851167,903851168,903851172,812366298,903851180,903851181,903851183,903851184,903851185,903851190,903851191,903851192,903851194,812366304,903851198,903851199,903851202,903851210,903851213,903851218,812366309,812366310,812366311,812366312,812366313,812366314,812366315,812366316,812366317,812366318,812366319,812366320,812366321,903851222,903851230,903851231,903851233,903851238,903851243,812366323,812366324,903851248,903851249,903851250,903851251,812366325,812366326,903851257,903851265,903851269,903851270,903851273,903851275,903851276,903851280,903851281,903851282,812366330,812366331,812366332,812366333,812366334,812366335,903851285,903851289,903851294,903851302,903851303,903851304,812366340,903851306,903851308,903851310,903851311,903851312,903851313,903851316,903851318,903851320,903851321,903851323,812366342,903851324,903851328,903851334,903851336,903851337,903851338,903851339,903851340,903851341,903851342,903851343,812366343,812366344,812366345,812366346,812366347,903851346,903851348,903851350,903851351,903851354,903851355,903851358,903851359,903851361,903851362,812366351,812366352,812366353,903851364,903851365,903851368,903851370,903851373,903851375,903851376,903851379,812366360,812366361,812366362,812366363,812366364,903851381,903851384,903851386,903851387,903851389,812366366,812366367,812366368,812366369,903851392,903851395,903851397,903851400,903851403,903851405,903851407,812366372,812366373,812366374,812366375,812366376,812366377,812366378,812366379,812366380,812366381,812366382,812366383,903851412,812366384,812366385,903851415,903851416,812366387,903851424,903851425,903851429,903851430,903851434,903851435,812366389,812366390,812366391,812366392,903851437,812366393,903851442,903851444)
 Cron execution ended at: 2023-01-20 01:34:39
