
***********************************************************

 Cron execution started at :2022-05-12 07:15:30 

 Total Count =>81

Total records SUCCESS: 0
() 
Total records FAIL: 50
(903386380,903386381,903386385,903386390,903386399,903386409,903386421,903386423,903386424,903386427,903386440,903386441,903386447,903386459,903386465,903386489,903386494,903386507,903386509,903386515,903386519,903386531,903386594,903386604,903386615,903386621,903386628,903386629,903386634,903386674,903386685,903386704,903386709,903386710,903386711,903386859,903386865,903386877,903386889,903386891,903386893,903386901,903386908,903386923,903386931,903386933,903386938,903386959,903386963,903386971) 
 Total records PENDING: 0
()
 Total records No Response: 31
(903386495,903386501,903386526,903386553,903386555,903386558,903386565,903386570,903386574,903386585,903386617,903386623,903386656,903386699,903386713,903386728,903386755,903386785,903386834,812319495,903386836,903386839,903386868,903386897,903386898,903386915,903386936,903386949,903386955,903386957,903386962)
 Cron execution ended at: 2022-05-12 07:25:52
