
***********************************************************

 Cron execution started at :2022-09-05 23:18:02 

 Total Count =>398

Total records SUCCESS: 143
(903570871,903570880,903570891,903570894,903570896,903570895,903570907,903570905,903570921,903570928,903570930,903570939,903570943,903570942,903570944,903570953,903570964,903570968,903570971,903570979,903570982,903570929,903570987,903570999,903571001,903571012,903571008,903571014,903571018,903570963,903571024,903571026,903571031,903571033,903571039,903571049,903571054,903571003,903571059,903571100,903571151,903571161,903571168,903571176,903571179,903571183,903571195,903571205,903571203,903571202,903571127,903571209,903571216,903571227,903571230,903571231,903571162,903571242,903571250,903571252,903571259,903571265,903571228,903571269,903571217,903571277,903571276,903571281,903571303,903571313,903571311,903571314,903571316,903571321,903571326,903571324,903571283,903571273,903571290,903571343,903571346,903571344,903571306,903571362,903571363,903571367,903571365,903571377,903571391,903571339,903571396,903571333,903571397,903571399,903571404,903571405,903571413,903571421,903571426,903571427,903571395,903571438,903571439,903571442,903571445,903571409,903571410,903571470,903571474,903571419,903571478,903571482,903571477,903571484,903571412,903571486,903571503,903571431,903571509,903571511,903571513,903571516,903571448,903571515,903571526,903571530,903571531,903571536,903571502,903571559,903571512,903571569,903571570,903571576,903571584,903571587,903571589,903571529,903571548,903571603,903571605,903571553,903571606) 
Total records FAIL: 34
(903570901,903570848,903570903,903570913,903570892,903570988,812331637,903571053,903571011,903571064,903571145,903571154,903571143,903571234,903571236,903571280,903571310,903571286,903571312,903571369,903571383,903571441,903571460,903571469,903571467,812331764,903571443,903571520,903571465,903571538,903571545,903571554,903571561,903571563) 
 Total records PENDING: 49
(903570781,812331608,903570834,903570762,812331625,903570867,903570879,903570919,903570931,903570934,903570940,903570977,903570976,812331643,812331651,903571013,812331656,903571044,903571005,903571060,903571126,903571144,903571147,903571159,903571160,812331685,903571189,903571124,812331696,812331691,903571243,903571304,903571308,903571329,903571349,903571354,903571305,903571364,903571378,903571345,903571417,903571435,812331754,812331756,903571490,903571535,903571497,903571583,903571528)
 Total records No Response: 172
(903570775,903570776,903570782,903570779,903570783,903570800,903570798,903570740,903570742,903570823,903570825,903570829,903570831,903570859,903570858,903570862,903570795,903570799,903570887,903570838,812331628,903570910,903570915,812331631,903570923,903570882,903570889,903570957,903570958,903570900,903570962,903570965,903570920,903570973,903570927,903570917,903570981,903570989,903570991,812331648,903570941,903570995,903571006,903571022,903571023,903571034,812331660,903571050,903571045,903571057,812331664,812331654,903571067,903571074,903571069,903571084,903571087,903571097,903571103,903571104,812331672,903571111,903571116,903571065,903571125,903571122,903571129,903571072,812331687,903571141,903571146,903571090,903571150,903571156,903571163,903571164,812331692,903571182,903571131,903571208,812331694,903571219,903571224,903571229,903571174,903571239,903571244,903571200,903571258,903571257,903571233,903571222,903571275,903571287,903571285,903571284,903571291,903571248,903571297,903571301,903571295,903571298,903571302,903571300,903571318,903571328,903571332,903571337,903571341,812331725,903571342,812331726,903571348,903571357,903571361,903571358,812331731,903571366,903571380,903571387,903571390,812331734,903571407,812331746,903571414,812331732,903571382,903571386,903571432,812331733,903571440,812331742,903571447,903571403,903571457,903571459,903571475,903571471,903571476,812331761,903571483,903571489,903571496,903571499,812331765,903571501,903571424,903571451,903571546,903571543,903571544,903571500,812331780,812331778,903571558,903571562,903571566,903571571,812331782,903571574,903571572,903571581,903571573,903571585,903571591,812331785,903571590,903571594,812331788,903571596,812331777,903571602)
 Cron execution ended at: 2022-09-06 00:06:28
