
***********************************************************

 Cron execution started at :2021-03-19 19:18:01 

 Total Count =>77

Total records SUCCESS: 3
(812242876,812242878,812242909) 
Total records FAIL: 8
(902703315,902703329,902703384,812242849,812242855,902703412,902703453,902703455) 
 Total records PENDING: 0
()
 Total records No Response: 65
(902703320,902703325,902703336,902703341,902703346,902703347,902703353,902703364,902703369,902703371,902703386,812242851,902703399,902703410,812242859,902703419,902703423,812242865,902703425,902703427,902703428,902703437,902703439,902703442,812242868,902703450,812242877,902703459,902703461,902703467,902703470,902703479,902703481,902703483,812242886,812242888,812242891,902703501,902703503,902703512,812242895,902703519,902703521,902703522,902703531,902703533,902703535,812242901,902703537,902703546,812242905,812242906,812242907,902703551,812242908,812242910,902703557,902703559,902703560,902703563,812242912,902703567,902703582,902703585,812242918)
 Cron execution ended at: 2021-03-19 19:20:45

***********************************************************

 Cron execution started at :2021-03-19 19:22:02 

 Total Count =>75

Total records SUCCESS: 4
(812242876,812242878,812242909,812242926) 
Total records FAIL: 2
(902703470,812242928) 
 Total records PENDING: 0
()
 Total records No Response: 69
(902703336,902703341,902703346,902703347,902703353,902703364,902703369,902703371,902703386,812242851,902703399,902703410,812242859,902703419,902703423,812242865,902703425,902703427,902703428,902703437,902703439,902703442,812242868,902703450,902703461,902703467,902703479,902703481,902703483,812242886,812242888,812242891,902703501,902703503,902703512,812242895,902703519,902703521,902703522,902703531,902703533,902703535,812242901,902703537,902703546,812242905,812242906,812242907,902703551,812242908,812242910,902703557,902703559,902703560,902703563,812242912,902703567,902703582,902703585,812242918,812242920,902703594,902703596,812242922,902703605,902703606,902703607,812242925,812242927)
 Cron execution ended at: 2021-03-19 19:23:31

***********************************************************

 Cron execution started at :2021-03-19 19:24:01 

 Total Count =>75

Total records SUCCESS: 4
(812242876,812242878,812242909,812242926) 
Total records FAIL: 1
(902703615) 
 Total records PENDING: 0
()
 Total records No Response: 70
(902703341,902703346,902703347,902703353,902703364,902703369,902703371,902703386,812242851,902703399,902703410,812242859,902703419,902703423,812242865,902703425,902703427,902703428,902703437,902703439,902703442,812242868,902703450,902703461,902703467,902703479,902703481,902703483,812242886,812242888,812242891,902703501,902703503,902703512,812242895,902703519,902703521,902703522,902703531,902703533,902703535,812242901,902703537,902703546,812242905,812242906,812242907,902703551,812242908,812242910,902703557,902703559,902703560,902703563,812242912,902703567,902703582,902703585,812242918,812242920,902703594,902703596,812242922,902703605,902703606,902703607,812242925,812242927,902703611,902703612)
 Cron execution ended at: 2021-03-19 19:25:40

***********************************************************

 Cron execution started at :2021-03-19 19:26:02 

 Total Count =>78

Total records SUCCESS: 4
(812242876,812242878,812242909,812242926) 
Total records FAIL: 5
(902703481,902703627,902703629,902703630,902703632) 
 Total records PENDING: 0
()
 Total records No Response: 69
(902703346,902703347,902703353,902703364,902703369,902703371,902703386,812242851,902703399,902703410,812242859,902703419,902703423,812242865,902703425,902703427,902703428,902703437,902703439,902703442,812242868,902703450,902703461,902703467,902703479,902703483,812242886,812242888,812242891,902703501,902703503,902703512,812242895,902703519,902703521,902703522,902703531,902703533,902703535,812242901,902703537,902703546,812242905,812242906,812242907,902703551,812242908,812242910,902703557,902703559,902703560,902703563,812242912,902703567,902703582,902703585,812242918,812242920,902703594,902703596,812242922,902703605,902703606,902703607,812242925,812242927,902703611,902703612,812242933)
 Cron execution ended at: 2021-03-19 19:28:05

***********************************************************

 Cron execution started at :2021-03-19 19:30:02 

 Total Count =>72

Total records SUCCESS: 3
(812242926,812242934,902703645) 
Total records FAIL: 1
(902703642) 
 Total records PENDING: 0
()
 Total records No Response: 68
(902703364,902703369,902703371,902703386,812242851,902703399,902703410,812242859,902703419,902703423,812242865,902703425,902703427,902703428,902703437,902703439,902703442,812242868,902703450,902703461,902703467,902703479,902703483,812242886,812242888,812242891,902703501,902703503,902703512,812242895,902703519,902703521,902703522,902703531,902703533,902703535,812242901,902703537,902703546,812242905,812242906,812242907,902703551,812242908,812242910,902703557,902703559,902703560,902703563,812242912,902703567,902703582,902703585,812242918,812242920,902703594,902703596,812242922,902703605,902703606,902703607,812242925,812242927,902703611,902703612,812242933,902703634,812242936)
 Cron execution ended at: 2021-03-19 19:31:27

***********************************************************

 Cron execution started at :2021-03-19 19:32:02 

 Total Count =>71

Total records SUCCESS: 3
(812242926,812242934,902703645) 
Total records FAIL: 3
(902703501,812242940,902703655) 
 Total records PENDING: 0
()
 Total records No Response: 65
(902703386,812242851,902703399,902703410,812242859,902703419,902703423,812242865,902703425,902703427,902703428,902703437,902703439,902703442,812242868,902703450,902703461,902703467,902703479,902703483,812242886,812242888,812242891,902703503,902703512,812242895,902703519,902703521,902703522,902703531,902703533,902703535,812242901,902703537,902703546,812242905,812242906,812242907,902703551,812242908,812242910,902703557,902703559,902703560,902703563,812242912,902703567,902703582,902703585,812242918,812242920,902703594,902703596,812242922,902703605,902703606,902703607,812242925,812242927,902703611,902703612,812242933,902703634,812242936,902703656)
 Cron execution ended at: 2021-03-19 19:33:40

***********************************************************

 Cron execution started at :2021-03-19 19:34:02 

 Total Count =>73

Total records SUCCESS: 3
(812242926,812242934,902703645) 
Total records FAIL: 0
() 
 Total records PENDING: 0
()
 Total records No Response: 70
(902703386,812242851,902703399,902703410,812242859,902703419,902703423,812242865,902703425,902703427,902703428,902703437,902703439,902703442,812242868,902703450,902703461,902703467,902703479,902703483,812242886,812242888,812242891,902703503,902703512,812242895,902703519,902703521,902703522,902703531,902703533,902703535,812242901,902703537,902703546,812242905,812242906,812242907,902703551,812242908,812242910,902703557,902703559,902703560,902703563,812242912,902703567,902703582,902703585,812242918,812242920,902703594,902703596,812242922,902703605,902703606,902703607,812242925,812242927,902703611,902703612,812242933,902703634,812242936,902703656,902703660,902703661,902703665,902703667,902703672)
 Cron execution ended at: 2021-03-19 19:35:40

***********************************************************

 Cron execution started at :2021-03-19 19:36:01 

 Total Count =>76

Total records SUCCESS: 4
(812242926,812242934,902703645,812242944) 
Total records FAIL: 1
(902703679) 
 Total records PENDING: 0
()
 Total records No Response: 71
(902703386,812242851,902703399,902703410,812242859,902703419,902703423,812242865,902703425,902703427,902703428,902703437,902703439,902703442,812242868,902703450,902703461,902703467,902703479,902703483,812242886,812242888,812242891,902703503,902703512,812242895,902703519,902703521,902703522,902703531,902703533,902703535,812242901,902703537,902703546,812242905,812242906,812242907,902703551,812242908,812242910,902703557,902703559,902703560,902703563,812242912,902703567,902703582,902703585,812242918,812242920,902703594,902703596,812242922,902703605,902703606,902703607,812242925,812242927,902703611,902703612,812242933,902703634,812242936,902703656,902703660,902703661,902703665,902703667,902703672,902703680)
 Cron execution ended at: 2021-03-19 19:37:45

***********************************************************

 Cron execution started at :2021-03-19 19:38:01 

 Total Count =>77

Total records SUCCESS: 4
(812242926,812242934,902703645,812242944) 
Total records FAIL: 1
(812242946) 
 Total records PENDING: 0
()
 Total records No Response: 72
(812242851,902703399,902703410,812242859,902703419,902703423,812242865,902703425,902703427,902703428,902703437,902703439,902703442,812242868,902703450,902703461,902703467,902703479,902703483,812242886,812242888,812242891,902703503,902703512,812242895,902703519,902703521,902703522,902703531,902703533,902703535,812242901,902703537,902703546,812242905,812242906,812242907,902703551,812242908,812242910,902703557,902703559,902703560,902703563,812242912,902703567,902703582,902703585,812242918,812242920,902703594,902703596,812242922,902703605,902703606,902703607,812242925,812242927,902703611,902703612,812242933,902703634,812242936,902703656,902703660,902703661,902703665,902703667,902703672,902703680,902703683,902703685)
 Cron execution ended at: 2021-03-19 19:39:52

***********************************************************

 Cron execution started at :2021-03-19 19:40:02 

 Total Count =>81

Total records SUCCESS: 4
(812242926,812242934,902703645,812242944) 
Total records FAIL: 1
(902703692) 
 Total records PENDING: 0
()
 Total records No Response: 76
(902703399,902703410,812242859,902703419,902703423,812242865,902703425,902703427,902703428,902703437,902703439,902703442,812242868,902703450,902703461,902703467,902703479,902703483,812242886,812242888,812242891,902703503,902703512,812242895,902703519,902703521,902703522,902703531,902703533,902703535,812242901,902703537,902703546,812242905,812242906,812242907,902703551,812242908,812242910,902703557,902703559,902703560,902703563,812242912,902703567,902703582,902703585,812242918,812242920,902703594,902703596,812242922,902703605,902703606,902703607,812242925,812242927,902703611,902703612,812242933,902703634,812242936,902703656,902703660,902703661,902703665,902703667,902703672,902703680,902703683,902703685,902703687,902703696,812242948,902703697,902703698)
 Cron execution ended at: 2021-03-19 19:42:15

***********************************************************

 Cron execution started at :2021-03-19 19:44:01 

 Total Count =>85

Total records SUCCESS: 5
(812242926,812242934,902703645,812242944,812242951) 
Total records FAIL: 0
() 
 Total records PENDING: 0
()
 Total records No Response: 79
(902703410,812242859,902703419,902703423,812242865,902703425,902703427,902703428,902703437,902703439,902703442,812242868,902703450,902703461,902703467,902703479,902703483,812242886,812242888,812242891,902703503,902703512,812242895,902703519,902703521,902703522,902703533,902703535,812242901,902703537,902703546,812242905,812242906,812242907,902703551,812242908,812242910,902703557,902703559,902703560,902703563,812242912,902703567,902703582,902703585,812242918,812242920,902703594,902703596,812242922,902703605,902703606,902703607,812242925,812242927,902703611,902703612,812242933,902703634,812242936,902703656,902703660,902703661,902703665,902703667,902703672,902703680,902703683,902703685,902703687,902703696,812242948,902703697,902703698,812242950,812242952,902703706,902703707,902703708)
 Cron execution ended at: 2021-03-19 19:46:13

***********************************************************

 Cron execution started at :2021-03-19 19:48:02 

 Total Count =>94

Total records SUCCESS: 5
(812242926,812242934,902703645,812242944,812242951) 
Total records FAIL: 7
(902703560,902703723,902703724,902703726,902703728,902703730,902703731) 
 Total records PENDING: 0
()
 Total records No Response: 82
(902703419,902703423,812242865,902703425,902703427,902703428,902703437,902703439,902703442,812242868,902703450,902703461,902703467,902703479,902703483,812242886,812242888,812242891,902703503,902703512,812242895,902703519,902703521,902703522,902703533,902703535,812242901,902703537,902703546,812242905,812242906,812242907,902703551,812242908,812242910,902703557,902703559,902703563,812242912,902703567,902703582,902703585,812242918,812242920,902703594,902703596,812242922,902703605,902703606,902703607,812242925,812242927,902703611,902703612,812242933,902703634,812242936,902703656,902703660,902703661,902703665,902703667,902703672,902703680,902703683,902703685,902703687,902703696,812242948,902703697,902703698,812242950,812242952,902703706,902703707,902703708,812242954,902703715,902703717,902703718,812242955,902703729)
 Cron execution ended at: 2021-03-19 19:51:08

***********************************************************

 Cron execution started at :2021-03-19 19:52:02 

 Total Count =>90

Total records SUCCESS: 5
(812242926,812242934,902703645,812242944,812242951) 
Total records FAIL: 4
(812242910,902703737,812242959,902703743) 
 Total records PENDING: 0
()
 Total records No Response: 80
(812242865,902703425,902703427,902703428,902703437,902703439,902703442,812242868,902703450,902703461,902703467,902703479,902703483,812242886,812242888,812242891,902703503,902703512,812242895,902703519,902703521,902703522,902703533,902703535,812242901,902703537,902703546,812242905,812242906,812242907,902703551,812242908,902703557,902703559,902703563,812242912,902703567,902703582,902703585,812242918,812242920,902703594,902703596,812242922,902703605,902703606,902703607,812242925,812242927,902703611,902703612,812242933,902703634,812242936,902703656,902703660,902703661,902703665,902703667,902703672,902703680,902703683,902703685,902703687,902703696,812242948,902703697,902703698,812242950,812242952,902703706,902703707,902703708,812242954,902703715,902703717,902703718,812242955,902703729,902703734)
 Cron execution ended at: 2021-03-19 19:54:46

***********************************************************

 Cron execution started at :2021-03-19 19:56:01 

 Total Count =>95

Total records SUCCESS: 5
(812242926,812242934,902703645,812242944,812242951) 
Total records FAIL: 8
(902703582,902703585,902703755,902703756,902703757,902703760,902703766,902703774) 
 Total records PENDING: 0
()
 Total records No Response: 82
(902703439,902703442,812242868,902703450,902703461,902703467,902703479,902703483,812242886,812242888,812242891,902703503,902703512,812242895,902703519,902703521,902703522,902703533,902703535,812242901,902703537,902703546,812242905,812242906,812242907,902703551,812242908,902703557,902703559,902703563,812242912,902703567,812242918,812242920,902703594,902703596,812242922,902703605,902703606,902703607,812242925,812242927,902703611,902703612,812242933,902703634,812242936,902703656,902703660,902703661,902703665,902703667,902703672,902703680,902703683,902703685,902703687,902703696,812242948,902703697,902703698,812242950,812242952,902703706,902703707,902703708,812242954,902703715,902703717,902703718,812242955,902703729,902703734,902703748,902703751,902703752,902703754,902703758,902703761,902703763,902703764,902703770)
 Cron execution ended at: 2021-03-19 19:59:41

***********************************************************

 Cron execution started at :2021-03-19 20:00:02 

 Total Count =>98

Total records SUCCESS: 7
(812242926,812242934,902703645,812242944,812242951,812242970,812242980) 
Total records FAIL: 3
(902703784,902703787,902703789) 
 Total records PENDING: 0
()
 Total records No Response: 87
(902703461,902703467,902703479,902703483,812242886,812242888,812242891,902703503,902703512,812242895,902703519,902703521,902703522,902703533,902703535,812242901,902703537,902703546,812242905,812242906,812242907,902703551,812242908,902703557,902703559,902703563,812242912,902703567,812242918,812242920,902703594,902703596,812242922,902703605,902703606,902703607,812242925,812242927,902703611,902703612,812242933,902703634,812242936,902703656,902703660,902703661,902703665,902703667,902703672,902703680,902703683,902703685,902703687,902703696,812242948,902703697,902703698,812242950,812242952,902703706,902703707,902703708,812242954,902703715,902703717,902703718,812242955,902703729,902703734,902703748,902703751,902703752,902703754,902703758,902703761,902703763,902703764,902703770,812242972,902703779,902703781,902703782,902703783,812242978,812242979,902703788,902703792)
 Cron execution ended at: 2021-03-19 20:03:13

***********************************************************

 Cron execution started at :2021-03-19 20:04:01 

 Total Count =>97

Total records SUCCESS: 7
(812242926,812242934,902703645,812242944,812242951,812242970,812242980) 
Total records FAIL: 2
(812242918,902703611) 
 Total records PENDING: 0
()
 Total records No Response: 88
(902703479,902703483,812242886,812242888,812242891,902703503,902703512,812242895,902703519,902703521,902703522,902703533,902703535,812242901,902703537,902703546,812242905,812242906,812242907,902703551,812242908,902703557,902703559,902703563,812242912,902703567,812242920,902703594,902703596,812242922,902703605,902703606,902703607,812242925,812242927,902703612,812242933,902703634,812242936,902703656,902703660,902703661,902703665,902703667,902703672,902703680,902703683,902703685,902703687,902703696,812242948,902703697,902703698,812242950,812242952,902703706,902703707,902703708,812242954,902703715,902703717,902703718,812242955,902703729,902703734,902703748,902703751,902703752,902703754,902703758,902703761,902703763,902703764,902703770,812242972,902703779,902703781,902703782,902703783,812242978,812242979,902703788,902703792,902703798,902703801,902703803,902703807,902703809)
 Cron execution ended at: 2021-03-19 20:07:13

***********************************************************

 Cron execution started at :2021-03-19 20:08:02 

 Total Count =>96

Total records SUCCESS: 3
(902703645,812242970,812242980) 
Total records FAIL: 5
(812242936,902703817,902703819,812242991,902703825) 
 Total records PENDING: 0
()
 Total records No Response: 88
(812242886,812242888,812242891,902703503,902703512,812242895,902703519,902703521,902703522,902703533,902703535,812242901,902703537,902703546,812242905,812242906,812242907,902703551,812242908,902703557,902703559,902703563,812242912,902703567,812242920,902703594,902703596,812242922,902703605,902703606,902703607,812242925,812242927,902703612,812242933,902703634,902703656,902703660,902703661,902703665,902703667,902703672,902703680,902703683,902703685,902703687,902703696,812242948,902703697,902703698,812242950,812242952,902703706,902703707,902703708,812242954,902703715,902703717,902703718,812242955,902703729,902703734,902703748,902703751,902703752,902703754,902703758,902703761,902703763,902703764,902703770,812242972,902703779,902703781,902703782,902703783,812242978,812242979,902703788,902703792,902703798,902703801,902703803,902703807,902703809,902703814,902703815,902703818)
 Cron execution ended at: 2021-03-19 20:11:26

***********************************************************

 Cron execution started at :2021-03-19 20:12:02 

 Total Count =>95

Total records SUCCESS: 4
(902703645,812242970,812242980,812242998) 
Total records FAIL: 2
(902703656,902703834) 
 Total records PENDING: 0
()
 Total records No Response: 89
(812242891,902703503,902703512,812242895,902703519,902703521,902703522,902703533,902703535,812242901,902703537,902703546,812242905,812242906,812242907,902703551,812242908,902703557,902703559,902703563,812242912,902703567,812242920,902703594,902703596,812242922,902703605,902703606,902703607,812242925,812242927,902703612,812242933,902703634,902703660,902703661,902703665,902703667,902703672,902703680,902703683,902703685,902703687,902703696,812242948,902703697,902703698,812242950,812242952,902703706,902703707,902703708,812242954,902703715,902703717,902703718,812242955,902703729,902703734,902703748,902703751,902703752,902703754,902703758,902703761,902703763,902703764,902703770,812242972,902703779,902703781,902703782,902703783,812242978,812242979,902703788,902703792,902703798,902703801,902703803,902703807,902703809,902703814,902703815,902703818,902703829,902703830,902703832,902703837)
 Cron execution ended at: 2021-03-19 20:15:16

***********************************************************

 Cron execution started at :2021-03-19 20:16:02 

 Total Count =>99

Total records SUCCESS: 4
(902703645,812242970,812242980,812242998) 
Total records FAIL: 6
(902703672,902703683,812243002,902703851,902703855,902703856) 
 Total records PENDING: 0
()
 Total records No Response: 89
(902703512,812242895,902703519,902703521,902703522,902703533,902703535,812242901,902703537,902703546,812242905,812242906,812242907,902703551,812242908,902703557,902703559,902703563,812242912,902703567,812242920,902703594,902703596,812242922,902703605,902703606,902703607,812242925,812242927,902703612,812242933,902703634,902703660,902703661,902703665,902703667,902703680,902703685,902703687,902703696,812242948,902703697,902703698,812242950,812242952,902703706,902703707,902703708,812242954,902703715,902703717,902703718,812242955,902703729,902703734,902703748,902703751,902703752,902703754,902703758,902703761,902703763,902703764,902703770,812242972,902703779,902703781,902703782,902703783,812242978,812242979,902703788,902703792,902703798,902703801,902703803,902703807,902703809,902703814,902703815,902703818,902703829,902703830,902703832,902703837,902703842,902703848,812243003,902703860)
 Cron execution ended at: 2021-03-19 20:19:44

***********************************************************

 Cron execution started at :2021-03-19 20:20:02 

 Total Count =>94

Total records SUCCESS: 5
(902703645,812242970,812242980,812242998,812243011) 
Total records FAIL: 4
(902703871,902703873,902703874,902703881) 
 Total records PENDING: 0
()
 Total records No Response: 85
(902703533,902703535,812242901,902703537,902703546,812242905,812242906,812242907,902703551,812242908,902703557,902703559,902703563,812242912,902703567,812242920,902703594,902703596,812242922,902703605,902703606,902703607,812242925,812242927,902703612,812242933,902703634,902703660,902703661,902703665,902703667,902703680,902703687,812242948,902703697,902703698,812242950,812242952,902703706,902703707,902703708,812242954,902703715,902703717,902703718,812242955,902703729,902703734,902703748,902703751,902703752,902703754,902703758,902703761,902703763,902703764,902703770,812242972,902703779,902703781,902703782,902703783,812242978,812242979,902703788,902703792,902703798,902703801,902703803,902703807,902703809,902703814,902703815,902703818,902703829,902703830,902703832,902703837,902703842,902703848,812243003,902703860,902703867,902703876,902703879)
 Cron execution ended at: 2021-03-19 20:23:26

***********************************************************

 Cron execution started at :2021-03-19 20:24:01 

 Total Count =>91

Total records SUCCESS: 5
(902703645,812242970,812242980,812242998,812243011) 
Total records FAIL: 2
(902703707,902703718) 
 Total records PENDING: 0
()
 Total records No Response: 84
(902703546,812242905,812242906,812242907,902703551,812242908,902703557,902703559,902703563,812242912,902703567,812242920,902703594,902703596,812242922,902703605,902703606,902703607,812242925,812242927,902703612,812242933,902703634,902703660,902703661,902703665,902703667,902703680,902703687,812242948,902703697,902703698,812242950,812242952,902703706,902703708,812242954,902703715,902703717,812242955,902703729,902703734,902703748,902703751,902703752,902703754,902703758,902703761,902703763,902703764,902703770,812242972,902703779,902703781,902703782,902703783,812242978,812242979,902703788,902703792,902703798,902703801,902703803,902703807,902703809,902703814,902703815,902703818,902703829,902703830,902703832,902703837,902703842,902703848,812243003,902703860,902703867,902703876,902703879,902703889,812243016,902703894,902703895,902703896)
 Cron execution ended at: 2021-03-19 20:26:50

***********************************************************

 Cron execution started at :2021-03-19 20:28:02 

 Total Count =>86

Total records SUCCESS: 6
(902703645,812242970,812242980,812242998,812243011,812243024) 
Total records FAIL: 0
() 
 Total records PENDING: 0
()
 Total records No Response: 80
(902703557,902703559,902703563,812242912,902703567,812242920,902703594,902703596,812242922,902703605,902703606,902703607,812242925,812242927,902703612,812242933,902703634,902703660,902703661,902703665,902703667,902703680,902703687,812242948,902703697,902703698,812242950,812242952,902703706,902703708,812242954,902703715,902703717,812242955,902703729,902703748,902703751,902703752,902703754,902703758,902703761,902703763,902703764,902703770,812242972,902703779,902703781,902703782,902703783,812242978,812242979,902703788,902703792,902703798,902703801,902703803,902703807,902703809,902703814,902703815,902703818,902703829,902703830,902703832,902703837,902703842,902703848,812243003,902703860,902703867,902703876,902703879,902703889,812243016,902703894,902703895,902703896,902703898,902703900,902703903)
 Cron execution ended at: 2021-03-19 20:30:34

***********************************************************

 Cron execution started at :2021-03-19 20:32:02 

 Total Count =>90

Total records SUCCESS: 6
(902703645,812242970,812242980,812242998,812243011,812243024) 
Total records FAIL: 4
(902703748,902703751,902703761,902703927) 
 Total records PENDING: 0
()
 Total records No Response: 79
(812242920,902703594,902703596,812242922,902703605,902703606,902703607,812242925,812242927,902703612,812242933,902703634,902703660,902703661,902703665,902703667,902703680,902703687,812242948,902703697,902703698,812242950,812242952,902703706,902703708,812242954,902703715,902703717,812242955,902703729,902703752,902703754,902703758,902703763,902703764,902703770,812242972,902703779,902703781,902703782,902703783,812242978,812242979,902703788,902703792,902703798,902703801,902703803,902703807,902703809,902703814,902703815,902703818,902703829,902703830,902703832,902703837,902703842,902703848,812243003,902703860,902703867,902703876,902703879,902703889,812243016,902703894,902703895,902703896,902703898,902703900,902703903,902703917,812243030,812243031,902703930,902703935,902703936,902703937)
 Cron execution ended at: 2021-03-19 20:35:10

***********************************************************

 Cron execution started at :2021-03-19 20:36:01 

 Total Count =>96

Total records SUCCESS: 6
(902703645,812242970,812242980,812242998,812243011,812243024) 
Total records FAIL: 3
(902703770,902703950,902703954) 
 Total records PENDING: 0
()
 Total records No Response: 86
(812242920,902703594,902703596,812242922,902703605,902703606,902703607,812242925,812242927,902703612,812242933,902703634,902703660,902703661,902703665,902703667,902703680,902703687,812242948,902703697,902703698,812242950,812242952,902703706,902703708,812242954,902703715,902703717,812242955,902703729,902703752,902703754,902703758,902703763,812242972,902703779,902703781,902703782,902703783,812242978,812242979,902703788,902703792,902703798,902703801,902703803,902703807,902703809,902703814,902703815,902703818,902703829,902703830,902703832,902703837,902703842,902703848,812243003,902703860,902703867,902703876,902703879,902703889,812243016,902703894,902703895,902703896,902703898,902703900,902703903,902703917,812243030,812243031,902703930,902703935,902703936,902703937,902703940,902703943,902703947,902703948,812243041,902703951,812243043,812243044,812243045)
 Cron execution ended at: 2021-03-19 20:38:46

***********************************************************

 Cron execution started at :2021-03-19 20:40:02 

 Total Count =>92

Total records SUCCESS: 6
(902703645,812242970,812242980,812242998,812243011,812243024) 
Total records FAIL: 2
(812243049,902703978) 
 Total records PENDING: 0
()
 Total records No Response: 84
(902703605,902703606,902703607,812242925,812242927,902703612,812242933,902703634,902703660,902703661,902703665,902703667,902703680,902703687,812242948,902703697,902703698,812242950,812242952,902703706,902703708,812242954,902703715,902703717,812242955,902703729,902703752,902703754,902703758,902703763,812242972,902703779,902703781,902703782,902703783,812242979,902703792,902703798,902703801,902703803,902703807,902703809,902703814,902703815,902703818,902703829,902703830,902703832,902703837,902703842,902703848,812243003,902703860,902703867,902703876,902703879,902703889,812243016,902703894,902703895,902703896,902703898,902703900,902703903,902703917,812243030,812243031,902703930,902703935,902703936,902703937,902703940,902703943,902703947,902703948,812243041,902703951,812243043,812243044,812243045,812243047,902703970,902703974,902703982)
 Cron execution ended at: 2021-03-19 20:42:21

***********************************************************

 Cron execution started at :2021-03-19 20:44:01 

 Total Count =>85

Total records SUCCESS: 2
(902703645,812243024) 
Total records FAIL: 1
(812243057) 
 Total records PENDING: 0
()
 Total records No Response: 82
(812242933,902703634,902703660,902703661,902703665,902703667,902703680,902703687,812242948,902703697,902703698,812242950,812242952,902703706,902703708,812242954,902703715,902703717,812242955,902703729,902703752,902703754,902703758,902703763,812242972,902703779,902703781,902703782,902703783,812242979,902703792,902703801,902703807,902703809,902703814,902703815,902703818,902703829,902703830,902703832,902703837,902703842,902703848,812243003,902703860,902703867,902703876,902703879,902703889,812243016,902703894,902703895,902703896,902703898,902703900,902703903,902703917,812243030,812243031,902703930,902703935,902703936,902703937,902703940,902703943,902703947,902703948,812243041,902703951,812243043,812243044,812243045,812243047,902703970,902703974,902703982,902703986,902703991,902703993,902703994,902703996,902703997)
 Cron execution ended at: 2021-03-19 20:46:02

***********************************************************

 Cron execution started at :2021-03-19 20:48:02 

 Total Count =>93

Total records SUCCESS: 2
(902703645,812243024) 
Total records FAIL: 2
(902704022,812243071) 
 Total records PENDING: 0
()
 Total records No Response: 89
(902703660,902703661,902703665,902703667,902703680,902703687,812242948,902703697,902703698,812242950,812242952,902703706,902703708,812242954,902703715,902703717,812242955,902703729,902703752,902703754,902703758,902703763,812242972,902703779,902703781,902703782,902703783,812242979,902703792,902703801,902703807,902703809,902703814,902703815,902703818,902703829,902703830,902703832,902703837,902703842,902703848,812243003,902703860,902703867,902703876,902703879,902703889,812243016,902703894,902703895,902703896,902703898,902703900,902703903,902703917,812243030,812243031,902703930,902703935,902703936,902703937,902703940,902703943,902703947,902703948,812243041,902703951,812243043,812243044,812243045,812243047,902703970,902703974,902703982,902703986,902703991,902703993,902703994,902703996,902703997,902704002,902704007,812243061,902704010,812243067,812243068,902704016,902704018,902704021)
 Cron execution ended at: 2021-03-19 20:50:40

***********************************************************

 Cron execution started at :2021-03-19 20:52:01 

 Total Count =>103

Total records SUCCESS: 1
(812243024) 
Total records FAIL: 7
(902703848,902704039,902704041,812243077,812243079,902704048,902704051) 
 Total records PENDING: 0
()
 Total records No Response: 93
(902703660,902703661,902703665,902703667,902703680,902703687,812242948,902703697,902703698,812242950,812242952,902703706,902703708,812242954,902703715,902703717,812242955,902703729,902703752,902703754,902703758,902703763,812242972,902703779,902703781,902703782,902703783,812242979,902703792,902703801,902703807,902703809,902703814,902703815,902703818,902703829,902703830,902703832,812243003,902703860,902703867,902703876,902703879,902703889,812243016,902703894,902703895,902703896,902703898,902703900,902703903,902703917,812243030,812243031,902703930,902703935,902703936,902703937,902703940,902703943,902703947,902703948,812243041,902703951,812243043,812243044,812243045,812243047,902703970,902703974,902703982,902703986,902703991,902703993,902703994,902703996,902703997,902704002,902704007,812243061,902704010,812243067,812243068,902704016,902704018,902704021,902704028,902704030,902704032,902704034,902704045,902704047,902704050)
 Cron execution ended at: 2021-03-19 20:55:12

***********************************************************

 Cron execution started at :2021-03-19 20:56:01 

 Total Count =>100

Total records SUCCESS: 2
(812243024,812243082) 
Total records FAIL: 6
(902704060,812243084,902704068,902704074,812243086,902704077) 
 Total records PENDING: 0
()
 Total records No Response: 92
(902703687,812242948,902703697,902703698,812242950,812242952,902703706,902703708,812242954,902703715,902703717,812242955,902703729,902703752,902703754,902703758,902703763,812242972,902703779,902703781,902703782,902703783,812242979,902703792,902703801,902703807,902703809,902703814,902703815,902703818,902703829,902703830,902703832,812243003,902703860,902703867,902703876,902703879,902703889,812243016,902703894,902703895,902703896,902703898,902703900,902703903,902703917,812243030,812243031,902703930,902703935,902703936,902703937,902703940,902703943,902703947,902703948,812243041,902703951,812243043,812243044,812243045,812243047,902703970,902703974,902703982,902703986,902703991,902703993,902703994,902703996,902703997,902704002,902704007,812243061,902704010,812243067,812243068,902704016,902704018,902704021,902704028,902704030,902704032,902704034,902704045,902704047,902704050,902704055,902704061,812243083,902704071)
 Cron execution ended at: 2021-03-19 20:58:54

***********************************************************

 Cron execution started at :2021-03-19 21:00:01 

 Total Count =>99

Total records SUCCESS: 2
(812243024,812243082) 
Total records FAIL: 3
(902704089,812243089,812243091) 
 Total records PENDING: 0
()
 Total records No Response: 94
(812242950,812242952,902703706,902703708,812242954,902703715,902703717,812242955,902703729,902703752,902703754,902703758,902703763,812242972,902703779,902703781,902703782,902703783,812242979,902703792,902703801,902703807,902703809,902703814,902703815,902703818,902703829,902703830,902703832,812243003,902703860,902703867,902703879,902703889,812243016,902703894,902703895,902703896,902703898,902703900,902703903,902703917,812243030,812243031,902703930,902703935,902703936,902703937,902703940,902703943,902703947,902703948,812243041,902703951,812243043,812243044,812243045,812243047,902703970,902703974,902703982,902703986,902703991,902703993,902703994,902703996,902703997,902704002,902704007,812243061,902704010,812243067,812243068,902704016,902704018,902704021,902704028,902704030,902704032,902704034,902704045,902704047,902704050,902704055,902704061,812243083,902704071,902704078,902704081,902704088,902704091,812243090,902704094,902704095)
 Cron execution ended at: 2021-03-19 21:02:48

***********************************************************

 Cron execution started at :2021-03-19 21:04:01 

 Total Count =>102

Total records SUCCESS: 2
(812243024,812243082) 
Total records FAIL: 8
(812243094,902704103,902704105,902704106,902704109,902704111,812243097,812243101) 
 Total records PENDING: 0
()
 Total records No Response: 92
(812242954,902703715,902703717,812242955,902703729,902703752,902703754,902703758,902703763,812242972,902703779,902703781,902703782,902703783,812242979,902703792,902703801,902703807,902703809,902703814,902703815,902703818,902703829,902703830,902703832,812243003,902703860,902703867,902703879,902703889,812243016,902703894,902703895,902703896,902703898,902703900,902703903,902703917,812243030,812243031,902703930,902703935,902703936,902703937,902703940,902703943,902703947,902703948,812243041,902703951,812243043,812243044,812243045,812243047,902703970,902703974,902703982,902703986,902703991,902703993,902703994,902703996,902703997,902704002,902704007,812243061,902704010,812243067,812243068,902704016,902704018,902704021,902704028,902704030,902704032,902704034,902704045,902704047,902704050,902704055,902704061,812243083,902704071,902704078,902704081,902704088,902704091,812243090,902704094,902704095,902704097,902704113)
 Cron execution ended at: 2021-03-19 21:07:25

***********************************************************

 Cron execution started at :2021-03-19 21:08:02 

 Total Count =>107

Total records SUCCESS: 2
(812243024,812243082) 
Total records FAIL: 13
(902703903,812243030,902704123,902704131,902704139,812243105,812243106,902704143,812243107,902704144,902704145,812243110,902704149) 
 Total records PENDING: 0
()
 Total records No Response: 91
(902703752,902703754,902703758,902703763,812242972,902703779,902703781,902703782,902703783,812242979,902703792,902703801,902703807,902703809,902703814,902703815,902703818,902703829,902703830,902703832,812243003,902703860,902703867,902703879,902703889,812243016,902703894,902703895,902703896,902703898,902703900,902703917,812243031,902703930,902703935,902703936,902703937,902703940,902703943,902703947,902703948,812243041,902703951,812243043,812243044,812243045,812243047,902703970,902703974,902703982,902703986,902703991,902703993,902703994,902703996,902703997,902704002,902704007,812243061,902704010,812243067,812243068,902704016,902704018,902704021,902704028,902704030,902704032,902704034,902704045,902704047,902704050,902704055,902704061,812243083,902704071,902704078,902704081,902704088,902704091,812243090,902704094,902704095,902704097,902704113,902704118,902704130,902704136,902704137,812243104,902704146)
 Cron execution ended at: 2021-03-19 21:12:09

***********************************************************

 Cron execution started at :2021-03-19 21:14:02 

 Total Count =>102

Total records SUCCESS: 3
(812243024,812243082,812243122) 
Total records FAIL: 3
(902703937,902704171,902704183) 
 Total records PENDING: 0
()
 Total records No Response: 95
(902703763,812242972,902703779,902703781,902703782,902703783,812242979,902703792,902703801,902703807,902703809,902703814,902703815,902703818,902703829,902703830,902703832,812243003,902703860,902703867,902703879,902703889,812243016,902703894,902703895,902703896,902703898,902703900,902703917,902703930,902703935,902703936,902703943,902703947,902703948,812243041,902703951,812243043,812243044,812243045,812243047,902703970,902703974,902703982,902703986,902703991,902703993,902703994,902703996,902703997,902704002,902704007,812243061,902704010,812243067,812243068,902704016,902704018,902704021,902704028,902704030,902704032,902704034,902704045,902704047,902704050,902704055,902704061,812243083,902704071,902704078,902704081,902704088,902704091,812243090,902704094,902704095,902704097,902704113,902704118,902704130,902704136,902704137,812243104,902704146,812243112,902704152,812243116,902704156,812243119,812243121,902704169,902704176,902704179,812243128)
 Cron execution ended at: 2021-03-19 21:17:11

***********************************************************

 Cron execution started at :2021-03-19 21:18:01 

 Total Count =>99

Total records SUCCESS: 2
(812243024,812243122) 
Total records FAIL: 5
(812243044,902703970,812243133,812243134,812243135) 
 Total records PENDING: 0
()
 Total records No Response: 90
(812242979,902703792,902703801,902703807,902703809,902703814,902703815,902703818,902703829,902703830,902703832,812243003,902703860,902703867,902703879,902703889,812243016,902703894,902703895,902703896,902703898,902703900,902703917,902703930,902703935,902703936,902703943,902703947,902703948,812243041,902703951,812243043,812243045,812243047,902703974,902703982,902703986,902703991,902703993,902703994,902703996,902703997,902704002,902704007,812243061,902704010,812243067,812243068,902704016,902704018,902704021,902704028,902704030,902704032,902704034,902704045,902704047,902704050,902704055,902704061,812243083,902704071,902704078,902704081,902704088,902704091,812243090,902704094,902704095,902704097,902704113,902704118,902704130,902704136,902704137,812243104,902704146,812243112,902704152,812243116,902704156,812243119,812243121,902704169,902704176,902704179,812243128,902704198,812243136,902704203)
 Cron execution ended at: 2021-03-19 21:20:50

***********************************************************

 Cron execution started at :2021-03-19 21:22:02 

 Total Count =>97

Total records SUCCESS: 1
(812243122) 
Total records FAIL: 3
(902704216,902704217,812243145) 
 Total records PENDING: 0
()
 Total records No Response: 93
(902703801,902703807,902703809,902703814,902703815,902703818,902703829,902703830,902703832,812243003,902703860,902703867,902703879,902703889,812243016,902703894,902703895,902703896,902703898,902703900,902703917,902703930,902703935,902703936,902703943,902703947,902703948,812243041,902703951,812243043,812243045,812243047,902703974,902703982,902703986,902703991,902703993,902703994,902703996,902703997,902704002,902704007,812243061,902704010,812243067,812243068,902704016,902704018,902704021,902704028,902704030,902704032,902704034,902704045,902704047,902704050,902704055,902704061,812243083,902704071,902704078,902704081,902704088,902704091,812243090,902704094,902704095,902704097,902704113,902704118,902704130,902704136,902704137,812243104,902704146,812243112,902704152,812243116,902704156,812243119,812243121,902704169,902704176,902704179,812243128,902704198,812243136,902704203,902704210,902704215,902704218,902704219,902704220)
 Cron execution ended at: 2021-03-19 21:25:11

***********************************************************

 Cron execution started at :2021-03-19 21:26:01 

 Total Count =>92

Total records SUCCESS: 1
(812243122) 
Total records FAIL: 2
(902704237,812243151) 
 Total records PENDING: 0
()
 Total records No Response: 89
(902703829,902703830,902703832,812243003,902703860,902703867,902703879,902703889,812243016,902703894,902703895,902703896,902703898,902703900,902703917,902703930,902703935,902703936,902703943,902703947,902703948,812243041,902703951,812243043,812243045,812243047,902703974,902703982,902703986,902703991,902703993,902703994,902703997,902704002,902704007,812243061,902704010,812243067,812243068,902704016,902704018,902704021,902704028,902704030,902704032,902704034,902704045,902704047,902704050,902704055,902704061,812243083,902704071,902704078,902704081,902704088,902704091,812243090,902704094,902704095,902704097,902704113,902704118,902704130,902704136,902704137,812243104,902704146,812243112,902704152,812243116,902704156,812243119,812243121,902704169,902704176,902704179,812243128,902704198,812243136,902704203,902704210,902704215,902704218,902704219,902704220,902704232,812243149,902704236)
 Cron execution ended at: 2021-03-19 21:29:00

***********************************************************

 Cron execution started at :2021-03-19 21:30:02 

 Total Count =>94

Total records SUCCESS: 1
(812243122) 
Total records FAIL: 3
(902704016,902704050,812243155) 
 Total records PENDING: 0
()
 Total records No Response: 88
(902703832,812243003,902703860,902703867,902703879,902703889,812243016,902703894,902703895,902703896,902703898,902703900,902703917,902703930,902703935,902703936,902703943,902703947,902703948,812243041,902703951,812243043,812243045,812243047,902703974,902703982,902703986,902703991,902703993,902703994,902703997,902704002,902704007,812243061,902704010,812243067,812243068,902704028,902704030,902704032,902704034,902704045,902704047,902704055,902704061,812243083,902704071,902704078,902704081,902704088,902704091,812243090,902704094,902704095,902704097,902704113,902704118,902704130,902704136,902704137,812243104,902704146,812243112,902704152,812243116,902704156,812243119,812243121,902704169,902704176,902704179,812243128,902704198,812243136,902704203,902704210,902704215,902704218,902704219,902704220,902704232,812243149,902704236,812243152,902704246,902704248,812243156,902704257)
 Cron execution ended at: 2021-03-19 21:33:22

***********************************************************

 Cron execution started at :2021-03-19 21:34:01 

 Total Count =>91

Total records SUCCESS: 1
(812243122) 
Total records FAIL: 1
(902704274) 
 Total records PENDING: 0
()
 Total records No Response: 89
(902703860,902703867,902703879,902703889,812243016,902703894,902703895,902703896,902703898,902703900,902703917,902703930,902703935,902703936,902703943,902703947,902703948,812243041,902703951,812243043,812243045,812243047,902703974,902703982,902703986,902703991,902703993,902703994,902703997,902704002,902704007,812243061,902704010,812243067,812243068,902704028,902704030,902704032,902704034,902704045,902704047,902704055,902704061,902704078,902704081,902704088,902704091,812243090,902704094,902704095,902704097,902704113,902704118,902704130,902704136,902704137,812243104,902704146,812243112,902704152,812243116,902704156,812243119,812243121,902704169,902704176,902704179,812243128,902704198,812243136,902704203,902704210,902704215,902704218,902704219,902704220,902704232,812243149,902704236,812243152,902704246,902704248,812243156,902704257,812243159,902704265,902704266,902704277,902704279)
 Cron execution ended at: 2021-03-19 21:36:27

***********************************************************

 Cron execution started at :2021-03-19 21:38:01 

 Total Count =>105

Total records SUCCESS: 1
(812243122) 
Total records FAIL: 11
(902704088,812243090,902704095,902704300,812243168,902704306,812243169,902704309,812243170,902704312,902704315) 
 Total records PENDING: 0
()
 Total records No Response: 92
(902703879,902703889,812243016,902703894,902703895,902703896,902703898,902703900,902703917,902703930,902703935,902703936,902703943,902703947,902703948,812243041,902703951,812243043,812243045,812243047,902703974,902703982,902703986,902703991,902703993,902703994,902703997,902704002,902704007,812243061,902704010,812243067,812243068,902704028,902704030,902704032,902704034,902704045,902704047,902704055,902704061,902704081,902704091,902704094,902704097,902704113,902704118,902704130,902704136,902704137,812243104,902704146,812243112,902704152,812243116,902704156,812243119,812243121,902704169,902704176,902704179,812243128,902704198,812243136,902704203,902704210,902704215,902704218,902704219,902704220,902704232,812243149,902704236,812243152,902704246,902704248,812243156,902704257,812243159,902704265,902704266,902704277,902704279,902704283,812243164,902704290,902704291,902704295,902704296,902704299,902704305,902704307)
 Cron execution ended at: 2021-03-19 21:41:34

***********************************************************

 Cron execution started at :2021-03-19 21:42:01 

 Total Count =>93

Total records SUCCESS: 2
(812243122,812243177) 
Total records FAIL: 1
(902704118) 
 Total records PENDING: 0
()
 Total records No Response: 89
(902703894,902703895,902703896,902703898,902703900,902703917,902703930,902703935,902703936,902703943,902703947,902703948,812243041,902703951,812243043,812243045,812243047,902703974,902703982,902703986,902703991,902703993,902703994,902703997,902704002,902704007,812243061,902704010,812243067,812243068,902704028,902704030,902704032,902704034,902704045,902704047,902704055,902704061,902704081,902704091,902704094,902704097,902704113,902704130,902704136,902704137,812243104,902704146,812243112,902704152,812243116,902704156,812243119,812243121,902704169,902704176,902704179,812243128,902704198,812243136,902704203,902704210,902704215,902704218,902704219,902704220,902704232,812243149,902704236,812243152,902704246,902704248,812243156,902704257,812243159,902704265,902704266,902704277,902704279,902704283,812243164,902704290,902704291,902704295,902704296,902704299,902704305,902704307,902704319)
 Cron execution ended at: 2021-03-19 21:44:31

***********************************************************

 Cron execution started at :2021-03-19 21:46:01 

 Total Count =>98

Total records SUCCESS: 3
(812243122,812243177,812243189) 
Total records FAIL: 7
(812243184,812243185,902704352,902704357,902704359,812243188,902704367) 
 Total records PENDING: 0
()
 Total records No Response: 88
(902703917,902703930,902703935,902703936,902703943,902703947,902703948,812243041,902703951,812243043,812243045,812243047,902703974,902703982,902703986,902703991,902703993,902703994,902703997,902704002,902704007,812243061,902704010,812243067,812243068,902704028,902704030,902704032,902704034,902704045,902704047,902704055,902704061,902704081,902704091,902704094,902704097,902704113,902704130,902704136,812243104,902704146,812243112,902704152,812243116,902704156,812243119,812243121,902704169,902704176,902704179,812243128,902704198,812243136,902704203,902704210,902704215,902704218,902704219,902704220,902704232,812243149,902704236,812243152,902704246,902704248,812243156,902704257,812243159,902704265,902704266,902704277,902704279,902704283,812243164,902704290,902704291,902704295,902704296,902704299,902704305,902704307,902704319,902704335,902704343,902704349,902704361,902704371)
 Cron execution ended at: 2021-03-19 21:49:02

***********************************************************

 Cron execution started at :2021-03-19 21:50:01 

 Total Count =>105

Total records SUCCESS: 3
(812243122,812243177,812243189) 
Total records FAIL: 9
(812243112,812243121,902704384,812243192,902704386,812243195,902704395,902704399,902704401) 
 Total records PENDING: 0
()
 Total records No Response: 93
(902703930,902703935,902703936,902703943,902703947,902703948,812243041,902703951,812243043,812243045,812243047,902703974,902703982,902703986,902703991,902703993,902703994,902703997,902704002,902704007,812243061,902704010,812243067,812243068,902704028,902704030,902704032,902704034,902704045,902704047,902704055,902704061,902704081,902704091,902704094,902704097,902704113,902704130,902704136,812243104,902704146,902704152,812243116,902704156,812243119,902704169,902704176,902704179,812243128,902704198,812243136,902704203,902704210,902704215,902704218,902704219,902704220,902704232,812243149,902704236,812243152,902704246,902704248,812243156,902704257,812243159,902704265,902704266,902704277,902704279,902704283,812243164,902704290,902704291,902704295,902704296,902704299,902704305,902704307,902704319,902704335,902704343,902704349,902704361,902704371,902704377,902704378,812243193,812243194,902704390,902704392,902704394,812243196)
 Cron execution ended at: 2021-03-19 21:53:31

***********************************************************

 Cron execution started at :2021-03-19 21:54:02 

 Total Count =>101

Total records SUCCESS: 2
(812243122,812243189) 
Total records FAIL: 6
(902704426,902704431,812243201,902704435,902704437,812243203) 
 Total records PENDING: 0
()
 Total records No Response: 92
(812243041,902703951,812243043,812243045,812243047,902703974,902703982,902703986,902703991,902703993,902703994,902703997,902704002,902704007,812243061,902704010,812243067,812243068,902704028,902704030,902704032,902704034,902704045,902704047,902704055,902704061,902704081,902704091,902704094,902704097,902704113,902704130,902704136,812243104,902704146,902704152,812243116,902704156,812243119,902704169,902704176,902704179,812243128,902704198,812243136,902704203,902704210,902704215,902704218,902704219,902704220,902704232,812243149,902704236,812243152,902704246,902704248,812243156,902704257,812243159,902704265,902704266,902704277,902704279,902704283,812243164,902704290,902704291,902704295,902704296,902704299,902704305,902704307,902704319,902704335,902704343,902704349,902704361,902704371,902704377,902704378,812243193,812243194,902704390,902704392,902704394,812243196,902704415,812243197,902704418,812243200,902704425)
 Cron execution ended at: 2021-03-19 21:57:21

***********************************************************

 Cron execution started at :2021-03-19 21:58:02 

 Total Count =>94

Total records SUCCESS: 1
(812243189) 
Total records FAIL: 4
(902704464,812243207,902704468,812243208) 
 Total records PENDING: 0
()
 Total records No Response: 88
(902703982,902703986,902703991,902703993,902703994,902703997,902704002,902704007,812243061,902704010,812243067,812243068,902704028,902704030,902704032,902704034,902704045,902704047,902704055,902704061,902704081,902704091,902704094,902704097,902704113,902704130,902704136,812243104,902704146,902704152,812243116,902704156,812243119,902704169,902704176,902704179,902704198,812243136,902704210,902704215,902704218,902704219,902704220,902704232,812243149,902704236,812243152,902704246,902704248,812243156,902704257,812243159,902704265,902704266,902704277,902704279,902704283,812243164,902704290,902704291,902704295,902704296,902704299,902704305,902704307,902704319,902704335,902704343,902704349,902704361,902704371,902704377,902704378,812243193,812243194,902704390,902704392,902704394,812243196,902704415,812243197,902704418,812243200,902704425,902704441,902704448,902704458,902704466)
 Cron execution ended at: 2021-03-19 22:01:17

***********************************************************

 Cron execution started at :2021-03-19 22:02:02 

 Total Count =>94

Total records SUCCESS: 1
(812243189) 
Total records FAIL: 8
(902704218,902704219,902704220,902704232,902704494,902704496,812243215,902704499) 
 Total records PENDING: 0
()
 Total records No Response: 85
(902703997,902704002,902704007,812243061,902704010,812243067,812243068,902704028,902704030,902704032,902704034,902704045,902704047,902704055,902704061,902704081,902704091,902704094,902704097,902704113,902704130,902704136,812243104,902704146,902704152,812243116,902704156,812243119,902704169,902704176,902704179,902704198,812243136,902704210,902704215,812243149,902704236,812243152,902704246,902704248,812243156,902704257,812243159,902704265,902704266,902704277,902704279,902704283,812243164,902704290,902704291,902704295,902704296,902704299,902704305,902704307,902704319,902704335,902704343,902704349,902704361,902704371,902704377,902704378,812243193,812243194,902704390,902704392,902704394,812243196,902704415,812243197,902704418,812243200,902704425,902704441,902704448,902704458,902704466,902704473,902704478,812243212,902704485,902704492,902704498)
 Cron execution ended at: 2021-03-19 22:05:26

***********************************************************

 Cron execution started at :2021-03-19 22:06:02 

 Total Count =>94

Total records SUCCESS: 1
(812243189) 
Total records FAIL: 6
(902704248,902704523,902704526,902704527,902704528,902704529) 
 Total records PENDING: 0
()
 Total records No Response: 84
(812243067,812243068,902704028,902704030,902704032,902704034,902704045,902704047,902704055,902704061,902704081,902704091,902704094,902704097,902704113,902704130,902704136,812243104,902704146,902704152,812243116,902704156,812243119,902704169,902704176,902704179,902704198,812243136,902704210,902704215,902704236,812243152,902704246,812243156,902704257,812243159,902704265,902704266,902704277,902704279,902704283,812243164,902704290,902704291,902704295,902704296,902704299,902704305,902704307,902704319,902704335,902704343,902704349,902704361,902704371,902704377,902704378,812243193,812243194,902704390,902704392,902704394,812243196,902704415,812243197,902704418,812243200,902704425,902704441,902704448,902704458,902704466,902704473,902704478,812243212,902704485,902704492,902704498,812243217,812243219,902704515,902704517,902704521,902704535)
 Cron execution ended at: 2021-03-19 22:09:56

***********************************************************

 Cron execution started at :2021-03-19 22:10:02 

 Total Count =>87

Total records SUCCESS: 2
(812243189,812243224) 
Total records FAIL: 4
(812243159,902704543,902704547,812243223) 
 Total records PENDING: 0
()
 Total records No Response: 80
(902704045,902704047,902704055,902704061,902704081,902704091,902704094,902704097,902704113,902704130,902704136,812243104,902704146,902704152,812243116,902704156,812243119,902704169,902704176,902704179,902704198,812243136,902704210,902704215,902704236,812243152,902704246,812243156,902704257,902704265,902704266,902704277,902704279,902704283,812243164,902704290,902704291,902704295,902704296,902704299,902704305,902704307,902704319,902704335,902704343,902704349,902704361,902704371,902704377,902704378,812243193,812243194,902704390,902704392,902704394,812243196,902704415,812243197,902704418,812243200,902704425,902704441,902704448,902704458,902704466,902704473,902704478,812243212,902704485,902704492,902704498,812243217,812243219,902704515,902704517,902704521,902704535,902704553,902704554,902704557)
 Cron execution ended at: 2021-03-19 22:13:05

***********************************************************

 Cron execution started at :2021-03-19 22:14:02 

 Total Count =>85

Total records SUCCESS: 2
(812243189,812243224) 
Total records FAIL: 6
(902704283,812243164,902704291,902704572,902704574,902704575) 
 Total records PENDING: 0
()
 Total records No Response: 77
(902704081,902704091,902704094,902704097,902704113,902704130,902704136,812243104,902704146,902704152,812243116,902704156,812243119,902704169,902704176,902704179,902704198,812243136,902704210,902704215,902704236,812243152,902704246,812243156,902704257,902704265,902704266,902704277,902704279,902704290,902704295,902704296,902704299,902704305,902704307,902704319,902704335,902704343,902704349,902704361,902704371,902704377,902704378,812243193,812243194,902704390,902704392,902704394,812243196,902704415,812243197,902704418,812243200,902704425,902704441,902704448,902704458,902704466,902704473,902704478,812243212,902704485,902704492,902704498,812243217,812243219,902704515,902704517,902704521,902704535,902704553,902704554,902704557,902704558,902704573,902704582,902704584)
 Cron execution ended at: 2021-03-19 22:17:14

***********************************************************

 Cron execution started at :2021-03-19 22:18:02 

 Total Count =>86

Total records SUCCESS: 3
(812243189,812243224,812243238) 
Total records FAIL: 3
(812243239,902704600,902704602) 
 Total records PENDING: 0
()
 Total records No Response: 80
(902704091,902704094,902704097,902704113,902704130,902704136,812243104,902704146,902704152,812243116,902704156,812243119,902704169,902704176,902704179,902704198,812243136,902704210,902704215,902704236,812243152,902704246,812243156,902704257,902704265,902704266,902704277,902704279,902704290,902704295,902704296,902704299,902704305,902704319,902704335,902704343,902704349,902704361,902704371,902704377,902704378,812243193,812243194,902704390,902704392,902704394,812243196,902704415,812243197,902704418,812243200,902704425,902704441,902704448,902704458,902704466,902704473,902704478,812243212,902704485,902704492,902704498,812243217,812243219,902704515,902704517,902704521,902704535,902704553,902704554,902704557,902704558,902704573,902704582,902704584,812243240,902704603,812243241,812243242,902704610)
 Cron execution ended at: 2021-03-19 22:20:39

***********************************************************

 Cron execution started at :2021-03-19 22:22:02 

 Total Count =>89

Total records SUCCESS: 3
(812243189,812243224,812243238) 
Total records FAIL: 4
(902704343,902704623,902704624,902704627) 
 Total records PENDING: 0
()
 Total records No Response: 82
(902704113,902704130,902704136,812243104,902704146,902704152,812243116,902704156,812243119,902704169,902704176,902704179,902704198,812243136,902704210,902704215,902704236,812243152,902704246,812243156,902704257,902704265,902704266,902704277,902704279,902704290,902704295,902704296,902704299,902704305,902704319,902704349,902704361,902704371,902704377,902704378,812243193,812243194,902704390,902704392,902704394,812243196,902704415,812243197,902704418,812243200,902704425,902704441,902704448,902704458,902704466,902704473,902704478,812243212,902704485,902704492,902704498,812243217,812243219,902704515,902704517,902704521,902704535,902704553,902704554,902704557,902704558,902704573,902704582,902704584,812243240,902704603,812243241,812243242,902704610,812243243,902704615,902704616,902704621,812243246,902704625,812243248)
 Cron execution ended at: 2021-03-19 22:24:58

***********************************************************

 Cron execution started at :2021-03-19 22:26:02 

 Total Count =>92

Total records SUCCESS: 4
(812243189,812243224,812243238,812243254) 
Total records FAIL: 5
(902704371,902704378,902704643,902704644,812243259) 
 Total records PENDING: 0
()
 Total records No Response: 83
(902704136,812243104,902704146,902704152,812243116,902704156,812243119,902704169,902704176,902704179,902704198,812243136,902704210,902704215,902704236,812243152,902704246,812243156,902704257,902704265,902704266,902704277,902704279,902704290,902704295,902704296,902704299,902704305,902704319,902704349,902704361,902704377,812243193,812243194,902704390,902704392,902704394,812243196,902704415,812243197,902704418,812243200,902704425,902704441,902704448,902704458,902704466,902704473,902704478,812243212,902704485,902704492,902704498,812243217,812243219,902704515,902704517,902704521,902704535,902704553,902704554,902704557,902704558,902704573,902704582,902704584,812243240,902704603,812243241,812243242,902704610,812243243,902704615,902704616,902704621,812243246,902704625,812243248,902704632,902704634,812243255,902704645,902704648)
 Cron execution ended at: 2021-03-19 22:28:43

***********************************************************

 Cron execution started at :2021-03-19 22:30:01 

 Total Count =>90

Total records SUCCESS: 4
(812243189,812243224,812243238,812243254) 
Total records FAIL: 7
(812243194,902704394,812243268,902704678,902704680,902704682,32633) 
 Total records PENDING: 0
()
 Total records No Response: 79
(812243119,902704169,902704176,902704179,902704198,812243136,902704210,902704215,902704236,812243152,902704246,812243156,902704257,902704265,902704266,902704277,902704279,902704290,902704295,902704296,902704299,902704305,902704319,902704349,902704361,902704377,902704390,902704392,812243196,902704415,812243197,902704418,812243200,902704425,902704441,902704448,902704458,902704466,902704473,902704478,812243212,902704485,902704492,902704498,812243217,812243219,902704515,902704517,902704521,902704535,902704553,902704554,902704557,902704558,902704573,902704582,902704584,812243240,902704603,812243241,812243242,902704610,812243243,902704615,902704616,902704621,812243246,902704625,812243248,902704632,902704634,812243255,902704645,902704648,902704667,902704668,902704676,902704684,902704686)
 Cron execution ended at: 2021-03-19 22:32:51

***********************************************************

 Cron execution started at :2021-03-19 22:34:01 

 Total Count =>92

Total records SUCCESS: 5
(812243189,812243224,812243238,812243254,812243280) 
Total records FAIL: 4
(902704441,902704703,902704708,812243281) 
 Total records PENDING: 0
()
 Total records No Response: 83
(902704198,812243136,902704210,902704215,902704236,812243152,902704246,812243156,902704257,902704265,902704266,902704277,902704279,902704290,902704295,902704296,902704299,902704305,902704319,902704349,902704361,902704377,902704390,902704392,812243196,902704415,812243197,902704418,812243200,902704425,902704458,902704466,902704473,902704478,812243212,902704485,902704492,902704498,812243217,812243219,902704515,902704517,902704521,902704535,902704553,902704554,902704557,902704558,902704573,902704582,902704584,812243240,902704603,812243241,812243242,902704610,812243243,902704615,902704616,902704621,812243246,902704625,812243248,902704632,902704634,812243255,902704645,902704648,902704667,902704668,902704676,902704684,902704686,902704687,902704690,902704692,902704694,812243273,812243274,812243276,902704698,902704705,902704714)
 Cron execution ended at: 2021-03-19 22:37:02

***********************************************************

 Cron execution started at :2021-03-19 22:38:02 

 Total Count =>96

Total records SUCCESS: 5
(812243254,812243280,812243283,812243285,812243289) 
Total records FAIL: 6
(902704719,902704723,902704726,902704737,902704742,902704743) 
 Total records PENDING: 0
()
 Total records No Response: 85
(902704210,902704215,902704236,812243152,902704246,812243156,902704257,902704265,902704266,902704277,902704279,902704290,902704295,902704296,902704299,902704305,902704319,902704349,902704361,902704377,902704390,902704392,812243196,902704415,812243197,902704418,812243200,902704425,902704458,902704466,902704473,902704478,812243212,902704485,902704492,902704498,812243217,812243219,902704515,902704517,902704521,902704535,902704553,902704554,902704557,902704558,902704573,902704582,902704584,812243240,902704603,812243241,812243242,902704610,812243243,902704615,902704616,902704621,812243246,902704625,812243248,902704632,902704634,812243255,902704645,902704648,902704667,902704668,902704676,902704684,902704686,902704687,902704690,902704692,902704694,812243273,812243274,812243276,902704698,902704705,902704714,902704722,902704724,902704739,902704740)
 Cron execution ended at: 2021-03-19 22:41:29

***********************************************************

 Cron execution started at :2021-03-19 22:42:02 

 Total Count =>105

Total records SUCCESS: 8
(812243254,812243280,812243283,812243285,812243289,812243294,812243299,812243303) 
Total records FAIL: 3
(812243212,812243305,902704765) 
 Total records PENDING: 0
()
 Total records No Response: 93
(902704236,812243152,902704246,812243156,902704257,902704265,902704266,902704277,902704279,902704290,902704295,902704296,902704299,902704305,902704319,902704349,902704361,902704377,902704390,902704392,812243196,902704415,812243197,902704418,812243200,902704425,902704458,902704466,902704473,902704478,902704485,902704492,902704498,812243217,812243219,902704515,902704517,902704521,902704535,902704553,902704554,902704557,902704558,902704573,902704582,902704584,812243240,902704603,812243241,812243242,902704610,812243243,902704615,902704616,902704621,812243246,902704625,812243248,902704632,902704634,812243255,902704645,902704648,902704667,902704668,902704676,902704684,902704686,902704687,902704690,902704692,902704694,812243273,812243274,812243276,902704698,902704705,902704714,902704722,902704724,902704739,902704740,902704747,812243298,902704749,902704750,902704753,902704757,902704758,902704760,902704763,812243306,902704766)
 Cron execution ended at: 2021-03-19 22:45:35

***********************************************************

 Cron execution started at :2021-03-19 22:46:01 

 Total Count =>112

Total records SUCCESS: 9
(812243254,812243280,812243283,812243285,812243289,812243294,812243299,812243303,902704785) 
Total records FAIL: 6
(902704769,812243309,902704775,902704781,902704784,902704791) 
 Total records PENDING: 0
()
 Total records No Response: 96
(812243152,902704246,812243156,902704257,902704265,902704266,902704277,902704279,902704290,902704295,902704296,902704299,902704305,902704319,902704349,902704361,902704377,902704390,902704392,812243196,902704415,812243197,902704418,812243200,902704425,902704458,902704466,902704473,902704478,902704485,902704492,812243217,812243219,902704515,902704517,902704553,902704554,902704557,902704558,902704573,902704582,902704584,812243240,902704603,812243241,812243242,902704610,812243243,902704615,902704616,902704621,812243246,902704625,812243248,902704632,902704634,812243255,902704645,902704648,902704667,902704668,902704676,902704684,902704686,902704687,902704690,902704692,902704694,812243273,812243274,812243276,902704698,902704705,902704714,902704722,902704724,902704739,902704740,902704747,812243298,902704749,902704750,902704753,902704757,902704758,902704760,902704763,812243306,902704766,812243308,902704776,902704777,902704778,902704787,902704789,902704790)
 Cron execution ended at: 2021-03-19 22:50:05

***********************************************************

 Cron execution started at :2021-03-19 22:52:01 

 Total Count =>112

Total records SUCCESS: 9
(812243254,812243280,812243283,812243285,812243289,812243294,812243299,812243303,812243318) 
Total records FAIL: 10
(902704811,902704813,812243320,902704815,902704819,902704820,902704821,902704822,902704828,902704830) 
 Total records PENDING: 0
()
 Total records No Response: 93
(902704277,902704279,902704290,902704295,902704296,902704299,902704305,902704319,902704349,902704361,902704377,902704390,902704392,812243196,902704415,812243197,902704418,812243200,902704425,902704458,902704466,902704473,902704478,902704485,902704492,812243217,812243219,902704515,902704517,902704553,902704554,902704558,902704573,902704582,902704584,812243240,902704603,812243241,812243242,902704610,812243243,902704615,902704616,902704621,812243246,902704625,812243248,902704632,902704634,812243255,902704645,902704648,902704667,902704668,902704676,902704684,902704686,902704687,902704690,902704692,902704694,812243273,812243274,812243276,902704698,902704705,902704714,902704722,902704724,902704739,902704740,902704747,812243298,902704749,902704750,902704753,902704757,902704758,902704760,902704763,812243306,902704766,812243308,902704776,902704777,902704778,902704787,902704789,902704790,902704808,812243319,902704812,902704833)
 Cron execution ended at: 2021-03-19 22:56:14

***********************************************************

 Cron execution started at :2021-03-19 22:58:02 

 Total Count =>107

Total records SUCCESS: 9
(812243254,812243280,812243283,812243285,812243289,812243294,812243299,812243303,812243318) 
Total records FAIL: 5
(902704851,812243334,902704858,902704861,812243341) 
 Total records PENDING: 0
()
 Total records No Response: 92
(902704319,902704349,902704361,902704377,902704390,902704392,812243196,902704415,812243197,902704418,812243200,902704425,902704458,902704466,902704473,902704478,902704485,902704492,812243217,812243219,902704515,902704517,902704553,902704554,902704558,902704573,902704584,902704603,812243241,902704610,812243243,902704615,902704616,902704621,812243246,902704625,812243248,902704632,902704634,812243255,902704645,902704648,902704667,902704668,902704676,902704684,902704686,902704687,902704690,902704692,902704694,812243273,812243274,812243276,902704698,902704705,902704714,902704722,902704724,902704739,902704740,902704747,812243298,902704749,902704750,902704753,902704757,902704758,902704760,902704763,812243306,902704766,812243308,902704776,902704777,902704778,902704787,902704789,902704790,902704808,812243319,902704812,902704833,812243329,812243330,902704849,902704856,902704859,902704860,902704862,902704863,812243338)
 Cron execution ended at: 2021-03-19 23:01:32

***********************************************************

 Cron execution started at :2021-03-19 23:02:02 

 Total Count =>106

Total records SUCCESS: 9
(812243254,812243280,812243283,812243285,812243289,812243294,812243299,812243303,812243318) 
Total records FAIL: 2
(812243241,902704882) 
 Total records PENDING: 0
()
 Total records No Response: 94
(902704349,902704361,902704377,902704390,902704392,812243196,902704415,812243197,902704418,812243200,902704425,902704458,902704466,902704473,902704478,902704485,902704492,812243217,812243219,902704515,902704517,902704553,902704554,902704558,902704573,902704584,902704603,902704610,812243243,902704615,902704616,902704621,812243246,902704625,812243248,902704632,902704634,812243255,902704645,902704648,902704667,902704668,902704676,902704684,902704686,902704687,902704690,902704692,902704694,812243273,812243274,812243276,902704698,902704705,902704714,902704722,902704724,902704739,902704740,902704747,812243298,902704749,902704750,902704753,902704757,902704758,902704760,902704763,812243306,902704766,812243308,902704776,902704777,902704778,902704787,902704789,902704790,902704808,812243319,902704812,902704833,812243329,812243330,902704849,902704856,902704859,902704860,902704862,902704863,812243338,902704869,902704874,902704887,902704890)
 Cron execution ended at: 2021-03-19 23:05:27

***********************************************************

 Cron execution started at :2021-03-19 23:06:01 

 Total Count =>111

Total records SUCCESS: 9
(812243254,812243280,812243283,812243285,812243289,812243294,812243299,812243303,812243318) 
Total records FAIL: 6
(902704668,902704912,902704915,812243363,902704922,812243365) 
 Total records PENDING: 0
()
 Total records No Response: 96
(902704377,902704390,902704392,812243196,902704415,812243197,902704418,812243200,902704425,902704458,902704466,902704473,902704478,902704485,902704492,812243217,812243219,902704515,902704517,902704553,902704554,902704558,902704573,902704584,902704603,902704610,812243243,902704615,902704616,902704621,812243246,902704625,812243248,902704634,812243255,902704645,902704667,902704676,902704684,902704686,902704687,902704690,902704692,902704694,812243273,812243274,812243276,902704698,902704705,902704714,902704722,902704724,902704739,902704740,902704747,812243298,902704749,902704750,902704753,902704757,902704758,902704760,902704763,812243306,902704766,812243308,902704776,902704777,902704778,902704787,902704789,902704790,902704808,812243319,902704812,902704833,812243329,812243330,902704849,902704856,902704859,902704860,902704862,902704863,812243338,902704869,902704874,902704887,902704890,902704911,902704913,902704914,902704916,902704918,902704921,902704923)
 Cron execution ended at: 2021-03-19 23:09:43

***********************************************************

 Cron execution started at :2021-03-19 23:10:01 

 Total Count =>113

Total records SUCCESS: 9
(812243254,812243280,812243283,812243285,812243289,812243294,812243299,812243303,812243318) 
Total records FAIL: 6
(902704938,902704941,902704944,902704945,902704946,902704947) 
 Total records PENDING: 0
()
 Total records No Response: 97
(902704415,812243197,902704418,812243200,902704425,902704458,902704466,902704473,902704478,902704485,902704492,812243217,812243219,902704515,902704517,902704553,902704554,902704558,902704573,902704584,902704603,902704610,812243243,902704615,902704616,902704621,812243246,902704625,812243248,902704634,812243255,902704645,902704667,902704676,902704684,902704686,902704687,902704690,902704692,902704694,812243273,812243274,812243276,902704698,902704705,902704714,902704722,902704724,902704739,902704740,902704747,812243298,902704749,902704750,902704753,902704757,902704758,902704760,902704763,812243306,902704766,812243308,902704776,902704777,902704778,902704787,902704789,902704790,902704808,812243319,902704812,902704833,812243329,812243330,902704849,902704856,902704859,902704860,902704862,902704863,812243338,902704869,902704874,902704887,902704890,902704911,902704913,902704914,902704916,902704918,902704921,902704923,812243366,902704927,902704928,902704948,812243371)
 Cron execution ended at: 2021-03-19 23:14:13

***********************************************************

 Cron execution started at :2021-03-19 23:16:01 

 Total Count =>95

Total records SUCCESS: 1
(812243374) 
Total records FAIL: 1
(902704986) 
 Total records PENDING: 0
()
 Total records No Response: 91
(902704466,902704473,902704478,902704485,902704492,812243217,812243219,902704515,902704517,902704553,902704554,902704558,902704573,902704584,902704603,902704610,812243243,902704615,902704616,902704621,812243246,902704625,812243248,902704634,812243255,902704645,902704667,902704676,902704684,902704686,902704687,902704690,902704692,902704694,812243273,812243274,812243276,902704698,902704739,902704740,902704747,812243298,902704749,902704750,902704753,902704757,902704758,902704760,902704763,812243306,902704766,812243308,902704776,902704777,902704778,902704787,902704789,902704790,902704808,812243319,902704812,902704833,812243329,812243330,902704849,902704856,902704859,902704860,902704862,902704863,812243338,902704869,902704874,902704887,902704890,902704911,902704913,902704914,902704916,902704918,902704921,902704923,812243366,902704927,902704928,902704948,812243371,902704961,812243379,902704990,902704991)
 Cron execution ended at: 2021-03-19 23:19:07

***********************************************************

 Cron execution started at :2021-03-19 23:20:02 

 Total Count =>101

Total records SUCCESS: 1
(812243374) 
Total records FAIL: 4
(902704739,902704749,902704757,812243391) 
 Total records PENDING: 0
()
 Total records No Response: 95
(902704492,812243217,812243219,902704515,902704517,902704553,902704554,902704558,902704573,902704584,902704603,902704610,812243243,902704615,902704616,902704621,812243246,902704625,812243248,902704634,812243255,902704645,902704667,902704676,902704684,902704686,902704687,902704690,902704692,902704694,812243273,812243274,812243276,902704698,902704740,902704747,812243298,902704750,902704753,902704758,902704760,902704763,812243306,902704766,812243308,902704776,902704777,902704778,902704787,902704789,902704790,902704808,812243319,902704812,902704833,812243329,812243330,902704849,902704856,902704859,902704860,902704862,902704863,812243338,902704869,902704874,902704887,902704890,902704911,902704913,902704914,902704916,902704918,902704921,902704923,812243366,902704927,902704928,902704948,812243371,902704961,812243379,902704990,902704991,902704996,902704998,902704999,902705001,812243389,902705011,902705013,902705019,902705021,902705023,902705024)
 Cron execution ended at: 2021-03-19 23:23:23

***********************************************************

 Cron execution started at :2021-03-19 23:24:02 

 Total Count =>102

Total records SUCCESS: 2
(812243374,812243396) 
Total records FAIL: 5
(902704747,902704766,902704776,812243402,902705055) 
 Total records PENDING: 0
()
 Total records No Response: 94
(902704553,902704554,902704558,902704573,902704584,902704603,902704610,812243243,902704615,902704616,902704621,812243246,902704625,812243248,902704634,812243255,902704645,902704667,902704676,902704684,902704686,902704687,902704690,902704692,902704694,812243273,812243274,812243276,902704698,902704740,812243298,902704750,902704753,902704758,902704760,902704763,812243306,812243308,902704777,902704778,902704787,902704789,902704790,902704808,812243319,902704812,902704833,812243329,812243330,902704849,902704856,902704859,902704860,902704862,902704863,812243338,902704869,902704874,902704887,902704890,902704911,902704913,902704914,902704916,902704918,902704921,902704923,812243366,902704927,902704928,902704948,812243371,902704961,812243379,902704990,902704991,902704996,902704998,902704999,902705001,812243389,902705011,902705013,902705019,902705021,902705023,902705024,812243395,902705037,902705043,812243401,902705044,902705046,902705051)
 Cron execution ended at: 2021-03-19 23:27:18

***********************************************************

 Cron execution started at :2021-03-19 23:28:02 

 Total Count =>109

Total records SUCCESS: 2
(812243374,812243396) 
Total records FAIL: 3
(902704812,902705069,902705070) 
 Total records PENDING: 0
()
 Total records No Response: 102
(902704553,902704554,902704558,902704573,902704584,902704603,902704610,812243243,902704615,902704616,902704621,812243246,902704625,812243248,902704634,812243255,902704645,902704667,902704676,902704684,902704686,902704687,902704690,902704692,902704694,812243273,812243274,812243276,902704698,902704740,812243298,902704750,902704753,902704758,902704760,902704763,812243306,812243308,902704777,902704778,902704787,902704789,902704790,902704808,812243319,902704833,812243329,812243330,902704849,902704856,902704859,902704860,902704862,902704863,812243338,902704869,902704874,902704887,902704890,902704911,902704913,902704914,902704916,902704918,902704921,902704923,812243366,902704927,902704928,902704948,812243371,902704961,812243379,902704990,902704991,902704996,902704998,902704999,902705001,812243389,902705011,902705013,902705019,902705021,902705023,902705024,812243395,902705037,902705043,812243401,902705044,902705046,902705051,902705059,902705066,812243405,812243406,812243407,812243408,812243409,902705075,812243410)
 Cron execution ended at: 2021-03-19 23:31:21

***********************************************************

 Cron execution started at :2021-03-19 23:32:02 

 Total Count =>129

Total records SUCCESS: 2
(812243374,812243396) 
Total records FAIL: 3
(902705087,902705088,812243435) 
 Total records PENDING: 0
()
 Total records No Response: 123
(902704573,902704584,902704603,902704610,812243243,902704615,902704616,902704621,812243246,902704625,812243248,902704634,812243255,902704645,902704667,902704676,902704684,902704686,902704687,902704690,902704692,902704694,812243273,812243274,812243276,902704698,902704740,812243298,902704750,902704753,902704758,902704760,902704763,812243306,812243308,902704777,902704778,902704787,902704789,902704790,902704808,902704833,812243329,812243330,902704849,902704856,902704859,902704860,902704862,902704863,812243338,902704869,902704874,902704887,902704890,902704911,902704913,902704914,902704916,902704918,902704921,902704923,812243366,902704927,902704928,902704948,812243371,902704961,812243379,902704990,902704991,902704996,902704998,902704999,902705001,812243389,902705011,902705013,902705019,902705021,902705023,902705024,812243395,902705037,902705043,812243401,902705044,902705046,902705051,902705059,902705066,812243405,812243406,812243407,812243408,812243409,902705075,812243410,812243411,902705078,812243412,812243413,812243415,812243416,812243417,812243418,812243420,812243422,812243423,812243424,812243425,812243426,812243427,902705096,812243428,812243429,812243431,812243432,812243433,812243434,812243436,812243437,812243438)
 Cron execution ended at: 2021-03-19 23:35:17

***********************************************************

 Cron execution started at :2021-03-19 23:36:02 

 Total Count =>134

Total records SUCCESS: 2
(812243374,812243396) 
Total records FAIL: 1
(902705107) 
 Total records PENDING: 0
()
 Total records No Response: 131
(902704603,902704610,812243243,902704615,902704616,902704621,812243246,902704625,812243248,902704634,812243255,902704645,902704667,902704676,902704684,902704686,902704687,902704690,902704692,902704694,812243273,812243274,812243276,902704698,902704740,812243298,902704750,902704753,902704758,902704760,902704763,812243306,812243308,902704777,902704778,902704787,902704789,902704790,902704808,902704833,812243329,812243330,902704849,902704856,902704859,902704860,902704862,902704863,812243338,902704869,902704874,902704887,902704890,902704911,902704913,902704914,902704916,902704918,902704921,902704923,812243366,902704927,902704928,902704948,812243371,902704961,812243379,902704990,902704991,902704996,902704998,902704999,902705001,812243389,902705011,902705013,902705019,902705021,902705023,902705024,812243395,902705037,902705043,812243401,902705044,902705046,902705051,902705059,902705066,812243405,812243406,812243407,812243408,812243409,902705075,812243410,812243411,902705078,812243412,812243413,812243415,812243416,812243417,812243418,812243420,812243422,812243423,812243424,812243425,812243426,812243427,902705096,812243428,812243429,812243431,812243432,812243433,812243434,812243436,812243437,812243438,902705102,812243440,812243441,812243442,902705105,812243443,812243444,812243445,902705111,902705114)
 Cron execution ended at: 2021-03-19 23:39:34

***********************************************************

 Cron execution started at :2021-03-19 23:40:01 

 Total Count =>136

Total records SUCCESS: 3
(812243374,812243396,812243449) 
Total records FAIL: 4
(902705128,902705133,902705134,902705136) 
 Total records PENDING: 0
()
 Total records No Response: 129
(812243246,902704625,812243248,902704634,812243255,902704645,902704667,902704676,902704684,902704686,902704687,902704690,902704692,902704694,812243273,812243274,812243276,902704698,902704740,812243298,902704750,902704753,902704758,902704760,902704763,812243306,812243308,902704777,902704778,902704787,902704789,902704790,902704808,902704833,812243329,812243330,902704856,902704859,902704860,902704862,902704863,812243338,902704874,902704887,902704890,902704911,902704913,902704914,902704916,902704918,902704921,902704923,812243366,902704927,902704928,902704948,812243371,902704961,812243379,902704990,902704991,902704996,902704998,902704999,902705001,812243389,902705011,902705013,902705019,902705021,902705023,902705024,812243395,902705037,902705043,812243401,902705044,902705046,902705051,902705059,902705066,812243405,812243406,812243407,812243408,812243409,902705075,812243410,812243411,902705078,812243412,812243413,812243415,812243416,812243417,812243418,812243420,812243422,812243423,812243424,812243425,812243426,812243427,902705096,812243428,812243429,812243431,812243432,812243433,812243434,812243436,812243437,812243438,902705102,812243440,812243441,812243442,902705105,812243443,812243444,812243445,902705111,902705114,902705119,902705120,902705121,902705124,902705131,902705140)
 Cron execution ended at: 2021-03-19 23:43:56

***********************************************************

 Cron execution started at :2021-03-19 23:44:02 

 Total Count =>139

Total records SUCCESS: 3
(812243374,812243396,812243449) 
Total records FAIL: 7
(902704916,902705144,902705146,812243459,902705153,902705156,902705159) 
 Total records PENDING: 0
()
 Total records No Response: 129
(902704645,902704667,902704676,902704684,902704686,902704687,902704690,902704692,902704694,812243273,812243274,812243276,902704698,902704740,812243298,902704750,902704753,902704758,902704760,902704763,812243306,812243308,902704777,902704778,902704787,902704789,902704790,902704808,902704833,812243329,812243330,902704856,902704859,902704860,902704862,902704863,812243338,902704874,902704887,902704890,902704911,902704913,902704914,902704918,902704921,902704923,812243366,902704927,902704928,902704948,812243371,902704961,812243379,902704990,902704991,902704996,902704998,902704999,902705001,812243389,902705011,902705013,902705019,902705021,902705023,902705024,812243395,902705037,902705043,812243401,902705044,902705046,902705051,902705059,902705066,812243405,812243406,812243407,812243408,812243409,902705075,812243410,812243411,902705078,812243412,812243413,812243415,812243416,812243417,812243418,812243420,812243422,812243423,812243424,812243425,812243426,812243427,902705096,812243428,812243429,812243431,812243432,812243433,812243434,812243436,812243437,812243438,902705102,812243440,812243441,812243442,902705105,812243443,812243444,812243445,902705111,902705114,902705119,902705120,902705121,902705124,902705131,902705140,902705143,902705145,902705149,902705152,902705162,902705165)
 Cron execution ended at: 2021-03-19 23:48:24

***********************************************************

 Cron execution started at :2021-03-19 23:50:02 

 Total Count =>142

Total records SUCCESS: 3
(812243374,812243396,812243449) 
Total records FAIL: 10
(902705179,812243466,812243470,812243471,902705188,812243473,812243474,902705192,902705193,902705194) 
 Total records PENDING: 0
()
 Total records No Response: 128
(902704687,902704690,902704692,902704694,812243273,812243274,812243276,902704698,902704740,812243298,902704750,902704753,902704758,902704760,902704763,812243306,812243308,902704777,902704778,902704787,902704789,902704790,902704808,902704833,812243329,812243330,902704856,902704859,902704860,902704862,902704863,812243338,902704874,902704887,902704890,902704914,902704918,902704921,902704923,812243366,902704928,902704948,812243371,902704961,812243379,902704990,902704991,902704996,902704998,902704999,902705001,812243389,902705011,902705013,902705019,902705021,902705023,902705024,812243395,902705037,902705043,812243401,902705044,902705046,902705051,902705059,902705066,812243405,812243406,812243407,812243408,812243409,902705075,812243410,812243411,902705078,812243412,812243413,812243415,812243416,812243417,812243418,812243420,812243422,812243423,812243424,812243425,812243426,812243427,902705096,812243428,812243429,812243431,812243432,812243433,812243434,812243436,812243437,812243438,902705102,812243440,812243441,812243442,902705105,812243443,812243444,812243445,902705111,902705114,902705119,902705120,902705121,902705124,902705131,902705140,902705143,902705145,902705149,902705152,902705162,902705165,812243461,902705176,902705181,812243467,902705186,902705190,902705191)
 Cron execution ended at: 2021-03-19 23:54:06
