
***********************************************************

 Cron execution started at :2021-03-19 23:56:02 

 Total Count =>135

Total records SUCCESS: 2
(812243449,812243476) 
Total records FAIL: 9
(902704996,812243389,902705212,902705213,902705216,902705217,902705218,902705223,902705226) 
 Total records PENDING: 0
()
 Total records No Response: 122
(902704740,812243298,902704750,902704753,902704758,902704760,902704763,812243306,812243308,902704777,902704778,902704787,902704789,902704790,902704808,902704833,812243329,812243330,902704856,902704859,902704860,902704862,902704863,812243338,902704874,902704887,902704890,902704914,902704918,902704921,902704923,812243366,902704928,902704948,812243371,902704990,902704991,902704998,902704999,902705001,902705011,902705013,902705019,902705021,902705023,902705024,812243395,902705037,902705043,812243401,902705044,902705046,902705051,902705059,902705066,812243405,812243406,812243407,812243408,812243409,902705075,812243410,812243411,902705078,812243412,812243413,812243415,812243416,812243417,812243418,812243420,812243422,812243423,812243424,812243425,812243426,812243427,902705096,812243428,812243429,812243431,812243432,812243433,812243434,812243436,812243437,812243438,902705102,812243440,812243441,812243442,902705105,812243443,812243444,812243445,902705111,902705114,902705119,902705120,902705121,902705124,902705131,902705140,902705143,902705145,902705149,902705152,902705162,902705165,812243461,902705176,902705181,812243467,902705186,902705190,902705191,902705199,902705203,902705211,812243479,902705219,902705224)
 Cron execution ended at: 2021-03-20 00:00:33
