
***********************************************************

 Cron execution started at :2021-11-15 23:53:01 

 Total Count =>77

Total records SUCCESS: 6
(902993427,902993457,902993469,902993536,902993546,902993551) 
Total records FAIL: 62
(902993248,902993252,902993257,902993262,902993261,902993266,902993269,902993271,902993277,902993285,902993298,902993313,902993317,902993320,902993328,902993329,902993326,902993335,902993363,902993365,902993368,902993371,902993388,902993395,902993397,902993401,902993406,902993407,902993415,902993416,902993417,902993422,812274197,902993428,902993435,902993438,902993440,902993441,902993443,902993448,902993449,902993455,902993454,902993460,902993475,902993477,902993485,902993494,902993498,902993499,902993501,902993506,902993512,902993526,812274214,902993532,902993533,902993547,902993550,902993552,902993557,902993562) 
 Total records PENDING: 0
()
 Total records No Response: 8
(812274144,902993154,812274156,812274162,902993291,902993496,902993514,902993565)
 Cron execution ended at: 2021-11-16 00:02:42
