
***********************************************************

 Cron execution started at :2022-04-28 11:07:02 

 Total Count =>115

Total records SUCCESS: 0
() 
Total records FAIL: 54
(903322603,903322605,903322607,903322612,903322620,903322637,903322648,903322653,903322655,903322674,903322680,903322683,903322688,903322716,903322725,903322726,903322742,903322755,903322765,903322773,903322799,903322809,903322814,903322835,903322844,903322847,903322851,903322865,903322867,812310025,903322883,903322899,903322922,903322923,903322925,903322946,903322953,812310035,812310037,903322990,903322994,903323001,903323011,903323013,903323031,903323032,903323045,903323048,903323063,903323067,903323081,903323087,812310046,903323099) 
 Total records PENDING: 0
()
 Total records No Response: 61
(903322602,903322609,812309996,903322640,903322644,903322668,903322670,903322672,903322678,903322702,903322715,903322728,903322731,903322745,903322751,903322753,903322764,903322780,903322784,903322786,812310015,903322811,812310017,903322817,903322845,903322868,812310021,903322875,903322886,903322924,903322927,903322933,903322944,903322952,903322956,903322965,812310036,903322974,903322983,903322985,903323002,903323018,903323024,903323028,903323033,903323036,903323038,903323041,903323044,903323051,903323075,903323082,812310051,903323106,903323107,903323111,903323126,903323127,903323128,903323132,903323133)
 Cron execution ended at: 2022-04-28 11:17:49

***********************************************************

 Cron execution started at :2022-04-28 11:21:02 

 Total Count =>79

Total records SUCCESS: 0
() 
Total records FAIL: 1
(903323277) 
 Total records PENDING: 0
()
 Total records No Response: 78
(903322644,903322668,903322670,903322672,903322678,903322702,903322715,903322728,903322731,903322745,903322751,903322753,903322764,903322780,903322784,903322786,812310015,903322811,812310017,903322817,903322845,903322868,812310021,903322875,903322886,903322924,903322927,903322933,903322944,903322952,903322956,903322965,812310036,903322974,903322983,903322985,903323002,903323018,903323024,903323028,903323033,903323036,903323038,903323041,903323044,903323051,903323075,903323082,812310051,903323106,903323107,903323111,903323126,903323127,903323128,903323132,903323133,903323137,903323140,903323141,903323143,903323145,903323158,903323177,903323178,903323180,903323195,903323207,903323212,903323215,903323216,903323235,903323238,903323246,812310066,903323249,903323265,903323278)
 Cron execution ended at: 2022-04-28 11:26:04

***********************************************************

 Cron execution started at :2022-04-28 11:28:01 

 Total Count =>77

Total records SUCCESS: 0
() 
Total records FAIL: 3
(903322731,903322753,903322817) 
 Total records PENDING: 0
()
 Total records No Response: 74
(903322678,903322702,903322715,903322728,903322745,903322751,903322764,903322780,903322784,903322786,812310015,903322811,812310017,903322845,903322868,812310021,903322875,903322886,903322924,903322927,903322933,903322944,903322952,903322956,903322965,812310036,903322974,903322983,903322985,903323002,903323018,903323024,903323028,903323033,903323036,903323038,903323041,903323044,903323051,903323075,903323082,812310051,903323106,903323107,903323111,903323126,903323127,903323128,903323132,903323133,903323137,903323140,903323141,903323143,903323145,903323158,903323177,903323178,903323180,903323195,903323207,903323212,903323215,903323216,903323235,903323238,903323246,812310066,903323249,903323265,903323278,903323312,903323314,903323317)
 Cron execution ended at: 2022-04-28 11:32:38

***********************************************************

 Cron execution started at :2022-04-28 11:35:01 

 Total Count =>87

Total records SUCCESS: 0
() 
Total records FAIL: 5
(903322715,903322751,903322764,903323386,903323411) 
 Total records PENDING: 0
()
 Total records No Response: 82
(903322728,903322745,903322780,903322784,903322786,812310015,903322811,812310017,903322845,903322868,812310021,903322875,903322886,903322924,903322927,903322933,903322944,903322952,903322956,903322965,812310036,903322974,903322983,903322985,903323002,903323018,903323024,903323028,903323033,903323036,903323038,903323041,903323044,903323051,903323075,903323082,812310051,903323106,903323107,903323111,903323126,903323127,903323128,903323132,903323133,903323137,903323140,903323141,903323143,903323145,903323158,903323177,903323178,903323180,903323195,903323207,903323212,903323215,903323216,903323235,903323238,903323246,812310066,903323249,903323265,903323278,903323312,903323314,903323317,903323318,903323327,903323337,903323342,903323352,903323354,903323357,903323359,903323365,903323367,903323385,903323387,903323399)
 Cron execution ended at: 2022-04-28 11:40:14

***********************************************************

 Cron execution started at :2022-04-28 11:42:01 

 Total Count =>91

Total records SUCCESS: 0
() 
Total records FAIL: 0
() 
 Total records PENDING: 0
()
 Total records No Response: 91
(903322780,903322784,903322786,812310015,903322811,812310017,903322845,903322868,812310021,903322875,903322886,903322924,903322927,903322933,903322944,903322952,903322956,903322965,812310036,903322974,903322983,903322985,903323002,903323018,903323024,903323028,903323033,903323036,903323038,903323041,903323044,903323051,903323075,903323082,812310051,903323106,903323107,903323111,903323126,903323127,903323128,903323132,903323133,903323137,903323140,903323141,903323143,903323145,903323158,903323177,903323178,903323180,903323195,903323207,903323212,903323215,903323216,903323235,903323238,903323246,812310066,903323249,903323265,903323278,903323312,903323314,903323317,903323318,903323327,903323337,903323342,903323352,903323354,903323357,903323359,903323365,903323367,903323385,903323387,903323399,903323425,812310086,903323445,812310088,903323446,812310089,903323447,903323449,903323467,903323468,903323469)
 Cron execution ended at: 2022-04-28 11:47:15

***********************************************************

 Cron execution started at :2022-04-28 11:49:02 

 Total Count =>99

Total records SUCCESS: 0
() 
Total records FAIL: 3
(903323497,903323509,903323538) 
 Total records PENDING: 0
()
 Total records No Response: 96
(812310015,903322811,812310017,903322845,903322868,812310021,903322875,903322886,903322924,903322927,903322933,903322944,903322952,903322956,903322965,812310036,903322974,903322983,903322985,903323002,903323018,903323024,903323028,903323033,903323036,903323038,903323041,903323044,903323051,903323075,903323082,812310051,903323106,903323107,903323111,903323126,903323127,903323128,903323132,903323133,903323137,903323140,903323141,903323143,903323145,903323158,903323177,903323178,903323180,903323195,903323207,903323212,903323215,903323216,903323235,903323238,903323246,812310066,903323249,903323265,903323278,903323312,903323314,903323317,903323318,903323327,903323337,903323342,903323352,903323354,903323357,903323359,903323365,903323367,903323385,903323387,903323399,903323425,812310086,903323445,812310088,903323446,812310089,903323447,903323449,903323467,903323468,903323469,903323478,812310092,903323481,903323484,903323510,903323521,812310102,903323537)
 Cron execution ended at: 2022-04-28 11:55:16

***********************************************************

 Cron execution started at :2022-04-28 11:56:01 

 Total Count =>103

Total records SUCCESS: 0
() 
Total records FAIL: 0
() 
 Total records PENDING: 0
()
 Total records No Response: 103
(903322868,812310021,903322875,903322886,903322924,903322927,903322933,903322944,903322952,903322956,903322965,812310036,903322974,903322983,903322985,903323002,903323018,903323024,903323028,903323033,903323036,903323038,903323041,903323044,903323051,903323075,903323082,812310051,903323106,903323107,903323111,903323126,903323127,903323128,903323132,903323133,903323137,903323140,903323141,903323143,903323145,903323158,903323177,903323178,903323180,903323195,903323207,903323212,903323215,903323216,903323235,903323238,903323246,812310066,903323249,903323265,903323278,903323312,903323314,903323317,903323318,903323327,903323337,903323342,903323352,903323354,903323357,903323359,903323365,903323367,903323385,903323387,903323399,903323425,812310086,903323445,812310088,903323446,812310089,903323447,903323449,903323467,903323468,903323469,903323478,812310092,903323481,903323484,903323510,903323521,812310102,903323537,903323543,903323545,903323551,903323556,903323561,903323571,903323572,903323577,903323578,812310110,903323580)
 Cron execution ended at: 2022-04-28 12:02:34

***********************************************************

 Cron execution started at :2022-04-28 12:07:11 

 Total Count =>116

Total records SUCCESS: 0
() 
Total records FAIL: 3
(903323669,903323676,903323694) 
 Total records PENDING: 0
()
 Total records No Response: 113
(903322933,903322944,903322952,903322956,903322965,812310036,903322974,903322983,903322985,903323002,903323018,903323024,903323028,903323033,903323036,903323038,903323041,903323044,903323051,903323075,903323082,812310051,903323106,903323107,903323111,903323126,903323127,903323128,903323132,903323133,903323137,903323140,903323141,903323143,903323145,903323158,903323177,903323178,903323180,903323195,903323207,903323212,903323215,903323216,903323235,903323238,903323246,812310066,903323249,903323265,903323278,903323312,903323314,903323317,903323318,903323327,903323337,903323342,903323352,903323354,903323357,903323359,903323365,903323367,903323385,903323387,903323399,903323425,812310086,903323445,812310088,903323446,812310089,903323447,903323449,903323467,903323468,903323469,903323478,812310092,903323481,903323484,903323510,903323521,812310102,903323537,903323543,903323545,903323551,903323556,903323561,903323571,903323572,903323577,903323578,812310110,903323580,903323587,903323594,903323601,903323602,903323606,903323613,903323618,903323635,903323642,812310121,903323662,903323664,812310122,903323672,903323679,903323692)
 Cron execution ended at: 2022-04-28 12:14:58

***********************************************************

 Cron execution started at :2022-04-28 12:21:01 

 Total Count =>109

Total records SUCCESS: 0
() 
Total records FAIL: 1
(903323216) 
 Total records PENDING: 0
()
 Total records No Response: 108
(903323082,812310051,903323106,903323107,903323111,903323126,903323127,903323128,903323132,903323133,903323137,903323140,903323141,903323143,903323145,903323158,903323177,903323178,903323180,903323195,903323207,903323212,903323215,903323235,903323238,903323246,812310066,903323249,903323265,903323278,903323312,903323314,903323317,903323318,903323327,903323337,903323342,903323352,903323354,903323357,903323359,903323365,903323367,903323385,903323387,903323399,903323425,812310086,903323445,812310088,903323446,812310089,903323447,903323449,903323467,903323468,903323469,903323478,812310092,903323481,903323484,903323510,903323521,812310102,903323537,903323543,903323545,903323551,903323556,903323561,903323571,903323572,903323577,903323578,812310110,903323580,903323587,903323594,903323601,903323602,903323606,903323613,903323618,903323635,903323642,812310121,903323662,903323664,812310122,903323672,903323679,903323692,903323712,903323734,903323736,812310129,903323746,903323749,903323773,903323779,903323783,903323789,903323802,903323804,903323811,903323812,812310133,812310135)
 Cron execution ended at: 2022-04-28 12:28:04

***********************************************************

 Cron execution started at :2022-04-28 12:35:02 

 Total Count =>82

Total records SUCCESS: 0
() 
Total records FAIL: 1
(903323249) 
 Total records PENDING: 0
()
 Total records No Response: 81
(903323246,812310066,903323265,903323312,903323314,903323317,903323318,903323327,903323337,903323342,903323352,903323354,903323357,903323359,903323365,903323367,903323385,903323387,903323399,903323425,812310086,903323445,812310088,903323446,812310089,903323447,903323449,903323467,903323468,903323469,903323478,812310092,903323481,903323484,903323510,903323521,812310102,903323537,903323543,903323545,903323551,903323556,903323561,903323571,903323572,903323577,903323578,812310110,903323580,903323587,903323594,903323601,903323602,903323606,903323613,903323618,903323635,903323642,812310121,903323662,903323664,812310122,903323672,903323679,903323692,903323712,903323734,903323736,812310129,903323746,903323749,903323773,903323779,903323783,903323789,903323802,903323804,903323811,903323812,812310133,812310135)
 Cron execution ended at: 2022-04-28 12:40:35

***********************************************************

 Cron execution started at :2022-04-28 12:42:01 

 Total Count =>77

Total records SUCCESS: 0
() 
Total records FAIL: 0
() 
 Total records PENDING: 0
()
 Total records No Response: 77
(903323312,903323314,903323317,903323327,903323337,903323342,903323352,903323354,903323357,903323359,903323365,903323367,903323385,903323387,903323399,903323425,812310086,903323445,812310088,903323446,812310089,903323447,903323449,903323467,903323468,903323469,903323478,812310092,903323481,903323484,903323510,903323521,812310102,903323537,903323543,903323545,903323551,903323556,903323561,903323571,903323572,903323577,903323578,812310110,903323580,903323587,903323594,903323601,903323602,903323606,903323613,903323618,903323635,903323642,812310121,903323662,903323664,812310122,903323672,903323679,903323692,903323712,903323734,903323736,812310129,903323746,903323749,903323773,903323779,903323783,903323789,903323802,903323804,903323811,903323812,812310133,812310135)
 Cron execution ended at: 2022-04-28 12:47:15

***********************************************************

 Cron execution started at :2022-04-28 12:49:02 

 Total Count =>74

Total records SUCCESS: 0
() 
Total records FAIL: 0
() 
 Total records PENDING: 0
()
 Total records No Response: 74
(903323327,903323337,903323342,903323352,903323354,903323357,903323359,903323365,903323367,903323385,903323387,903323399,903323425,812310086,903323445,812310088,903323446,812310089,903323447,903323449,903323467,903323468,903323469,903323478,812310092,903323481,903323484,903323510,903323521,812310102,903323537,903323543,903323545,903323551,903323556,903323561,903323571,903323572,903323577,903323578,812310110,903323580,903323587,903323594,903323601,903323602,903323606,903323613,903323618,903323635,903323642,812310121,903323662,903323664,812310122,903323672,903323679,903323692,903323712,903323734,903323736,812310129,903323746,903323749,903323773,903323779,903323783,903323789,903323802,903323804,903323811,903323812,812310133,812310135)
 Cron execution ended at: 2022-04-28 12:54:17

***********************************************************

 Cron execution started at :2022-04-28 12:56:01 

 Total Count =>62

Total records SUCCESS: 0
() 
Total records FAIL: 0
() 
 Total records PENDING: 0
()
 Total records No Response: 62
(903323425,812310086,903323445,812310088,903323446,812310089,903323447,903323449,903323467,903323468,903323469,903323478,812310092,903323481,903323484,903323510,903323521,812310102,903323537,903323543,903323545,903323551,903323556,903323561,903323571,903323572,903323577,903323578,812310110,903323580,903323587,903323594,903323601,903323602,903323606,903323613,903323618,903323635,903323642,812310121,903323662,903323664,812310122,903323672,903323679,903323692,903323712,903323734,903323736,812310129,903323746,903323749,903323773,903323779,903323783,903323789,903323802,903323804,903323811,903323812,812310133,812310135)
 Cron execution ended at: 2022-04-28 13:00:19

***********************************************************

 Cron execution started at :2022-04-28 13:07:01 

 Total Count =>46

Total records SUCCESS: 0
() 
Total records FAIL: 0
() 
 Total records PENDING: 0
()
 Total records No Response: 46
(903323521,812310102,903323537,903323543,903323545,903323551,903323556,903323561,903323571,903323572,903323577,903323578,812310110,903323580,903323587,903323594,903323601,903323602,903323606,903323613,903323618,903323635,903323642,812310121,903323662,903323664,812310122,903323672,903323679,903323692,903323712,903323734,903323736,812310129,903323746,903323749,903323773,903323779,903323783,903323789,903323802,903323804,903323811,903323812,812310133,812310135)
 Cron execution ended at: 2022-04-28 13:10:13

***********************************************************

 Cron execution started at :2022-04-28 13:14:24 

 Total Count =>33

Total records SUCCESS: 0
() 
Total records FAIL: 0
() 
 Total records PENDING: 0
()
 Total records No Response: 33
(903323580,903323587,903323594,903323601,903323602,903323606,903323613,903323618,903323635,903323642,812310121,903323662,903323664,812310122,903323672,903323679,903323692,903323712,903323734,903323736,812310129,903323746,903323749,903323773,903323779,903323783,903323789,903323802,903323804,903323811,903323812,812310133,812310135)
 Cron execution ended at: 2022-04-28 13:16:36

***********************************************************

 Cron execution started at :2022-04-28 13:21:02 

 Total Count =>34

Total records SUCCESS: 0
() 
Total records FAIL: 5
(903323825,903323828,903323830,903323831,903323837) 
 Total records PENDING: 0
()
 Total records No Response: 29
(903323618,903323635,903323642,812310121,903323662,903323664,812310122,903323672,903323679,903323692,903323712,903323734,903323736,812310129,903323746,903323749,903323773,903323779,903323783,903323789,903323802,903323804,903323811,903323812,812310133,812310135,903323824,903323826,903323842)
 Cron execution ended at: 2022-04-28 13:23:47

***********************************************************

 Cron execution started at :2022-04-28 13:28:02 

 Total Count =>38

Total records SUCCESS: 0
() 
Total records FAIL: 6
(903323930,903323935,903323938,903323949,903323950,903323956) 
 Total records PENDING: 0
()
 Total records No Response: 32
(903323712,903323734,903323736,812310129,903323746,903323749,903323773,903323779,903323783,903323789,903323802,903323804,903323811,903323812,812310133,812310135,903323824,903323826,903323842,903323850,903323851,903323860,903323867,903323875,903323879,903323886,903323891,903323904,903323920,903323921,812310147,903323945)
 Cron execution ended at: 2022-04-28 13:31:19

***********************************************************

 Cron execution started at :2022-04-28 13:35:02 

 Total Count =>43

Total records SUCCESS: 0
() 
Total records FAIL: 7
(903324014,903324025,903324027,903324031,903324036,903324039,903324044) 
 Total records PENDING: 0
()
 Total records No Response: 36
(903323779,903323783,903323789,903323802,903323804,903323811,903323812,812310133,812310135,903323824,903323826,903323842,903323850,903323851,903323860,903323867,903323875,903323879,903323886,903323891,903323904,903323920,903323921,812310147,903323945,903323968,903323977,903323992,903323994,903323997,903324002,903324016,903324021,903324032,903324035,903324043)
 Cron execution ended at: 2022-04-28 13:38:59

***********************************************************

 Cron execution started at :2022-04-28 13:42:02 

 Total Count =>43

Total records SUCCESS: 0
() 
Total records FAIL: 2
(903324093,903324132) 
 Total records PENDING: 0
()
 Total records No Response: 41
(903323824,903323826,903323842,903323850,903323851,903323860,903323867,903323875,903323879,903323886,903323891,903323904,903323920,903323921,812310147,903323945,903323968,903323977,903323992,903323994,903323997,903324002,903324016,903324021,903324032,903324035,903324043,903324049,903324050,903324056,903324058,903324072,903324073,903324074,903324075,903324094,903324100,903324113,903324119,903324133,903324134)
 Cron execution ended at: 2022-04-28 13:45:46

***********************************************************

 Cron execution started at :2022-04-28 13:49:01 

 Total Count =>61

Total records SUCCESS: 0
() 
Total records FAIL: 10
(903324185,903324193,903324196,903324217,903324219,903324223,903324224,903324226,903324227,903324230) 
 Total records PENDING: 0
()
 Total records No Response: 51
(903323824,903323826,903323842,903323850,903323851,903323860,903323867,903323875,903323879,903323886,903323891,903323904,903323920,903323921,812310147,903323945,903323968,903323977,903323992,903323994,903323997,903324002,903324016,903324021,903324032,903324035,903324043,903324049,903324050,903324056,903324058,903324072,903324073,903324074,903324075,903324094,903324100,903324113,903324119,903324133,903324134,903324137,812310161,903324142,812310162,812310163,903324151,903324157,903324160,903324163,903324207)
 Cron execution ended at: 2022-04-28 13:54:20

***********************************************************

 Cron execution started at :2022-04-28 13:56:01 

 Total Count =>69

Total records SUCCESS: 0
() 
Total records FAIL: 5
(903324253,903324268,903324271,903324283,903324297) 
 Total records PENDING: 0
()
 Total records No Response: 64
(903323824,903323826,903323842,903323850,903323851,903323860,903323867,903323875,903323879,903323886,903323891,903323904,903323920,903323921,812310147,903323945,903323968,903323977,903323992,903323994,903323997,903324002,903324016,903324021,903324032,903324035,903324043,903324049,903324050,903324056,903324058,903324072,903324073,903324074,903324075,903324094,903324100,903324113,903324119,903324133,903324134,903324137,812310161,903324142,812310162,812310163,903324151,903324157,903324160,903324163,903324207,812310174,903324232,903324234,903324243,903324246,812310176,903324251,903324254,903324261,903324273,903324284,903324289,903324294)
 Cron execution ended at: 2022-04-28 14:01:35

***********************************************************

 Cron execution started at :2022-04-28 14:07:02 

 Total Count =>82

Total records SUCCESS: 0
() 
Total records FAIL: 3
(903324406,903324408,903324409) 
 Total records PENDING: 0
()
 Total records No Response: 79
(903323824,903323826,903323842,903323850,903323851,903323860,903323867,903323875,903323879,903323886,903323891,903323904,903323920,903323921,812310147,903323945,903323968,903323977,903323992,903323994,903323997,903324002,903324016,903324021,903324032,903324035,903324043,903324049,903324050,903324056,903324058,903324072,903324073,903324074,903324075,903324094,903324100,903324113,903324119,903324133,903324134,903324137,812310161,903324142,812310162,812310163,903324151,903324157,903324160,903324163,903324207,812310174,903324232,903324234,903324243,903324246,812310176,903324251,903324254,903324261,903324273,903324284,903324289,903324294,903324305,903324315,903324317,903324323,903324324,903324331,903324337,812310181,903324347,812310184,903324359,903324364,903324367,903324397,812310191)
 Cron execution ended at: 2022-04-28 14:13:07

***********************************************************

 Cron execution started at :2022-04-28 14:14:01 

 Total Count =>95

Total records SUCCESS: 0
() 
Total records FAIL: 7
(903324453,812310199,903324459,903324463,903324471,903324472,903324474) 
 Total records PENDING: 0
()
 Total records No Response: 88
(903323824,903323826,903323842,903323850,903323851,903323860,903323867,903323875,903323879,903323886,903323891,903323904,903323920,903323921,812310147,903323945,903323968,903323977,903323992,903323994,903323997,903324002,903324016,903324021,903324032,903324035,903324043,903324049,903324050,903324056,903324058,903324072,903324073,903324074,903324075,903324094,903324100,903324113,903324119,903324133,903324134,903324137,812310161,903324142,812310162,812310163,903324151,903324157,903324160,903324163,903324207,812310174,903324232,903324234,903324243,903324246,812310176,903324251,903324254,903324261,903324273,903324284,903324289,903324294,903324305,903324315,903324317,903324323,903324324,903324331,903324337,812310181,903324347,812310184,903324359,903324364,903324367,903324397,812310191,903324414,812310192,812310195,903324437,903324447,812310198,903324473,903324478,903324483)
 Cron execution ended at: 2022-04-28 14:20:59

***********************************************************

 Cron execution started at :2022-04-28 14:21:02 

 Total Count =>96

Total records SUCCESS: 0
() 
Total records FAIL: 2
(903324532,903324535) 
 Total records PENDING: 0
()
 Total records No Response: 94
(903323824,903323826,903323842,903323850,903323851,903323860,903323867,903323875,903323879,903323886,903323891,903323904,903323920,903323921,812310147,903323945,903323968,903323977,903323992,903323994,903323997,903324002,903324016,903324021,903324032,903324035,903324043,903324049,903324050,903324056,903324058,903324072,903324073,903324074,903324075,903324094,903324100,903324113,903324119,903324133,903324134,903324137,812310161,903324142,812310162,812310163,903324151,903324157,903324160,903324163,903324207,812310174,903324232,903324234,903324243,903324246,812310176,903324251,903324254,903324261,903324273,903324284,903324289,903324294,903324305,903324315,903324317,903324323,903324324,903324331,903324337,812310181,903324347,812310184,903324359,903324364,903324367,903324397,812310191,903324414,812310192,812310195,903324437,903324447,812310198,903324473,903324478,903324483,812310203,903324512,903324516,903324525,903324529,903324536)
 Cron execution ended at: 2022-04-28 14:27:36

***********************************************************

 Cron execution started at :2022-04-28 14:28:01 

 Total Count =>98

Total records SUCCESS: 0
() 
Total records FAIL: 2
(903324578,903324579) 
 Total records PENDING: 0
()
 Total records No Response: 96
(903323824,903323826,903323842,903323850,903323851,903323860,903323867,903323875,903323879,903323886,903323891,903323904,903323920,903323921,812310147,903323945,903323968,903323977,903323992,903323994,903323997,903324002,903324016,903324021,903324032,903324035,903324043,903324049,903324050,903324056,903324058,903324072,903324073,903324074,903324075,903324094,903324100,903324113,903324119,903324133,903324134,903324137,812310161,903324142,812310162,812310163,903324151,903324157,903324160,903324163,903324207,812310174,903324232,903324234,903324243,903324246,812310176,903324251,903324254,903324261,903324273,903324284,903324289,903324294,903324305,903324315,903324317,903324323,903324324,903324331,903324337,812310181,903324347,812310184,903324359,903324364,903324367,903324397,812310191,903324414,812310192,812310195,903324437,903324447,812310198,903324473,903324478,903324483,812310203,903324512,903324516,903324525,903324529,903324536,903324552,903324577)
 Cron execution ended at: 2022-04-28 14:34:43

***********************************************************

 Cron execution started at :2022-04-28 14:35:02 

 Total Count =>102

Total records SUCCESS: 0
() 
Total records FAIL: 0
() 
 Total records PENDING: 0
()
 Total records No Response: 102
(903323824,903323826,903323842,903323850,903323851,903323860,903323867,903323875,903323879,903323886,903323891,903323904,903323920,903323921,812310147,903323945,903323968,903323977,903323992,903323994,903323997,903324002,903324016,903324021,903324032,903324035,903324043,903324049,903324050,903324056,903324058,903324072,903324073,903324074,903324075,903324094,903324100,903324113,903324119,903324133,903324134,903324137,812310161,903324142,812310162,812310163,903324151,903324157,903324160,903324163,903324207,812310174,903324232,903324234,903324243,903324246,812310176,903324251,903324254,903324261,903324273,903324284,903324289,903324294,903324305,903324315,903324317,903324323,903324324,903324331,903324337,812310181,903324347,812310184,903324359,903324364,903324367,903324397,812310191,903324414,812310192,812310195,903324437,903324447,812310198,903324473,903324478,903324483,812310203,903324512,903324516,903324525,903324529,903324536,903324552,903324577,903324593,903324604,903324611,903324616,903324622,903324629)
 Cron execution ended at: 2022-04-28 14:41:56

***********************************************************

 Cron execution started at :2022-04-28 14:42:25 

 Total Count =>99

Total records SUCCESS: 0
() 
Total records FAIL: 1
(903324666) 
 Total records PENDING: 0
()
 Total records No Response: 98
(903323886,903323891,903323904,903323920,903323921,812310147,903323945,903323968,903323977,903323992,903323994,903323997,903324002,903324016,903324021,903324032,903324035,903324043,903324049,903324050,903324056,903324058,903324072,903324073,903324074,903324075,903324094,903324100,903324113,903324119,903324133,903324134,903324137,812310161,903324142,812310162,812310163,903324151,903324157,903324160,903324163,903324207,812310174,903324232,903324234,903324243,903324246,812310176,903324251,903324254,903324261,903324273,903324284,903324289,903324294,903324305,903324315,903324317,903324323,903324324,903324331,903324337,812310181,903324347,812310184,903324359,903324364,903324367,903324397,812310191,903324414,812310192,812310195,903324437,903324447,812310198,903324473,903324478,903324483,812310203,903324512,903324516,903324525,903324529,903324536,903324552,903324577,903324593,903324604,903324611,903324616,903324622,903324629,903324639,903324643,903324661,903324663,903324667)
 Cron execution ended at: 2022-04-28 14:49:08

***********************************************************

 Cron execution started at :2022-04-28 14:49:26 

 Total Count =>98

Total records SUCCESS: 0
() 
Total records FAIL: 3
(903324732,903324736,903324747) 
 Total records PENDING: 0
()
 Total records No Response: 95
(903323992,903323994,903323997,903324002,903324016,903324021,903324032,903324035,903324043,903324049,903324050,903324056,903324058,903324072,903324073,903324074,903324075,903324094,903324100,903324113,903324119,903324133,903324134,903324137,812310161,903324142,812310162,812310163,903324151,903324157,903324160,903324163,903324207,812310174,903324232,903324234,903324243,903324246,812310176,903324251,903324254,903324261,903324273,903324284,903324289,903324294,903324305,903324315,903324317,903324323,903324324,903324331,903324337,812310181,903324347,812310184,903324359,903324364,903324367,903324397,812310191,903324414,812310192,812310195,903324437,903324447,812310198,903324473,903324478,903324483,812310203,903324512,903324516,903324525,903324529,903324536,903324552,903324577,903324593,903324604,903324611,903324616,903324622,903324629,903324639,903324643,903324661,903324663,903324667,903324678,903324693,903324701,903324724,903324729,903324739)
 Cron execution ended at: 2022-04-28 14:56:04

***********************************************************

 Cron execution started at :2022-04-28 15:00:02 

 Total Count =>93

Total records SUCCESS: 0
() 
Total records FAIL: 7
(903324315,812310195,903324815,903324820,903324821,903324822,903324825) 
 Total records PENDING: 0
()
 Total records No Response: 86
(903324113,903324119,903324133,903324134,903324137,812310161,903324142,812310162,812310163,903324151,903324157,903324160,903324163,903324207,812310174,903324232,903324234,903324243,903324246,812310176,903324251,903324254,903324261,903324273,903324284,903324289,903324294,903324305,903324317,903324323,903324324,903324331,903324337,812310181,903324347,812310184,903324359,903324364,903324367,903324397,812310191,903324414,812310192,903324437,903324447,812310198,903324473,903324478,903324483,812310203,903324512,903324516,903324525,903324529,903324536,903324552,903324577,903324593,903324604,903324611,903324616,903324622,903324629,903324639,903324643,903324661,903324663,903324667,903324678,903324693,903324701,903324724,903324729,903324739,903324768,903324774,903324775,903324784,903324788,903324799,903324800,903324804,903324806,903324812,903324816,903324824)
 Cron execution ended at: 2022-04-28 15:05:56

***********************************************************

 Cron execution started at :2022-04-28 15:07:02 

 Total Count =>75

Total records SUCCESS: 0
() 
Total records FAIL: 2
(903324234,812310181) 
 Total records PENDING: 0
()
 Total records No Response: 73
(903324207,812310174,903324232,903324246,812310176,903324251,903324254,903324261,903324273,903324284,903324289,903324294,903324305,903324317,903324323,903324324,903324331,903324337,903324347,812310184,903324359,903324364,903324367,903324397,812310191,903324414,903324437,903324447,812310198,903324473,903324478,903324483,812310203,903324512,903324516,903324525,903324529,903324536,903324552,903324577,903324593,903324604,903324611,903324616,903324622,903324629,903324639,903324643,903324661,903324663,903324667,903324678,903324693,903324701,903324724,903324729,903324739,903324768,903324774,903324775,903324784,903324788,903324799,903324800,903324804,903324806,903324812,903324816,903324824,903324835,903324837,903324848,903324851)
 Cron execution ended at: 2022-04-28 15:11:52

***********************************************************

 Cron execution started at :2022-04-28 15:14:02 

 Total Count =>68

Total records SUCCESS: 0
() 
Total records FAIL: 5
(903324347,903324913,903324919,903324925,903324931) 
 Total records PENDING: 0
()
 Total records No Response: 62
(903324289,903324294,903324305,903324317,903324323,903324324,903324331,903324337,903324364,903324367,903324397,812310191,903324414,903324437,903324447,812310198,903324473,903324478,903324483,812310203,903324512,903324516,903324525,903324529,903324536,903324552,903324577,903324593,903324604,903324611,903324616,903324622,903324629,903324639,903324643,903324661,903324663,903324667,903324678,903324693,903324701,903324724,903324729,903324739,903324768,903324774,903324775,903324784,903324788,903324799,903324800,903324804,903324806,903324812,903324816,903324824,903324835,903324837,903324848,903324851,903324884,903324902)
 Cron execution ended at: 2022-04-28 15:18:35

***********************************************************

 Cron execution started at :2022-04-28 15:21:01 

 Total Count =>59

Total records SUCCESS: 0
() 
Total records FAIL: 2
(812310191,903324414) 
 Total records PENDING: 0
()
 Total records No Response: 57
(903324367,903324397,903324437,903324447,812310198,903324473,903324478,903324483,812310203,903324512,903324516,903324525,903324529,903324536,903324552,903324577,903324593,903324604,903324611,903324616,903324622,903324629,903324639,903324643,903324661,903324663,903324667,903324678,903324693,903324701,903324724,903324729,903324739,903324768,903324774,903324775,903324784,903324788,903324799,903324800,903324804,903324806,903324812,903324816,903324824,903324835,903324837,903324848,903324851,903324884,903324902,903324936,903324939,903324941,903324968,903324981,903324991)
 Cron execution ended at: 2022-04-28 15:25:09

***********************************************************

 Cron execution started at :2022-04-28 15:28:02 

 Total Count =>62

Total records SUCCESS: 0
() 
Total records FAIL: 1
(903325043) 
 Total records PENDING: 0
()
 Total records No Response: 61
(903324437,903324447,812310198,903324473,903324478,903324483,812310203,903324512,903324516,903324525,903324529,903324536,903324552,903324577,903324593,903324604,903324611,903324616,903324622,903324629,903324639,903324643,903324661,903324663,903324667,903324678,903324693,903324701,903324724,903324729,903324739,903324768,903324774,903324775,903324784,903324788,903324799,903324800,903324804,903324806,903324812,903324816,903324824,903324835,903324837,903324848,903324851,903324884,903324902,903324936,903324939,903324941,903324968,903324981,903324991,903324999,903325022,903325023,903325037,903325040,903325042)
 Cron execution ended at: 2022-04-28 15:32:18

***********************************************************

 Cron execution started at :2022-04-28 15:35:01 

 Total Count =>66

Total records SUCCESS: 0
() 
Total records FAIL: 3
(903325090,812310270,903325095) 
 Total records PENDING: 0
()
 Total records No Response: 63
(812310203,903324512,903324516,903324525,903324529,903324536,903324552,903324577,903324593,903324604,903324611,903324616,903324622,903324629,903324639,903324643,903324661,903324663,903324667,903324678,903324693,903324701,903324724,903324729,903324739,903324768,903324774,903324775,903324784,903324788,903324799,903324800,903324804,903324806,903324812,903324816,903324824,903324835,903324837,903324848,903324851,903324884,903324902,903324936,903324939,903324941,903324968,903324981,903324991,903324999,903325022,903325023,903325037,903325040,903325042,903325047,903325057,903325063,903325072,903325078,903325087,903325093,903325096)
 Cron execution ended at: 2022-04-28 15:39:33

***********************************************************

 Cron execution started at :2022-04-28 15:42:01 

 Total Count =>63

Total records SUCCESS: 0
() 
Total records FAIL: 0
() 
 Total records PENDING: 0
()
 Total records No Response: 63
(903324552,903324577,903324593,903324604,903324611,903324616,903324622,903324629,903324639,903324643,903324661,903324663,903324667,903324678,903324693,903324701,903324724,903324729,903324739,903324768,903324774,903324775,903324784,903324788,903324799,903324800,903324804,903324806,903324812,903324816,903324824,903324835,903324837,903324848,903324851,903324884,903324902,903324936,903324939,903324941,903324968,903324981,903324991,903324999,903325022,903325023,903325037,903325040,903325042,903325047,903325057,903325063,903325072,903325078,903325087,903325093,903325096,812310273,812310274,812310275,812310276,903325158,903325166)
 Cron execution ended at: 2022-04-28 15:46:16

***********************************************************

 Cron execution started at :2022-04-28 15:49:01 

 Total Count =>70

Total records SUCCESS: 0
() 
Total records FAIL: 1
(903325215) 
 Total records PENDING: 0
()
 Total records No Response: 69
(903324593,903324604,903324611,903324616,903324622,903324629,903324639,903324643,903324661,903324663,903324667,903324678,903324693,903324701,903324724,903324729,903324739,903324768,903324774,903324775,903324784,903324788,903324799,903324800,903324804,903324806,903324812,903324816,903324824,903324835,903324837,903324848,903324851,903324884,903324902,903324936,903324939,903324941,903324968,903324981,903324991,903324999,903325022,903325023,903325037,903325040,903325042,903325047,903325057,903325063,903325072,903325078,903325087,903325093,903325096,812310273,812310274,812310275,812310276,903325158,903325166,903325180,903325181,812310280,903325187,812310282,812310283,903325208,903325214)
 Cron execution ended at: 2022-04-28 15:53:48

***********************************************************

 Cron execution started at :2022-04-28 15:56:02 

 Total Count =>73

Total records SUCCESS: 0
() 
Total records FAIL: 3
(903325259,903325264,903325265) 
 Total records PENDING: 0
()
 Total records No Response: 70
(903324643,903324661,903324663,903324667,903324678,903324693,903324701,903324724,903324729,903324739,903324768,903324774,903324775,903324784,903324788,903324799,903324800,903324804,903324806,903324812,903324816,903324824,903324835,903324837,903324848,903324851,903324884,903324902,903324936,903324939,903324941,903324968,903324981,903324991,903324999,903325022,903325023,903325037,903325040,903325042,903325047,903325057,903325063,903325072,903325078,903325087,903325093,903325096,812310273,812310274,812310275,812310276,903325158,903325166,903325180,903325181,812310280,903325187,812310282,812310283,903325208,903325214,903325226,903325228,903325235,903325239,903325243,903325252,903325253,903325258)
 Cron execution ended at: 2022-04-28 16:01:15

***********************************************************

 Cron execution started at :2022-04-28 16:07:02 

 Total Count =>68

Total records SUCCESS: 0
() 
Total records FAIL: 0
() 
 Total records PENDING: 0
()
 Total records No Response: 68
(903324724,903324729,903324739,903324768,903324774,903324775,903324784,903324788,903324799,903324800,903324804,903324806,903324812,903324816,903324824,903324835,903324837,903324848,903324851,903324884,903324902,903324936,903324939,903324941,903324968,903324981,903324991,903324999,903325022,903325023,903325037,903325040,903325042,903325047,903325057,903325063,903325072,903325078,903325087,903325093,903325096,812310273,812310274,812310275,812310276,903325158,903325166,903325180,903325181,812310280,903325187,812310282,812310283,903325208,903325214,903325226,903325228,903325235,903325239,903325243,903325252,903325253,903325258,903325274,903325285,812310298,903325293,903325296)
 Cron execution ended at: 2022-04-28 16:12:06

***********************************************************

 Cron execution started at :2022-04-28 16:14:01 

 Total Count =>62

Total records SUCCESS: 0
() 
Total records FAIL: 0
() 
 Total records PENDING: 0
()
 Total records No Response: 62
(903324784,903324788,903324799,903324800,903324804,903324806,903324812,903324816,903324824,903324835,903324837,903324848,903324851,903324884,903324902,903324936,903324939,903324941,903324968,903324981,903324991,903324999,903325022,903325023,903325037,903325040,903325042,903325047,903325057,903325063,903325072,903325078,903325087,903325093,903325096,812310273,812310274,812310275,812310276,903325158,903325166,903325180,903325181,812310280,903325187,812310282,812310283,903325208,903325214,903325226,903325228,903325235,903325239,903325243,903325252,903325253,903325258,903325274,903325285,812310298,903325293,903325296)
 Cron execution ended at: 2022-04-28 16:18:48

***********************************************************

 Cron execution started at :2022-04-28 16:21:02 

 Total Count =>51

Total records SUCCESS: 0
() 
Total records FAIL: 4
(903324848,903324939,903324968,903324981) 
 Total records PENDING: 0
()
 Total records No Response: 47
(903324851,903324884,903324902,903324936,903324941,903324991,903324999,903325022,903325023,903325037,903325040,903325042,903325047,903325057,903325063,903325072,903325078,903325087,903325093,903325096,812310273,812310274,812310275,812310276,903325158,903325166,903325180,903325181,812310280,903325187,812310282,812310283,903325208,903325214,903325226,903325228,903325235,903325239,903325243,903325252,903325253,903325258,903325274,903325285,812310298,903325293,903325296)
 Cron execution ended at: 2022-04-28 16:24:50

***********************************************************

 Cron execution started at :2022-04-28 16:28:02 

 Total Count =>45

Total records SUCCESS: 0
() 
Total records FAIL: 2
(903324936,903324941) 
 Total records PENDING: 0
()
 Total records No Response: 43
(903324902,903324991,903324999,903325022,903325023,903325037,903325040,903325042,903325047,903325057,903325063,903325072,903325078,903325087,903325093,903325096,812310273,812310274,812310275,812310276,903325158,903325166,903325180,903325181,812310280,903325187,812310282,812310283,903325208,903325214,903325226,903325228,903325235,903325239,903325243,903325252,903325253,903325258,903325274,903325285,812310298,903325293,903325296)
 Cron execution ended at: 2022-04-28 16:31:06

***********************************************************

 Cron execution started at :2022-04-28 16:35:02 

 Total Count =>42

Total records SUCCESS: 0
() 
Total records FAIL: 0
() 
 Total records PENDING: 0
()
 Total records No Response: 42
(903324991,903324999,903325022,903325023,903325037,903325040,903325042,903325047,903325057,903325063,903325072,903325078,903325087,903325093,903325096,812310273,812310274,812310275,812310276,903325158,903325166,903325180,903325181,812310280,903325187,812310282,812310283,903325208,903325214,903325226,903325228,903325235,903325239,903325243,903325252,903325253,903325258,903325274,903325285,812310298,903325293,903325296)
 Cron execution ended at: 2022-04-28 16:37:50

***********************************************************

 Cron execution started at :2022-04-28 16:42:01 

 Total Count =>41

Total records SUCCESS: 0
() 
Total records FAIL: 0
() 
 Total records PENDING: 0
()
 Total records No Response: 41
(903324999,903325022,903325023,903325037,903325040,903325042,903325047,903325057,903325063,903325072,903325078,903325087,903325093,903325096,812310273,812310274,812310275,812310276,903325158,903325166,903325180,903325181,812310280,903325187,812310282,812310283,903325208,903325214,903325226,903325228,903325235,903325239,903325243,903325252,903325253,903325258,903325274,903325285,812310298,903325293,903325296)
 Cron execution ended at: 2022-04-28 16:44:48

***********************************************************

 Cron execution started at :2022-04-28 16:49:01 

 Total Count =>41

Total records SUCCESS: 0
() 
Total records FAIL: 0
() 
 Total records PENDING: 0
()
 Total records No Response: 41
(903325057,903325063,903325072,903325078,903325087,903325093,903325096,812310273,812310274,812310275,812310276,903325158,903325166,903325180,903325181,812310280,903325187,812310282,812310283,903325208,903325214,903325226,903325228,903325235,903325239,903325243,903325252,903325253,903325258,903325274,903325285,812310298,903325293,903325296,903325312,903325314,903325318,903325327,903325341,903325344,903325347)
 Cron execution ended at: 2022-04-28 16:51:49

***********************************************************

 Cron execution started at :2022-04-28 16:56:01 

 Total Count =>42

Total records SUCCESS: 0
() 
Total records FAIL: 0
() 
 Total records PENDING: 0
()
 Total records No Response: 42
(812310273,812310274,812310275,812310276,903325158,903325166,903325180,903325181,812310280,903325187,812310282,812310283,903325208,903325214,903325226,903325228,903325235,903325239,903325243,903325252,903325253,903325258,903325274,903325285,812310298,903325293,903325296,903325312,903325314,903325318,903325327,903325341,903325344,903325347,903325354,903325375,903325380,903325386,903325394,903325406,903325418,903325419)
 Cron execution ended at: 2022-04-28 16:59:04

***********************************************************

 Cron execution started at :2022-04-28 17:00:02 

 Total Count =>47

Total records SUCCESS: 0
() 
Total records FAIL: 2
(903325446,903325460) 
 Total records PENDING: 0
()
 Total records No Response: 45
(812310276,903325158,903325166,903325180,903325181,812310280,903325187,812310282,812310283,903325208,903325214,903325226,903325228,903325235,903325239,903325243,903325252,903325253,903325258,903325274,903325285,812310298,903325293,903325296,903325312,903325314,903325318,903325327,903325341,903325344,903325347,903325354,903325375,903325380,903325386,903325394,903325406,903325418,903325419,903325435,903325437,903325438,903325439,812310314,903325454)
 Cron execution ended at: 2022-04-28 17:03:49

***********************************************************

 Cron execution started at :2022-04-28 17:07:02 

 Total Count =>51

Total records SUCCESS: 0
() 
Total records FAIL: 5
(903325500,903325516,903325519,903325523,903325524) 
 Total records PENDING: 0
()
 Total records No Response: 46
(903325208,903325214,903325226,903325228,903325235,903325239,903325243,903325252,903325253,903325258,903325274,903325285,812310298,903325293,903325296,903325312,903325314,903325318,903325327,903325341,903325344,903325347,903325354,903325375,903325380,903325386,903325394,903325406,903325418,903325419,903325435,903325437,903325438,903325439,812310314,903325454,903325467,812310319,903325473,812310323,903325491,903325496,903325502,903325505,903325518,903325528)
 Cron execution ended at: 2022-04-28 17:11:22

***********************************************************

 Cron execution started at :2022-04-28 17:14:02 

 Total Count =>53

Total records SUCCESS: 0
() 
Total records FAIL: 7
(903325585,903325588,903325589,903325594,903325600,903325605,812310340) 
 Total records PENDING: 0
()
 Total records No Response: 46
(903325258,903325274,903325285,812310298,903325293,903325296,903325312,903325314,903325318,903325327,903325341,903325344,903325347,903325354,903325375,903325380,903325386,903325394,903325406,903325418,903325419,903325435,903325437,903325438,903325439,812310314,903325454,903325467,812310319,903325473,812310323,903325491,903325496,903325502,903325505,903325518,903325528,903325540,903325548,903325553,903325569,903325570,903325572,903325579,903325591,903325596)
 Cron execution ended at: 2022-04-28 17:18:13

***********************************************************

 Cron execution started at :2022-04-28 17:21:02 

 Total Count =>54

Total records SUCCESS: 0
() 
Total records FAIL: 2
(903325645,903325661) 
 Total records PENDING: 0
()
 Total records No Response: 52
(903325312,903325314,903325318,903325327,903325341,903325344,903325347,903325354,903325375,903325380,903325386,903325394,903325406,903325418,903325419,903325435,903325437,903325438,903325439,812310314,903325454,903325467,812310319,903325473,812310323,903325491,903325496,903325502,903325505,903325518,903325528,903325540,903325548,903325553,903325569,903325570,903325572,903325579,903325591,903325596,903325618,812310342,903325625,903325626,812310343,903325633,903325634,903325638,903325640,903325644,903325649,903325650)
 Cron execution ended at: 2022-04-28 17:24:57

***********************************************************

 Cron execution started at :2022-04-28 17:28:01 

 Total Count =>62

Total records SUCCESS: 0
() 
Total records FAIL: 1
(812310358) 
 Total records PENDING: 0
()
 Total records No Response: 61
(903325312,903325314,903325318,903325327,903325341,903325344,903325347,903325354,903325375,903325380,903325386,903325394,903325406,903325418,903325419,903325435,903325437,903325438,903325439,812310314,903325454,903325467,812310319,903325473,812310323,903325491,903325496,903325502,903325505,903325518,903325528,903325540,903325548,903325553,903325569,903325570,903325572,903325579,903325591,903325596,903325618,812310342,903325625,903325626,812310343,903325633,903325634,903325638,903325640,903325644,903325649,903325650,903325676,903325684,903325696,903325710,903325711,903325715,812310355,903325729,903325732)
 Cron execution ended at: 2022-04-28 17:32:16

***********************************************************

 Cron execution started at :2022-04-28 17:35:02 

 Total Count =>69

Total records SUCCESS: 0
() 
Total records FAIL: 4
(903325781,903325782,903325789,903325790) 
 Total records PENDING: 0
()
 Total records No Response: 65
(903325312,903325314,903325318,903325327,903325341,903325344,903325347,903325354,903325375,903325380,903325386,903325394,903325406,903325418,903325419,903325435,903325437,903325438,903325439,812310314,903325454,903325467,812310319,903325473,812310323,903325491,903325496,903325502,903325505,903325518,903325528,903325540,903325548,903325553,903325569,903325570,903325572,903325579,903325591,903325596,903325618,812310342,903325625,903325626,812310343,903325633,903325634,903325638,903325640,903325644,903325649,903325650,903325676,903325684,903325696,903325710,903325711,903325715,812310355,903325729,903325732,812310369,903325756,903325764,903325788)
 Cron execution ended at: 2022-04-28 17:40:08

***********************************************************

 Cron execution started at :2022-04-28 17:42:01 

 Total Count =>72

Total records SUCCESS: 0
() 
Total records FAIL: 0
() 
 Total records PENDING: 0
()
 Total records No Response: 72
(903325312,903325314,903325318,903325327,903325341,903325344,903325347,903325354,903325375,903325380,903325386,903325394,903325406,903325418,903325419,903325435,903325437,903325438,903325439,812310314,903325454,903325467,812310319,903325473,812310323,903325491,903325496,903325502,903325505,903325518,903325528,903325540,903325548,903325553,903325569,903325570,903325572,903325579,903325591,903325596,903325618,812310342,903325625,903325626,812310343,903325633,903325634,903325638,903325640,903325644,903325649,903325650,903325676,903325684,903325696,903325710,903325711,903325715,812310355,903325729,903325732,812310369,903325756,903325764,903325788,903325797,903325813,903325817,903325820,812310376,903325832,812310379)
 Cron execution ended at: 2022-04-28 17:46:51

***********************************************************

 Cron execution started at :2022-04-28 17:49:01 

 Total Count =>83

Total records SUCCESS: 0
() 
Total records FAIL: 0
() 
 Total records PENDING: 0
()
 Total records No Response: 83
(903325312,903325314,903325318,903325327,903325341,903325344,903325347,903325354,903325375,903325380,903325386,903325394,903325406,903325418,903325419,903325435,903325437,903325438,903325439,812310314,903325454,903325467,812310319,903325473,812310323,903325491,903325496,903325502,903325505,903325518,903325528,903325540,903325548,903325553,903325569,903325570,903325572,903325579,903325591,903325596,903325618,812310342,903325625,903325626,812310343,903325633,903325634,903325638,903325640,903325644,903325649,903325650,903325676,903325684,903325696,903325710,903325711,903325715,812310355,903325729,903325732,812310369,903325756,903325764,903325788,903325797,903325813,903325817,903325820,812310376,903325832,812310379,903325848,903325856,812310385,903325863,903325866,903325870,903325880,903325886,903325887,903325893,903325898)
 Cron execution ended at: 2022-04-28 17:54:46

***********************************************************

 Cron execution started at :2022-04-28 17:56:01 

 Total Count =>92

Total records SUCCESS: 0
() 
Total records FAIL: 0
() 
 Total records PENDING: 0
()
 Total records No Response: 92
(903325312,903325314,903325318,903325327,903325341,903325344,903325347,903325354,903325375,903325380,903325386,903325394,903325406,903325418,903325419,903325435,903325437,903325438,903325439,812310314,903325454,903325467,812310319,903325473,812310323,903325491,903325496,903325502,903325505,903325518,903325528,903325540,903325548,903325553,903325569,903325570,903325572,903325579,903325591,903325596,903325618,812310342,903325625,903325626,812310343,903325633,903325634,903325638,903325640,903325644,903325649,903325650,903325676,903325684,903325696,903325710,903325711,903325715,812310355,903325729,903325732,812310369,903325756,903325764,903325788,903325797,903325813,903325817,903325820,812310376,903325832,812310379,903325848,903325856,812310385,903325863,903325866,903325870,903325880,903325886,903325887,903325893,903325898,903325912,903325914,812310391,903325934,903325937,903325946,903325961,903325963,812310396)
 Cron execution ended at: 2022-04-28 18:02:10

***********************************************************

 Cron execution started at :2022-04-28 18:07:01 

 Total Count =>104

Total records SUCCESS: 0
() 
Total records FAIL: 5
(903326057,903326058,903326065,903326070,903326075) 
 Total records PENDING: 0
()
 Total records No Response: 99
(903325341,903325344,903325347,903325354,903325375,903325380,903325386,903325394,903325406,903325418,903325419,903325435,903325437,903325438,903325439,812310314,903325454,903325467,812310319,903325473,812310323,903325491,903325496,903325502,903325505,903325518,903325528,903325540,903325548,903325553,903325569,903325570,903325572,903325579,903325591,903325596,903325618,812310342,903325625,903325626,812310343,903325633,903325634,903325638,903325640,903325644,903325649,903325650,903325676,903325684,903325696,903325710,903325711,903325715,812310355,903325729,903325732,812310369,903325756,903325764,903325788,903325797,903325813,903325817,903325820,812310376,903325832,812310379,903325848,903325856,812310385,903325863,903325866,903325870,903325880,903325886,903325887,903325893,903325898,903325912,903325914,812310391,903325934,903325937,903325946,903325961,903325963,812310396,903325986,903325991,903326005,903326007,903326019,903326030,903326032,903326034,903326050,903326059,903326072)
 Cron execution ended at: 2022-04-28 18:14:27

***********************************************************

 Cron execution started at :2022-04-28 18:21:02 

 Total Count =>94

Total records SUCCESS: 0
() 
Total records FAIL: 11
(812310319,903325473,812310323,903325491,903325496,903325518,903325528,903325569,812310342,903325638,903325696) 
 Total records PENDING: 0
()
 Total records No Response: 83
(903325502,903325505,903325540,903325548,903325553,903325570,903325572,903325579,903325591,903325596,903325618,903325625,903325626,812310343,903325633,903325634,903325640,903325644,903325649,903325650,903325676,903325711,903325715,812310355,903325729,903325732,812310369,903325756,903325764,903325788,903325797,903325813,903325817,903325820,812310376,903325832,812310379,903325848,903325856,812310385,903325863,903325866,903325870,903325880,903325886,903325887,903325893,903325898,903325912,903325914,812310391,903325934,903325937,903325946,903325961,903325963,812310396,903325986,903325991,903326005,903326007,903326019,903326030,903326032,903326034,903326050,903326059,903326072,903326090,903326095,903326098,903326101,903326107,903326120,903326124,903326129,903326134,812310421,903326135,903326136,903326137,903326138,903326139)
 Cron execution ended at: 2022-04-28 18:26:58

***********************************************************

 Cron execution started at :2022-04-28 18:28:01 

 Total Count =>79

Total records SUCCESS: 0
() 
Total records FAIL: 0
() 
 Total records PENDING: 0
()
 Total records No Response: 79
(903325553,903325570,903325572,903325579,903325591,903325596,903325618,903325625,903325626,812310343,903325633,903325634,903325640,903325644,903325649,903325650,903325676,903325711,903325715,812310355,903325729,903325732,812310369,903325756,903325764,903325788,903325797,903325813,903325817,903325820,812310376,903325832,812310379,903325848,903325856,812310385,903325863,903325866,903325870,903325880,903325886,903325887,903325893,903325898,903325912,903325914,812310391,903325934,903325937,903325946,903325961,903325963,812310396,903325986,903325991,903326005,903326007,903326019,903326030,903326032,903326034,903326050,903326059,903326072,903326090,903326095,903326098,903326101,903326107,903326120,903326124,903326129,903326134,812310421,903326135,903326136,903326137,903326138,903326139)
 Cron execution ended at: 2022-04-28 18:32:41

***********************************************************

 Cron execution started at :2022-04-28 18:35:02 

 Total Count =>67

Total records SUCCESS: 0
() 
Total records FAIL: 2
(903325626,812310343) 
 Total records PENDING: 0
()
 Total records No Response: 65
(903325625,903325633,903325650,903325711,903325715,812310355,903325729,903325732,812310369,903325756,903325764,903325788,903325797,903325813,903325817,903325820,812310376,903325832,812310379,903325848,903325856,812310385,903325863,903325866,903325870,903325880,903325886,903325887,903325893,903325898,903325912,903325914,812310391,903325934,903325937,903325946,903325961,903325963,812310396,903325986,903325991,903326005,903326007,903326019,903326030,903326032,903326034,903326050,903326059,903326072,903326090,903326095,903326098,903326101,903326107,903326120,903326124,903326129,903326134,812310421,903326135,903326136,903326137,903326138,903326139)
 Cron execution ended at: 2022-04-28 18:38:38

***********************************************************

 Cron execution started at :2022-04-28 18:42:01 

 Total Count =>62

Total records SUCCESS: 0
() 
Total records FAIL: 0
() 
 Total records PENDING: 0
()
 Total records No Response: 62
(903325711,903325715,812310355,903325729,903325732,812310369,903325756,903325764,903325788,903325797,903325813,903325817,903325820,812310376,903325832,812310379,903325848,903325856,812310385,903325863,903325866,903325870,903325880,903325886,903325887,903325893,903325898,903325912,903325914,812310391,903325934,903325937,903325946,903325961,903325963,812310396,903325986,903325991,903326005,903326007,903326019,903326030,903326032,903326034,903326050,903326059,903326072,903326090,903326095,903326098,903326101,903326107,903326120,903326124,903326129,903326134,812310421,903326135,903326136,903326137,903326138,903326139)
 Cron execution ended at: 2022-04-28 18:45:28

***********************************************************

 Cron execution started at :2022-04-28 18:49:02 

 Total Count =>57

Total records SUCCESS: 0
() 
Total records FAIL: 0
() 
 Total records PENDING: 0
()
 Total records No Response: 57
(812310369,903325756,903325764,903325788,903325797,903325813,903325817,903325820,812310376,903325832,812310379,903325848,903325856,812310385,903325863,903325866,903325870,903325880,903325886,903325887,903325893,903325898,903325912,903325914,812310391,903325934,903325937,903325946,903325961,903325963,812310396,903325986,903325991,903326005,903326007,903326019,903326030,903326032,903326034,903326050,903326059,903326072,903326090,903326095,903326098,903326101,903326107,903326120,903326124,903326129,903326134,812310421,903326135,903326136,903326137,903326138,903326139)
 Cron execution ended at: 2022-04-28 18:52:27

***********************************************************

 Cron execution started at :2022-04-28 18:56:01 

 Total Count =>53

Total records SUCCESS: 0
() 
Total records FAIL: 0
() 
 Total records PENDING: 0
()
 Total records No Response: 53
(903325797,903325813,903325817,903325820,812310376,903325832,812310379,903325848,903325856,812310385,903325863,903325866,903325870,903325880,903325886,903325887,903325893,903325898,903325912,903325914,812310391,903325934,903325937,903325946,903325961,903325963,812310396,903325986,903325991,903326005,903326007,903326019,903326030,903326032,903326034,903326050,903326059,903326072,903326090,903326095,903326098,903326101,903326107,903326120,903326124,903326129,903326134,812310421,903326135,903326136,903326137,903326138,903326139)
 Cron execution ended at: 2022-04-28 18:59:08

***********************************************************

 Cron execution started at :2022-04-28 19:00:02 

 Total Count =>46

Total records SUCCESS: 0
() 
Total records FAIL: 0
() 
 Total records PENDING: 0
()
 Total records No Response: 46
(903325848,903325856,812310385,903325863,903325866,903325870,903325880,903325886,903325887,903325893,903325898,903325912,903325914,812310391,903325934,903325937,903325946,903325961,903325963,812310396,903325986,903325991,903326005,903326007,903326019,903326030,903326032,903326034,903326050,903326059,903326072,903326090,903326095,903326098,903326101,903326107,903326120,903326124,903326129,903326134,812310421,903326135,903326136,903326137,903326138,903326139)
 Cron execution ended at: 2022-04-28 19:02:51

***********************************************************

 Cron execution started at :2022-04-28 19:07:01 

 Total Count =>40

Total records SUCCESS: 0
() 
Total records FAIL: 0
() 
 Total records PENDING: 0
()
 Total records No Response: 40
(903325880,903325886,903325887,903325893,903325898,903325912,903325914,812310391,903325934,903325937,903325946,903325961,903325963,812310396,903325986,903325991,903326005,903326007,903326019,903326030,903326032,903326034,903326050,903326059,903326072,903326090,903326095,903326098,903326101,903326107,903326120,903326124,903326129,903326134,812310421,903326135,903326136,903326137,903326138,903326139)
 Cron execution ended at: 2022-04-28 19:09:32

***********************************************************

 Cron execution started at :2022-04-28 19:14:02 

 Total Count =>29

Total records SUCCESS: 0
() 
Total records FAIL: 0
() 
 Total records PENDING: 0
()
 Total records No Response: 29
(903325961,903325963,812310396,903325986,903325991,903326005,903326007,903326019,903326030,903326032,903326034,903326050,903326059,903326072,903326090,903326095,903326098,903326101,903326107,903326120,903326124,903326129,903326134,812310421,903326135,903326136,903326137,903326138,903326139)
 Cron execution ended at: 2022-04-28 19:15:40

***********************************************************

 Cron execution started at :2022-04-28 19:21:01 

 Total Count =>30

Total records SUCCESS: 0
() 
Total records FAIL: 3
(903326090,903326095,903326202) 
 Total records PENDING: 0
()
 Total records No Response: 27
(903326030,903326032,903326034,903326050,903326059,903326072,903326098,903326101,903326107,903326120,903326124,903326129,903326134,812310421,903326135,903326136,903326137,903326138,903326139,903326159,903326160,903326165,903326184,903326187,903326196,812310429,903326200)
 Cron execution ended at: 2022-04-28 19:22:56

***********************************************************

 Cron execution started at :2022-04-28 19:28:01 

 Total Count =>25

Total records SUCCESS: 0
() 
Total records FAIL: 4
(903326098,903326255,812310441,903326260) 
 Total records PENDING: 0
()
 Total records No Response: 21
(903326101,903326120,903326124,903326129,903326134,812310421,903326135,903326136,903326137,903326138,903326139,903326159,903326160,903326165,903326184,903326187,903326196,812310429,903326200,903326233,812310440)
 Cron execution ended at: 2022-04-28 19:29:15

***********************************************************

 Cron execution started at :2022-04-28 19:35:02 

 Total Count =>20

Total records SUCCESS: 0
() 
Total records FAIL: 2
(903326310,903326318) 
 Total records PENDING: 0
()
 Total records No Response: 18
(903326159,903326160,903326165,903326184,903326187,903326196,812310429,903326200,903326233,812310440,903326273,903326293,903326297,812310450,903326301,903326314,903326317,903326320)
 Cron execution ended at: 2022-04-28 19:36:29

***********************************************************

 Cron execution started at :2022-04-28 19:42:01 

 Total Count =>28

Total records SUCCESS: 0
() 
Total records FAIL: 2
(903326375,903326384) 
 Total records PENDING: 0
()
 Total records No Response: 26
(903326159,903326160,903326165,903326184,903326187,903326196,812310429,903326200,903326233,812310440,903326273,903326293,903326297,812310450,903326301,903326314,903326317,903326320,903326324,903326339,903326357,903326361,903326369,903326374,903326376,903326387)
 Cron execution ended at: 2022-04-28 19:44:28

***********************************************************

 Cron execution started at :2022-04-28 19:49:01 

 Total Count =>30

Total records SUCCESS: 0
() 
Total records FAIL: 3
(903326421,903326434,903326436) 
 Total records PENDING: 0
()
 Total records No Response: 27
(903326159,903326160,903326165,903326184,903326187,903326196,812310429,903326200,903326233,812310440,903326273,903326293,903326297,812310450,903326301,903326314,903326317,903326320,903326324,903326339,903326357,903326361,903326369,903326374,903326376,903326387,903326437)
 Cron execution ended at: 2022-04-28 19:51:46

***********************************************************

 Cron execution started at :2022-04-28 19:56:01 

 Total Count =>37

Total records SUCCESS: 0
() 
Total records FAIL: 6
(903326483,903326488,903326492,903326496,903326501,903326504) 
 Total records PENDING: 0
()
 Total records No Response: 31
(903326159,903326160,903326165,903326184,903326187,903326196,812310429,903326200,903326233,812310440,903326273,903326293,903326297,812310450,903326301,903326314,903326317,903326320,903326324,903326339,903326357,903326361,903326369,903326374,903326376,903326387,903326437,903326449,903326479,903326494,903326503)
 Cron execution ended at: 2022-04-28 19:59:35

***********************************************************

 Cron execution started at :2022-04-28 20:00:02 

 Total Count =>42

Total records SUCCESS: 0
() 
Total records FAIL: 7
(903326527,903326531,903326536,903326543,903326544,903326549,903326553) 
 Total records PENDING: 0
()
 Total records No Response: 35
(903326159,903326160,903326165,903326184,903326187,903326196,812310429,903326200,903326233,812310440,903326273,903326293,903326297,812310450,903326301,903326314,903326317,903326320,903326324,903326339,903326357,903326361,903326369,903326374,903326376,903326387,903326437,903326449,903326479,903326494,903326503,903326545,903326546,903326555,812310484)
 Cron execution ended at: 2022-04-28 20:04:03

***********************************************************

 Cron execution started at :2022-04-28 20:07:01 

 Total Count =>41

Total records SUCCESS: 0
() 
Total records FAIL: 1
(903326618) 
 Total records PENDING: 0
()
 Total records No Response: 40
(903326159,903326160,903326165,903326184,903326187,903326196,812310429,903326200,903326233,812310440,903326273,903326293,903326297,812310450,903326301,903326314,903326317,903326320,903326324,903326339,903326357,903326361,903326369,903326374,903326376,903326387,903326437,903326449,903326479,903326494,903326503,903326545,903326546,903326555,812310484,903326568,903326582,903326586,903326593,903326597)
 Cron execution ended at: 2022-04-28 20:10:44

***********************************************************

 Cron execution started at :2022-04-28 20:14:02 

 Total Count =>49

Total records SUCCESS: 0
() 
Total records FAIL: 4
(903326674,903326677,903326683,903326694) 
 Total records PENDING: 0
()
 Total records No Response: 45
(903326159,903326160,903326165,903326184,903326187,903326196,812310429,903326200,903326233,812310440,903326273,903326293,903326297,812310450,903326301,903326314,903326317,903326320,903326324,903326339,903326357,903326361,903326369,903326374,903326376,903326387,903326437,903326449,903326479,903326494,903326503,903326545,903326546,903326555,812310484,903326568,903326582,903326586,903326593,903326597,812310505,903326646,903326654,903326666,903326671)
 Cron execution ended at: 2022-04-28 20:18:28

***********************************************************

 Cron execution started at :2022-04-28 20:21:01 

 Total Count =>56

Total records SUCCESS: 0
() 
Total records FAIL: 9
(903326160,903326187,903326754,903326760,903326762,903326764,903326766,903326771,903326773) 
 Total records PENDING: 0
()
 Total records No Response: 47
(903326159,903326165,903326184,903326196,903326200,903326233,812310440,903326273,903326293,903326297,812310450,903326301,903326314,903326317,903326320,903326324,903326339,903326357,903326361,903326369,903326374,903326376,903326387,903326437,903326449,903326479,903326494,903326503,903326545,903326546,903326555,812310484,903326568,903326582,903326586,903326593,903326597,812310505,903326646,903326654,903326666,903326671,903326714,903326737,903326739,812310523,903326776)
 Cron execution ended at: 2022-04-28 20:26:18

***********************************************************

 Cron execution started at :2022-04-28 20:28:01 

 Total Count =>51

Total records SUCCESS: 0
() 
Total records FAIL: 5
(903326159,903326196,903326200,903326832,903326835) 
 Total records PENDING: 0
()
 Total records No Response: 46
(903326165,903326184,903326233,812310440,903326273,903326293,903326297,812310450,903326301,903326314,903326317,903326320,903326324,903326339,903326357,903326361,903326369,903326374,903326376,903326387,903326437,903326449,903326479,903326494,903326503,903326545,903326546,903326555,812310484,903326568,903326582,903326586,903326593,903326597,812310505,903326646,903326654,903326666,903326671,903326714,903326737,903326739,812310523,903326776,903326818,903326839)
 Cron execution ended at: 2022-04-28 20:32:37

***********************************************************

 Cron execution started at :2022-04-28 20:35:02 

 Total Count =>58

Total records SUCCESS: 0
() 
Total records FAIL: 3
(903326906,903326908,812310555) 
 Total records PENDING: 0
()
 Total records No Response: 55
(903326165,903326184,903326233,812310440,903326273,903326293,903326297,812310450,903326301,903326314,903326317,903326320,903326324,903326339,903326357,903326361,903326369,903326374,903326376,903326387,903326437,903326449,903326479,903326494,903326503,903326545,903326546,903326555,812310484,903326568,903326582,903326586,903326593,903326597,812310505,903326646,903326654,903326666,903326671,903326714,903326737,903326739,812310523,903326776,903326818,903326839,903326848,903326856,812310545,903326862,903326863,903326886,903326901,903326904,903326913)
 Cron execution ended at: 2022-04-28 20:39:41

***********************************************************

 Cron execution started at :2022-04-28 20:42:01 

 Total Count =>65

Total records SUCCESS: 0
() 
Total records FAIL: 2
(903326981,903327001) 
 Total records PENDING: 0
()
 Total records No Response: 63
(903326233,812310440,903326273,903326293,903326297,812310450,903326301,903326314,903326317,903326320,903326324,903326339,903326357,903326361,903326369,903326374,903326376,903326387,903326437,903326449,903326479,903326494,903326503,903326545,903326546,903326555,812310484,903326568,903326582,903326586,903326593,903326597,812310505,903326646,903326654,903326666,903326671,903326714,903326737,903326739,812310523,903326776,903326818,903326839,903326848,903326856,812310545,903326862,903326863,903326886,903326901,903326904,903326913,903326935,903326936,903326950,903326955,903326961,903326982,903326984,903326986,903326989,903326999)
 Cron execution ended at: 2022-04-28 20:47:29

***********************************************************

 Cron execution started at :2022-04-28 20:49:01 

 Total Count =>85

Total records SUCCESS: 0
() 
Total records FAIL: 13
(903327049,903327051,903327055,903327063,903327065,903327070,903327071,903327076,903327078,903327081,812310586,903327108,903327109) 
 Total records PENDING: 0
()
 Total records No Response: 72
(903326293,903326297,812310450,903326301,903326314,903326317,903326320,903326324,903326339,903326357,903326361,903326369,903326374,903326376,903326387,903326437,903326449,903326479,903326494,903326503,903326545,903326546,903326555,812310484,903326568,903326582,903326586,903326593,903326597,812310505,903326646,903326654,903326666,903326671,903326714,903326737,903326739,812310523,903326776,903326818,903326839,903326848,903326856,812310545,903326862,903326863,903326886,903326901,903326904,903326913,903326935,903326936,903326950,903326955,903326961,903326982,903326984,903326986,903326989,903326999,903327021,903327038,812310574,812310577,812310579,812310582,903327067,903327075,812310585,903327095,812310590,903327116)
 Cron execution ended at: 2022-04-28 20:56:39

***********************************************************

 Cron execution started at :2022-04-28 21:00:02 

 Total Count =>69

Total records SUCCESS: 0
() 
Total records FAIL: 3
(903327214,903327218,903327229) 
 Total records PENDING: 0
()
 Total records No Response: 66
(903326374,903326376,903326387,903326437,903326449,903326479,903326494,903326503,903326545,903326546,903326555,812310484,903326568,903326582,903326586,903326593,903326597,812310505,903326646,903326654,903326666,903326671,903326714,903326737,903326739,812310523,903326776,903326818,903326839,903326848,903326856,812310545,903326862,903326863,903326886,903326901,903326904,903326913,903326935,903326936,903326950,903326955,903326961,903326982,903326984,903326986,903326989,903326999,903327021,903327038,812310574,812310577,812310579,812310582,903327067,903327075,812310585,903327095,812310590,903327116,903327128,903327135,903327139,903327141,903327201,903327232)
 Cron execution ended at: 2022-04-28 21:06:15

***********************************************************

 Cron execution started at :2022-04-28 21:07:02 

 Total Count =>68

Total records SUCCESS: 0
() 
Total records FAIL: 7
(903326437,903326545,903326582,903326586,903326597,903326646,903327298) 
 Total records PENDING: 0
()
 Total records No Response: 61
(903326449,903326479,903326494,903326503,903326546,903326555,812310484,903326568,903326593,812310505,903326654,903326666,903326671,903326714,903326737,903326739,812310523,903326776,903326818,903326839,903326848,903326856,812310545,903326862,903326863,903326886,903326901,903326904,903326913,903326935,903326936,903326950,903326955,903326961,903326982,903326984,903326986,903326989,903326999,903327021,903327038,812310574,812310577,812310579,812310582,903327067,903327075,812310585,903327095,812310590,903327116,903327128,903327135,903327139,903327141,903327201,903327232,812310613,903327264,812310616,812310620)
 Cron execution ended at: 2022-04-28 21:12:38

***********************************************************

 Cron execution started at :2022-04-28 21:14:01 

 Total Count =>61

Total records SUCCESS: 0
() 
Total records FAIL: 3
(812310505,903326671,903327363) 
 Total records PENDING: 0
()
 Total records No Response: 58
(903326555,903326568,903326654,903326666,903326714,812310523,903326776,903326818,903326839,903326848,903326856,812310545,903326862,903326863,903326886,903326901,903326904,903326913,903326935,903326936,903326950,903326955,903326961,903326982,903326984,903326986,903326989,903326999,903327021,903327038,812310574,812310577,812310579,812310582,903327067,903327075,812310585,903327095,812310590,903327116,903327128,903327135,903327139,903327141,903327201,903327232,812310613,903327264,812310616,812310620,903327318,903327336,903327337,903327349,903327365,903327366,903327374,903327380)
 Cron execution ended at: 2022-04-28 21:18:31

***********************************************************

 Cron execution started at :2022-04-28 21:21:02 

 Total Count =>71

Total records SUCCESS: 0
() 
Total records FAIL: 6
(903327445,903327447,903327453,903327459,903327461,903327478) 
 Total records PENDING: 0
()
 Total records No Response: 65
(903326654,903326666,903326714,812310523,903326776,903326818,903326839,903326848,903326856,812310545,903326862,903326863,903326886,903326901,903326904,903326913,903326935,903326936,903326950,903326955,903326961,903326982,903326984,903326986,903326989,903326999,903327021,903327038,812310574,812310577,812310579,812310582,903327067,903327075,812310585,903327095,812310590,903327116,903327128,903327135,903327139,903327141,903327201,903327232,812310613,903327264,812310616,812310620,903327318,903327336,903327337,903327349,903327365,903327366,903327374,903327380,812310633,903327416,903327428,903327451,903327456,812310643,903327471,903327476,903327482)
 Cron execution ended at: 2022-04-28 21:26:56

***********************************************************

 Cron execution started at :2022-04-28 21:28:02 

 Total Count =>74

Total records SUCCESS: 0
() 
Total records FAIL: 5
(903327528,903327544,903327552,903327554,903327555) 
 Total records PENDING: 0
()
 Total records No Response: 69
(903326654,903326666,903326714,812310523,903326776,903326818,903326839,903326848,903326856,812310545,903326862,903326863,903326886,903326901,903326904,903326913,903326935,903326936,903326950,903326955,903326961,903326982,903326984,903326986,903326989,903326999,903327021,903327038,812310574,812310577,812310579,812310582,903327067,903327075,812310585,903327095,812310590,903327116,903327128,903327135,903327139,903327141,903327201,903327232,812310613,903327264,812310616,812310620,903327318,903327336,903327337,903327349,903327365,903327366,903327374,903327380,812310633,903327416,903327428,903327451,903327456,812310643,903327471,903327476,903327482,903327500,903327503,903327506,903327513)
 Cron execution ended at: 2022-04-28 21:34:06

***********************************************************

 Cron execution started at :2022-04-28 21:35:02 

 Total Count =>81

Total records SUCCESS: 0
() 
Total records FAIL: 8
(903327585,903327589,812310674,812310675,903327602,903327609,812310677,812310679) 
 Total records PENDING: 0
()
 Total records No Response: 73
(903326714,812310523,903326776,903326818,903326839,903326848,903326856,812310545,903326862,903326863,903326886,903326901,903326904,903326913,903326935,903326936,903326950,903326955,903326961,903326982,903326984,903326986,903326989,903326999,903327021,903327038,812310574,812310577,812310579,812310582,903327067,903327075,812310585,903327095,812310590,903327116,903327128,903327135,903327139,903327141,903327201,903327232,812310613,903327264,812310616,812310620,903327318,903327336,903327337,903327349,903327365,903327366,903327374,903327380,812310633,903327416,903327428,903327451,903327456,812310643,903327471,903327476,903327482,903327500,903327503,903327506,903327513,903327562,812310665,903327578,903327583,903327596,903327605)
 Cron execution ended at: 2022-04-28 21:41:31

***********************************************************

 Cron execution started at :2022-04-28 21:42:02 

 Total Count =>83

Total records SUCCESS: 0
() 
Total records FAIL: 6
(903327660,903327681,903327685,903327686,903327697,903327702) 
 Total records PENDING: 0
()
 Total records No Response: 77
(903326818,903326839,903326848,903326856,812310545,903326862,903326863,903326886,903326901,903326904,903326913,903326935,903326936,903326950,903326955,903326961,903326982,903326984,903326986,903326989,903326999,903327021,903327038,812310574,812310577,812310579,812310582,903327067,903327075,812310585,903327095,812310590,903327116,903327128,903327135,903327139,903327141,903327201,903327232,812310613,903327264,812310616,812310620,903327318,903327336,903327337,903327349,903327365,903327366,903327374,903327380,812310633,903327416,903327428,903327451,903327456,812310643,903327471,903327476,903327482,903327500,903327503,903327506,903327513,903327562,812310665,903327578,903327583,903327596,903327605,903327623,903327639,903327659,903327667,903327683,903327690,903327694)
 Cron execution ended at: 2022-04-28 21:49:27

***********************************************************

 Cron execution started at :2022-04-28 21:56:02 

 Total Count =>78

Total records SUCCESS: 0
() 
Total records FAIL: 15
(903326935,903326936,903326950,903326999,903327067,903327075,903327095,812310590,903327128,903327201,903327264,812310620,903327835,903327855,903327864) 
 Total records PENDING: 0
()
 Total records No Response: 63
(903326955,903326961,903326982,903326984,903326986,903326989,903327021,903327038,812310574,812310577,812310579,812310582,812310585,903327116,903327141,812310613,812310616,903327318,903327336,903327337,903327349,903327365,903327366,903327374,903327380,812310633,903327416,903327428,903327451,903327456,812310643,903327471,903327476,903327482,903327500,903327503,903327506,903327513,903327562,812310665,903327578,903327583,903327596,903327605,903327623,903327639,903327659,903327667,903327683,903327690,903327694,903327704,903327724,812310690,903327752,903327787,903327793,903327816,903327831,903327836,903327843,903327847,903327849)
 Cron execution ended at: 2022-04-28 22:03:04

***********************************************************

 Cron execution started at :2022-04-28 22:07:02 

 Total Count =>67

Total records SUCCESS: 0
() 
Total records FAIL: 4
(903327969,903327983,903327987,903327995) 
 Total records PENDING: 0
()
 Total records No Response: 63
(903327116,812310613,812310616,903327318,903327336,903327337,903327349,903327365,903327366,903327374,903327380,812310633,903327416,903327428,903327451,903327456,812310643,903327471,903327476,903327482,903327500,903327503,903327506,903327513,903327562,812310665,903327578,903327583,903327596,903327605,903327623,903327639,903327659,903327667,903327683,903327690,903327694,903327704,903327724,812310690,903327752,903327787,903327793,903327816,903327831,903327836,903327843,903327847,903327849,903327868,903327870,903327894,812310720,903327912,903327937,903327945,903327955,903327958,903327974,903327984,903327988,812310726,903327998)
 Cron execution ended at: 2022-04-28 22:13:20

***********************************************************

 Cron execution started at :2022-04-28 22:14:01 

 Total Count =>75

Total records SUCCESS: 0
() 
Total records FAIL: 4
(903328053,903328055,903328065,903328085) 
 Total records PENDING: 0
()
 Total records No Response: 71
(812310613,812310616,903327318,903327336,903327337,903327349,903327365,903327366,903327374,903327380,812310633,903327416,903327428,903327451,903327456,812310643,903327471,903327476,903327482,903327500,903327503,903327506,903327513,903327562,812310665,903327578,903327583,903327596,903327605,903327623,903327639,903327659,903327667,903327683,903327690,903327694,903327704,903327724,812310690,903327752,903327787,903327793,903327816,903327831,903327836,903327843,903327847,903327849,903327868,903327870,903327894,812310720,903327912,903327937,903327945,903327955,903327958,903327974,903327984,903327988,812310726,903327998,903328037,903328047,903328050,903328057,903328069,903328077,812310737,812310740,903328103)
 Cron execution ended at: 2022-04-28 22:21:09

***********************************************************

 Cron execution started at :2022-04-28 22:28:02 

 Total Count =>97

Total records SUCCESS: 0
() 
Total records FAIL: 13
(903328233,903328260,903328265,903328270,812310771,903328286,903328291,903328297,903328303,903328307,903328309,812310776,903328323) 
 Total records PENDING: 0
()
 Total records No Response: 84
(903327336,903327337,903327349,903327365,903327366,903327374,903327380,812310633,903327416,903327428,903327451,903327456,812310643,903327471,903327476,903327482,903327500,903327503,903327506,903327513,903327562,812310665,903327578,903327583,903327596,903327605,903327623,903327639,903327659,903327667,903327683,903327690,903327694,903327704,903327724,812310690,903327752,903327787,903327793,903327816,903327831,903327836,903327843,903327847,903327849,903327868,903327870,903327894,812310720,903327912,903327937,903327945,903327955,903327958,903327974,903327984,903327988,812310726,903327998,903328037,903328047,903328050,903328057,903328069,903328077,812310737,812310740,903328103,903328138,903328144,903328146,903328157,903328215,903328222,903328224,903328230,903328247,903328257,812310770,903328273,903328279,903328294,812310773,812310775)
 Cron execution ended at: 2022-04-28 22:37:32

***********************************************************

 Cron execution started at :2022-04-28 22:42:01 

 Total Count =>84

Total records SUCCESS: 0
() 
Total records FAIL: 19
(903327578,903327583,903327596,903327623,903327639,903327659,903327667,903327704,903328466,903328467,903328471,903328472,903328497,903328501,903328502,903328516,903328520,903328523,903328529) 
 Total records PENDING: 0
()
 Total records No Response: 65
(903327503,903327506,812310665,903327605,903327683,903327793,903327816,903327831,903327836,903327843,903327847,903327849,903327868,903327870,903327894,812310720,903327912,903327937,903327945,903327955,903327958,903327974,903327984,903327988,812310726,903327998,903328037,903328047,903328050,903328057,903328069,903328077,812310737,812310740,903328103,903328138,903328144,903328146,903328157,903328215,903328222,903328224,903328230,903328247,903328257,812310770,903328273,903328279,903328294,812310773,812310775,903328359,903328360,903328367,812310787,903328420,903328423,903328425,903328432,903328439,903328458,903328493,903328536,903328539,903328545)
 Cron execution ended at: 2022-04-28 22:50:38

***********************************************************

 Cron execution started at :2022-04-28 22:56:01 

 Total Count =>80

Total records SUCCESS: 0
() 
Total records FAIL: 6
(903328683,903328708,903328713,903328723,903328740,903328741) 
 Total records PENDING: 0
()
 Total records No Response: 74
(903327683,903327793,903327816,903327831,903327836,903327843,903327847,903327849,903327868,903327870,903327894,812310720,903327912,903327937,903327945,903327955,903327958,903327974,903327984,903327988,812310726,903327998,903328037,903328047,903328050,903328057,903328069,903328077,812310737,812310740,903328103,903328138,903328144,903328146,903328157,903328215,903328222,903328224,903328230,903328247,903328257,812310770,903328273,903328279,903328294,812310773,812310775,903328359,903328360,903328367,812310787,903328420,903328423,903328425,903328432,903328439,903328458,903328493,903328536,903328539,903328545,903328582,903328628,903328633,903328637,903328639,903328662,903328666,903328699,903328703,903328717,903328735,903328746,903328749)
 Cron execution ended at: 2022-04-28 23:04:27

***********************************************************

 Cron execution started at :2022-04-28 23:07:01 

 Total Count =>91

Total records SUCCESS: 0
() 
Total records FAIL: 9
(903328840,903328844,903328848,903328853,903328855,903328857,903328865,903328866,903328880) 
 Total records PENDING: 0
()
 Total records No Response: 82
(903327793,903327816,903327831,903327836,903327843,903327847,903327849,903327868,903327870,903327894,812310720,903327912,903327937,903327945,903327955,903327958,903327974,903327984,903327988,812310726,903327998,903328037,903328047,903328050,903328057,903328069,903328077,812310737,812310740,903328103,903328138,903328144,903328146,903328157,903328215,903328222,903328224,903328230,903328247,903328257,812310770,903328273,903328279,903328294,812310773,812310775,903328359,903328360,903328367,812310787,903328420,903328423,903328425,903328432,903328439,903328458,903328493,903328536,903328539,903328545,903328582,903328628,903328633,903328637,903328639,903328662,903328666,903328699,903328703,903328717,903328735,903328746,903328749,903328764,903328778,903328787,903328790,903328795,903328803,903328839,903328860,903328874)
 Cron execution ended at: 2022-04-28 23:16:26

***********************************************************

 Cron execution started at :2022-04-28 23:21:02 

 Total Count =>87

Total records SUCCESS: 0
() 
Total records FAIL: 12
(903328138,903328215,903328224,903328273,903328294,812310773,903328359,812310787,903328420,903328423,903328439,903329027) 
 Total records PENDING: 0
()
 Total records No Response: 75
(903327945,903327955,903327958,903327974,903327984,903327988,812310726,903327998,903328037,903328047,903328050,903328057,903328069,903328077,812310737,812310740,903328103,903328144,903328146,903328157,903328222,903328230,903328247,903328257,812310770,903328279,812310775,903328360,903328367,903328425,903328432,903328458,903328493,903328536,903328539,903328545,903328582,903328628,903328633,903328637,903328639,903328662,903328666,903328699,903328703,903328717,903328735,903328746,903328749,903328764,903328778,903328787,903328790,903328795,903328803,903328839,903328860,903328874,903328905,903328914,903328917,903328938,903328939,903328944,903328950,903328953,903328955,903328957,903328977,903328983,812310864,903329007,903329012,903329028,903329033)
 Cron execution ended at: 2022-04-28 23:29:44

***********************************************************

 Cron execution started at :2022-04-28 23:35:02 

 Total Count =>83

Total records SUCCESS: 0
() 
Total records FAIL: 14
(903328144,903328146,903328157,903328222,903328230,903328257,812310775,903329121,903329133,903329138,903329143,903329157,903329161,903329164) 
 Total records PENDING: 0
()
 Total records No Response: 69
(903328247,812310770,903328279,903328425,903328432,903328458,903328493,903328536,903328539,903328545,903328582,903328628,903328633,903328637,903328639,903328662,903328666,903328699,903328703,903328717,903328735,903328746,903328749,903328764,903328778,903328787,903328790,903328795,903328803,903328839,903328860,903328874,903328905,903328914,903328917,903328938,903328939,903328944,903328950,903328953,903328955,903328957,903328977,903328983,812310864,903329007,903329012,903329028,903329033,903329040,903329045,903329062,903329063,903329071,903329076,903329079,903329081,903329100,903329107,903329111,903329119,903329120,903329125,903329128,903329132,903329135,812310898,903329153,903329156)
 Cron execution ended at: 2022-04-28 23:43:18

***********************************************************

 Cron execution started at :2022-04-28 23:49:01 

 Total Count =>82

Total records SUCCESS: 0
() 
Total records FAIL: 5
(903329216,812310910,903329282,903329295,903329299) 
 Total records PENDING: 0
()
 Total records No Response: 77
(903328425,903328432,903328458,903328493,903328536,903328539,903328545,903328582,903328628,903328633,903328637,903328639,903328662,903328666,903328699,903328703,903328717,903328735,903328746,903328749,903328764,903328778,903328787,903328790,903328795,903328803,903328839,903328860,903328874,903328905,903328914,903328917,903328938,903328939,903328944,903328950,903328953,903328955,903328957,903328977,903328983,812310864,903329007,903329012,903329028,903329033,903329040,903329045,903329062,903329063,903329071,903329076,903329079,903329081,903329100,903329107,903329111,903329119,903329120,903329125,903329128,903329132,903329135,812310898,903329153,903329156,903329177,903329192,903329217,812310903,903329229,903329233,903329239,903329243,903329250,903329264,903329270)
 Cron execution ended at: 2022-04-28 23:56:51
