
***********************************************************

 Cron execution started at :2023-02-15 00:15:01 

 Total Count =>175

Total records SUCCESS: 0
() 
Total records FAIL: 0
() 
 Total records PENDING: 16
(812368047,903863411,903863444,903863458,903863511,903863536,903863553,903863561,903863578,903863589,36797,812368094,903863617,812368113,812368148,903863650)
 Total records No Response: 159
(903863361,36795,903863362,903863363,903863366,903863367,903863371,903863370,903863373,903863364,903863380,903863383,903863372,812368052,903863374,903863377,903863379,903863395,903863402,903863381,903863405,903863388,903863389,903863406,903863408,903863397,903863401,903863413,903863414,903863416,903863417,903863409,812368060,812368061,812368062,812368063,812368066,812368067,812368068,812368069,903863429,36796,903863436,903863438,903863439,903863442,903863443,903863448,903863450,903863453,903863461,903863471,812368071,903863480,903863481,903863492,903863493,812368073,812368074,812368075,903863503,903863490,903863491,903863504,903863509,903863512,903863519,903863525,903863527,903863540,903863530,903863548,903863550,903863558,903863560,903863563,812368081,903863571,903863572,812368084,903863577,903863597,903863594,903863595,903863599,812368089,812368090,812368091,903863601,903863602,903863603,903863608,812368098,903863609,903863610,903863612,903863620,903863619,903863622,903863624,903863625,903863626,903863627,903863628,812368112,903863633,812368102,812368103,812368104,812368105,812368106,812368107,812368108,812368110,903863630,812368115,812368116,812368117,903863635,903863636,903863637,903863638,812368120,812368121,812368124,812368125,812368126,812368127,812368128,903863640,812368129,812368130,812368131,812368132,812368133,812368134,812368135,812368136,812368137,812368138,812368139,812368140,812368141,812368142,812368143,812368144,812368145,812368146,812368147,903863642,812368155,903863646,812368162,812368163,812368164,812368165,812368169,812368170,812368174)
 Cron execution ended at: 2023-02-15 00:17:04
