
***********************************************************

 Cron execution started at :2023-02-09 02:45:01 

 Total Count =>219

Total records SUCCESS: 3
(812367530,903859254,903859366) 
Total records FAIL: 0
() 
 Total records PENDING: 15
(903859187,903859205,36773,903859230,903859264,903859284,903859311,812367565,903859367,903859370,812367600,903859425,812367620,812367649,903859561)
 Total records No Response: 201
(903859134,903859141,903859149,903859153,903859155,903859156,903859157,903859158,903859160,903859164,903859165,903859169,903859175,903859178,903859180,903859186,903859189,903859192,903859193,903859194,903859195,903859196,903859199,903859200,903859201,903859204,812367533,903859212,903859214,903859215,903859216,903859220,903859223,903859226,903859231,903859239,903859240,903859246,903859247,903859248,903859250,903859253,903859258,903859263,903859265,903859268,903859269,903859271,903859272,903859273,903859276,903859279,903859281,903859282,903859283,903859286,903859288,903859289,903859292,903859294,903859297,903859298,903859299,903859300,903859303,903859304,903859305,903859307,903859312,812367541,812367542,812367543,812367545,903859314,903859317,812367548,903859319,903859320,903859321,903859327,903859332,903859333,812367557,812367558,903859340,812367559,812367560,812367561,812367562,812367563,812367564,812367568,903859350,812367571,903859351,903859352,903859358,812367573,903859362,903859364,903859368,903859372,903859373,903859375,812367582,812367583,812367584,812367585,812367586,812367587,812367588,812367590,812367592,812367594,903859378,812367596,903859380,903859383,903859384,903859389,903859390,903859394,903859396,903859398,903859399,903859400,903859403,903859407,903859416,903859420,903859422,903859423,903859427,903859434,903859435,903859436,903859443,903859444,903859451,903859455,903859456,903859457,903859458,903859459,903859460,903859461,903859464,903859466,903859469,903859472,812367611,903859476,903859479,903859482,903859489,903859490,903859493,903859494,903859496,903859497,903859501,903859502,903859511,903859512,903859514,903859517,903859518,903859519,903859525,903859529,903859531,903859533,903859534,812367627,812367628,812367629,903859538,903859540,903859541,36775,903859544,36776,812367632,812367633,812367634,812367635,812367636,812367637,812367638,903859553,812367639,812367640,812367641,903859555,812367642,36779,903859557,903859558,903859559,36780,903859566)
 Cron execution ended at: 2023-02-09 02:47:11
