
***********************************************************

 Cron execution started at :2021-11-15 23:51:02 

 Total Count =>99

Total records SUCCESS: 3
(902993427,902993457,902993469) 
Total records FAIL: 66
(902993173,902993171,902993175,902993180,902993181,902993198,902993206,902993213,902993214,902993217,902993225,902993227,902993248,902993252,902993257,902993262,902993261,902993266,902993269,902993271,902993277,902993285,902993298,902993313,902993317,902993320,902993328,902993329,902993326,902993335,902993363,902993365,902993368,902993371,902993388,902993395,902993397,902993401,902993406,902993407,902993415,902993416,902993417,902993422,812274197,902993428,902993435,902993438,902993440,902993441,902993443,902993448,902993449,902993455,902993454,902993460,902993475,902993477,902993485,902993494,902993498,902993499,902993501,902993506,902993512,902993526) 
 Total records PENDING: 0
()
 Total records No Response: 30
(902992247,902992265,902992270,812273998,902992284,812274008,812274012,902992329,812274015,812274016,812274018,812274017,902992356,902992495,812274046,902992537,902992570,902992587,902992610,902992878,812274112,902992989,902993013,812274144,902993154,812274156,812274162,902993291,902993496,902993514)
 Cron execution ended at: 2021-11-16 00:01:04
