
***********************************************************

 Cron execution started at :2022-05-13 23:50:01 

 Total Count =>91

Total records SUCCESS: 0
() 
Total records FAIL: 24
(903414259,903414283,903414284,903414315,903414322,903414329,903414357,903414414,903414439,903414443,903414477,903414485,903414491,903414495,903414498,903414501,903414509,903414521,903414583,903414614,903415136,903415149,903415155,903415166) 
 Total records PENDING: 0
()
 Total records No Response: 67
(903414261,903414273,903414276,903414409,903414425,903414434,903414580,903414610,903414619,35227,903414652,903414655,903414672,903414676,903414716,903414724,903414741,903414745,903414756,903414781,903414790,903414796,903414806,903414812,903414819,903414822,903414827,903414832,903414838,903414841,903414844,903414848,903414864,903414870,903414871,903414874,903414876,903414880,903414892,903414912,903414933,903414937,903414940,903414947,903414960,903414961,903414978,903414981,903414982,903414998,903415030,903415036,903415037,903415055,903415078,903415081,903415082,903415089,903415107,903415119,903415131,903415133,903415134,903415141,903415146,903415162,903415163)
 Cron execution ended at: 2022-05-14 00:00:34
