
***********************************************************

 Cron execution started at :2022-05-13 12:20:19 

 Total Count =>220

Total records SUCCESS: 0
() 
Total records FAIL: 81
(903408497,903408499,903408517,903408523,903408524,903408579,903408586,903408593,903408631,903408668,903408670,903408688,903408694,903408695,903408699,903408717,903408734,903408760,903408770,903408799,903408804,903408875,903408879,903408885,903408910,903408915,903408918,903408928,903408941,903408946,903408949,903408980,903408983,903408986,903408987,903409000,903409001,903409007,903409012,903409014,903409016,903409018,903409051,903409058,903409087,903409088,903409097,903409098,903409106,903409110,903409115,903409132,903409140,903409145,903409149,903409155,903409174,903409176,903409193,903409200,903409213,903409226,903409230,903409250,903409337,903409346,903409363,903409394,903409395,903409408,903409422,903409431,903409442,903409449,903409581,903409619,903409621,903409632,903409636,903409637,903409657) 
 Total records PENDING: 0
()
 Total records No Response: 138
(903408504,903408507,903408542,903408547,903408549,903408568,903408580,903408599,903408608,903408612,903408622,903408628,903408643,903408646,903408654,903408671,903408679,903408703,903408704,903408711,903408712,903408713,903408716,903408719,903408723,903408731,903408732,903408736,903408748,903408753,903408777,903408792,903408803,903408806,903408810,903408813,903408815,903408824,903408827,903408831,903408839,903408847,903408860,903408861,903408878,903408921,903408936,903408956,903408959,903408962,903408968,903408969,903408984,903409008,903409011,903409015,903409017,903409027,903409030,903409046,903409060,903409063,903409067,903409079,903409090,903409099,903409100,903409102,903409127,903409130,903409131,903409135,903409152,903409165,903409167,903409172,903409184,903409185,903409191,903409206,903409215,903409227,903409232,903409243,903409259,903409266,903409306,903409308,903409316,903409318,903409334,903409342,903409355,903409368,903409372,903409374,903409378,903409384,903409386,903409400,903409401,903409402,903409403,903409410,903409413,903409414,903409415,903409430,903409446,903409452,903409459,903409460,903409481,903409487,903409489,903409498,903409500,903409512,903409515,903409521,903409532,903409536,903409541,903409572,903409577,903409586,903409592,903409607,903409608,903409612,903409613,903409615,903409620,903409629,903409645,903409651,903409658,903409663)
 Cron execution ended at: 2022-05-13 12:42:54

***********************************************************

 Cron execution started at :2022-05-13 12:50:21 

 Total Count =>93

Total records SUCCESS: 0
() 
Total records FAIL: 0
() 
 Total records PENDING: 0
()
 Total records No Response: 93
(903408921,903408936,903408956,903408959,903408962,903408968,903408969,903408984,903409008,903409011,903409015,903409017,903409027,903409030,903409046,903409060,903409063,903409067,903409079,903409090,903409099,903409100,903409102,903409127,903409130,903409131,903409135,903409152,903409165,903409167,903409172,903409184,903409185,903409191,903409206,903409215,903409227,903409232,903409243,903409259,903409266,903409306,903409308,903409316,903409318,903409334,903409342,903409355,903409368,903409372,903409374,903409378,903409384,903409386,903409400,903409401,903409402,903409403,903409410,903409413,903409414,903409415,903409430,903409446,903409452,903409459,903409460,903409481,903409487,903409489,903409498,903409500,903409512,903409515,903409521,903409532,903409536,903409541,903409572,903409577,903409586,903409592,903409607,903409608,903409612,903409613,903409615,903409620,903409629,903409645,903409651,903409658,903409663)
 Cron execution ended at: 2022-05-13 12:57:13

***********************************************************

 Cron execution started at :2022-05-13 13:00:29 

 Total Count =>79

Total records SUCCESS: 0
() 
Total records FAIL: 0
() 
 Total records PENDING: 0
()
 Total records No Response: 79
(903409046,903409060,903409063,903409067,903409079,903409090,903409099,903409100,903409102,903409127,903409130,903409131,903409135,903409152,903409165,903409167,903409172,903409184,903409185,903409191,903409206,903409215,903409227,903409232,903409243,903409259,903409266,903409306,903409308,903409316,903409318,903409334,903409342,903409355,903409368,903409372,903409374,903409378,903409384,903409386,903409400,903409401,903409402,903409403,903409410,903409413,903409414,903409415,903409430,903409446,903409452,903409459,903409460,903409481,903409487,903409489,903409498,903409500,903409512,903409515,903409521,903409532,903409536,903409541,903409572,903409577,903409586,903409592,903409607,903409608,903409612,903409613,903409615,903409620,903409629,903409645,903409651,903409658,903409663)
 Cron execution ended at: 2022-05-13 13:06:41

***********************************************************

 Cron execution started at :2022-05-13 13:10:30 

 Total Count =>64

Total records SUCCESS: 0
() 
Total records FAIL: 2
(903409401,903409459) 
 Total records PENDING: 0
()
 Total records No Response: 62
(903409165,903409167,903409172,903409184,903409185,903409191,903409206,903409215,903409227,903409232,903409243,903409259,903409266,903409306,903409308,903409316,903409318,903409334,903409342,903409355,903409368,903409372,903409374,903409378,903409384,903409386,903409400,903409402,903409403,903409410,903409413,903409414,903409415,903409430,903409452,903409460,903409481,903409487,903409489,903409498,903409500,903409512,903409515,903409521,903409532,903409536,903409541,903409572,903409577,903409586,903409592,903409607,903409608,903409612,903409613,903409615,903409620,903409629,903409645,903409651,903409658,903409663)
 Cron execution ended at: 2022-05-13 13:15:33

***********************************************************

 Cron execution started at :2022-05-13 13:20:30 

 Total Count =>51

Total records SUCCESS: 0
() 
Total records FAIL: 3
(903409430,903409515,903409670) 
 Total records PENDING: 0
()
 Total records No Response: 48
(903409306,903409308,903409316,903409318,903409334,903409342,903409355,903409368,903409372,903409374,903409378,903409384,903409386,903409400,903409402,903409403,903409410,903409413,903409414,903409415,903409452,903409460,903409481,903409487,903409489,903409498,903409500,903409512,903409521,903409532,903409536,903409541,903409572,903409577,903409586,903409592,903409607,903409608,903409612,903409613,903409615,903409620,903409629,903409645,903409651,903409658,903409663,903409671)
 Cron execution ended at: 2022-05-13 13:24:23

***********************************************************

 Cron execution started at :2022-05-13 13:30:14 

 Total Count =>62

Total records SUCCESS: 0
() 
Total records FAIL: 3
(903409724,903409734,903409759) 
 Total records PENDING: 0
()
 Total records No Response: 59
(903409374,903409378,903409384,903409386,903409400,903409402,903409403,903409410,903409413,903409414,903409415,903409452,903409460,903409481,903409487,903409489,903409498,903409500,903409512,903409521,903409532,903409536,903409541,903409572,903409577,903409586,903409592,903409607,903409608,903409612,903409613,903409615,903409620,903409629,903409645,903409651,903409658,903409663,903409671,903409672,903409683,903409692,903409697,903409698,903409699,903409704,903409707,903409712,903409718,903409721,903409728,903409731,903409738,903409740,903409751,903409752,903409765,903409767,903409774)
 Cron execution ended at: 2022-05-13 13:35:19

***********************************************************

 Cron execution started at :2022-05-13 13:40:23 

 Total Count =>75

Total records SUCCESS: 0
() 
Total records FAIL: 4
(903409512,903409907,903409933,903409936) 
 Total records PENDING: 0
()
 Total records No Response: 70
(903409498,903409500,903409521,903409532,903409536,903409541,903409572,903409577,903409586,903409592,903409607,903409608,903409612,903409613,903409615,903409620,903409629,903409645,903409651,903409658,903409663,903409671,903409672,903409683,903409692,903409697,903409698,903409699,903409704,903409707,903409712,903409718,903409721,903409728,903409731,903409738,903409740,903409751,903409752,903409765,903409767,903409774,903409782,903409784,903409800,903409805,903409806,903409808,903409810,903409820,903409823,903409825,903409832,903409839,903409841,903409846,903409864,903409874,903409878,903409881,903409887,903409889,903409900,903409905,903409916,903409920,903409938,903409942,903409945,903409948)
 Cron execution ended at: 2022-05-13 13:46:51

***********************************************************

 Cron execution started at :2022-05-13 13:50:27 

 Total Count =>89

Total records SUCCESS: 0
() 
Total records FAIL: 9
(903409994,903409996,903410009,903410025,903410031,903410044,903410048,903410054,903410059) 
 Total records PENDING: 0
()
 Total records No Response: 80
(903409586,903409592,903409607,903409608,903409612,903409613,903409615,903409620,903409629,903409645,903409651,903409658,903409663,903409671,903409672,903409683,903409692,903409697,903409698,903409699,903409704,903409707,903409712,903409718,903409721,903409728,903409731,903409738,903409740,903409751,903409752,903409765,903409767,903409774,903409782,903409784,903409800,903409805,903409806,903409808,903409810,903409820,903409823,903409825,903409832,903409839,903409841,903409846,903409864,903409874,903409878,903409881,903409887,903409889,903409900,903409905,903409916,903409920,903409938,903409942,903409945,903409948,903409958,903409962,903409963,903409968,903409972,903409980,903409989,903409992,903409999,903410006,903410014,903410016,903410024,903410040,903410041,903410046,903410062,903410064)
 Cron execution ended at: 2022-05-13 13:58:43

***********************************************************

 Cron execution started at :2022-05-13 14:00:30 

 Total Count =>83

Total records SUCCESS: 0
() 
Total records FAIL: 8
(903410129,903410131,903410136,903410149,903410161,903410166,903410167,903410173) 
 Total records PENDING: 0
()
 Total records No Response: 75
(903409671,903409672,903409683,903409692,903409697,903409698,903409699,903409704,903409707,903409712,903409718,903409721,903409728,903409731,903409738,903409740,903409751,903409752,903409765,903409767,903409774,903409782,903409784,903409800,903409805,903409806,903409808,903409810,903409820,903409823,903409825,903409832,903409839,903409841,903409846,903409864,903409874,903409878,903409881,903409887,903409889,903409900,903409905,903409916,903409920,903409938,903409942,903409945,903409948,903409958,903409962,903409963,903409968,903409972,903409980,903409989,903409992,903409999,903410006,903410014,903410016,903410024,903410040,903410041,903410046,903410062,903410064,903410078,903410092,903410096,903410099,903410124,903410143,903410179,903410185)
 Cron execution ended at: 2022-05-13 14:08:21

***********************************************************

 Cron execution started at :2022-05-13 14:11:00 

 Total Count =>86

Total records SUCCESS: 0
() 
Total records FAIL: 1
(903410272) 
 Total records PENDING: 0
()
 Total records No Response: 85
(903409671,903409672,903409683,903409692,903409697,903409698,903409699,903409704,903409707,903409712,903409718,903409721,903409728,903409731,903409738,903409740,903409751,903409752,903409765,903409767,903409774,903409782,903409784,903409800,903409805,903409806,903409808,903409810,903409820,903409823,903409825,903409832,903409839,903409841,903409846,903409864,903409874,903409878,903409881,903409887,903409889,903409900,903409905,903409916,903409920,903409938,903409942,903409945,903409948,903409958,903409962,903409963,903409968,903409972,903409980,903409989,903409992,903409999,903410006,903410014,903410016,903410024,903410040,903410041,903410046,903410062,903410064,903410078,903410092,903410096,903410099,903410124,903410143,903410179,903410185,903410191,903410195,903410202,903410215,903410222,903410235,903410239,903410244,903410266,903410269)
 Cron execution ended at: 2022-05-13 14:18:38

***********************************************************

 Cron execution started at :2022-05-13 14:20:31 

 Total Count =>92

Total records SUCCESS: 0
() 
Total records FAIL: 2
(903410361,903410363) 
 Total records PENDING: 0
()
 Total records No Response: 90
(903409671,903409672,903409683,903409692,903409697,903409698,903409699,903409704,903409707,903409712,903409718,903409721,903409728,903409731,903409738,903409740,903409751,903409752,903409765,903409767,903409774,903409782,903409784,903409800,903409805,903409806,903409808,903409810,903409820,903409823,903409825,903409832,903409839,903409841,903409846,903409864,903409874,903409878,903409881,903409887,903409889,903409900,903409905,903409916,903409920,903409938,903409942,903409945,903409948,903409958,903409962,903409963,903409968,903409972,903409980,903409989,903409992,903409999,903410006,903410014,903410016,903410024,903410040,903410041,903410046,903410062,903410064,903410078,903410092,903410096,903410099,903410124,903410143,903410179,903410185,903410191,903410195,903410202,903410215,903410222,903410235,903410239,903410244,903410266,903410269,903410302,903410347,903410350,903410364,903410368)
 Cron execution ended at: 2022-05-13 14:28:24

***********************************************************

 Cron execution started at :2022-05-13 14:30:31 

 Total Count =>97

Total records SUCCESS: 0
() 
Total records FAIL: 0
() 
 Total records PENDING: 0
()
 Total records No Response: 97
(903409671,903409672,903409683,903409692,903409697,903409698,903409699,903409704,903409707,903409712,903409718,903409721,903409728,903409731,903409738,903409740,903409751,903409752,903409765,903409767,903409774,903409782,903409784,903409800,903409805,903409806,903409808,903409810,903409820,903409823,903409825,903409832,903409839,903409841,903409846,903409864,903409874,903409878,903409881,903409887,903409889,903409900,903409905,903409916,903409920,903409938,903409942,903409945,903409948,903409958,903409962,903409963,903409968,903409972,903409980,903409989,903409992,903409999,903410006,903410014,903410016,903410024,903410040,903410041,903410046,903410062,903410064,903410078,903410092,903410096,903410099,903410124,903410143,903410179,903410185,903410191,903410195,903410202,903410215,903410222,903410235,903410239,903410244,903410266,903410269,903410302,903410347,903410350,903410364,903410368,903410398,903410406,903410407,903410410,903410421,903410431,903410451)
 Cron execution ended at: 2022-05-13 14:38:49

***********************************************************

 Cron execution started at :2022-05-13 14:40:01 

 Total Count =>100

Total records SUCCESS: 0
() 
Total records FAIL: 1
(903410510) 
 Total records PENDING: 0
()
 Total records No Response: 99
(903409671,903409672,903409683,903409692,903409697,903409698,903409699,903409704,903409707,903409712,903409718,903409721,903409728,903409731,903409738,903409740,903409751,903409752,903409765,903409767,903409774,903409782,903409784,903409800,903409805,903409806,903409808,903409810,903409820,903409823,903409825,903409832,903409839,903409841,903409846,903409864,903409874,903409878,903409881,903409887,903409889,903409900,903409905,903409916,903409920,903409938,903409942,903409945,903409948,903409958,903409962,903409963,903409968,903409972,903409980,903409989,903409992,903409999,903410006,903410014,903410016,903410024,903410040,903410041,903410046,903410062,903410064,903410078,903410092,903410096,903410099,903410124,903410143,903410179,903410185,903410191,903410195,903410202,903410215,903410222,903410235,903410239,903410244,903410266,903410269,903410302,903410347,903410350,903410364,903410368,903410398,903410406,903410407,903410410,903410421,903410431,903410451,903410462,903410467)
 Cron execution ended at: 2022-05-13 14:48:45

***********************************************************

 Cron execution started at :2022-05-13 14:50:23 

 Total Count =>108

Total records SUCCESS: 0
() 
Total records FAIL: 1
(903410582) 
 Total records PENDING: 0
()
 Total records No Response: 107
(903409671,903409672,903409683,903409692,903409697,903409698,903409699,903409704,903409707,903409712,903409718,903409721,903409728,903409731,903409738,903409740,903409751,903409752,903409765,903409767,903409774,903409782,903409784,903409800,903409805,903409806,903409808,903409810,903409820,903409823,903409825,903409832,903409839,903409841,903409846,903409864,903409874,903409878,903409881,903409887,903409889,903409900,903409905,903409916,903409920,903409938,903409942,903409945,903409948,903409958,903409962,903409963,903409968,903409972,903409980,903409989,903409992,903409999,903410006,903410014,903410016,903410024,903410040,903410041,903410046,903410062,903410064,903410078,903410092,903410096,903410099,903410124,903410143,903410179,903410185,903410191,903410195,903410202,903410215,903410222,903410235,903410239,903410244,903410266,903410269,903410302,903410347,903410350,903410364,903410368,903410398,903410406,903410407,903410410,903410421,903410431,903410451,903410462,903410467,903410531,903410532,903410549,903410556,903410569,812319559,903410576,903410584)
 Cron execution ended at: 2022-05-13 14:59:35

***********************************************************

 Cron execution started at :2022-05-13 15:00:29 

 Total Count =>119

Total records SUCCESS: 0
() 
Total records FAIL: 4
(903410660,903410668,903410670,903410681) 
 Total records PENDING: 0
()
 Total records No Response: 114
(903409672,903409683,903409692,903409697,903409698,903409699,903409704,903409707,903409712,903409718,903409721,903409728,903409731,903409738,903409740,903409751,903409752,903409765,903409767,903409774,903409782,903409784,903409800,903409805,903409806,903409808,903409810,903409820,903409823,903409825,903409832,903409839,903409841,903409846,903409864,903409874,903409878,903409881,903409887,903409889,903409900,903409905,903409916,903409920,903409938,903409942,903409945,903409948,903409958,903409962,903409963,903409968,903409972,903409980,903409989,903409992,903409999,903410006,903410014,903410016,903410024,903410040,903410041,903410046,903410062,903410064,903410078,903410092,903410096,903410099,903410124,903410143,903410179,903410185,903410191,903410195,903410202,903410215,903410222,903410235,903410239,903410244,903410266,903410269,903410302,903410347,903410350,903410364,903410368,903410398,903410406,903410407,903410410,903410421,903410431,903410451,903410462,903410467,903410531,903410532,903410549,903410556,903410569,812319559,903410576,903410584,903410602,903410612,903410614,903410623,903410635,903410642,903410666,903410669)
 Cron execution ended at: 2022-05-13 15:10:49

***********************************************************

 Cron execution started at :2022-05-13 15:20:40 

 Total Count =>91

Total records SUCCESS: 0
() 
Total records FAIL: 8
(903409980,903409989,903410092,903410185,903410871,903410872,903410885,903410891) 
 Total records PENDING: 0
()
 Total records No Response: 83
(903409958,903409962,903409963,903409968,903409972,903409992,903409999,903410006,903410014,903410016,903410024,903410040,903410041,903410046,903410062,903410064,903410078,903410096,903410099,903410124,903410143,903410179,903410191,903410195,903410202,903410215,903410222,903410235,903410239,903410244,903410266,903410269,903410302,903410347,903410350,903410364,903410368,903410398,903410406,903410407,903410410,903410421,903410431,903410451,903410462,903410467,903410531,903410532,903410549,903410556,903410569,812319559,903410576,903410584,903410602,903410612,903410614,903410623,903410635,903410642,903410666,903410669,903410687,903410745,903410748,903410762,903410769,903410773,903410777,903410797,903410803,903410806,903410811,903410817,903410822,903410827,903410830,903410834,903410838,903410849,903410858,903410879,903410886)
 Cron execution ended at: 2022-05-13 15:28:35

***********************************************************

 Cron execution started at :2022-05-13 15:30:40 

 Total Count =>77

Total records SUCCESS: 0
() 
Total records FAIL: 3
(903410215,903410973,903410975) 
 Total records PENDING: 0
()
 Total records No Response: 74
(903410078,903410096,903410099,903410124,903410143,903410179,903410191,903410195,903410202,903410222,903410235,903410239,903410244,903410269,903410302,903410347,903410350,903410364,903410368,903410398,903410406,903410407,903410410,903410421,903410431,903410451,903410462,903410467,903410531,903410532,903410549,903410556,903410569,812319559,903410576,903410584,903410602,903410612,903410614,903410623,903410635,903410642,903410666,903410669,903410687,903410745,903410748,903410762,903410769,903410773,903410777,903410797,903410803,903410806,903410811,903410817,903410822,903410827,903410830,903410834,903410838,903410849,903410858,903410879,903410886,903410898,903410899,903410905,903410931,903410932,903410935,903410942,903410945,903410963)
 Cron execution ended at: 2022-05-13 15:36:47

***********************************************************

 Cron execution started at :2022-05-13 15:40:56 

 Total Count =>79

Total records SUCCESS: 0
() 
Total records FAIL: 3
(903410235,812319562,903411060) 
 Total records PENDING: 0
()
 Total records No Response: 76
(903410195,903410202,903410222,903410239,903410244,903410269,903410302,903410347,903410350,903410364,903410368,903410398,903410406,903410407,903410410,903410421,903410431,903410451,903410462,903410467,903410531,903410532,903410549,903410556,903410569,812319559,903410576,903410584,903410602,903410612,903410614,903410623,903410635,903410642,903410666,903410669,903410687,903410745,903410748,903410762,903410769,903410773,903410777,903410797,903410803,903410806,903410811,903410817,903410822,903410827,903410830,903410834,903410838,903410849,903410858,903410879,903410886,903410898,903410899,903410905,903410931,903410932,903410935,903410942,903410945,903410963,903410984,903410990,903410998,903410999,903411000,903411023,903411028,903411029,903411056,903411058)
 Cron execution ended at: 2022-05-13 15:46:46

***********************************************************

 Cron execution started at :2022-05-13 15:50:58 

 Total Count =>84

Total records SUCCESS: 0
() 
Total records FAIL: 2
(903411146,903411152) 
 Total records PENDING: 0
()
 Total records No Response: 82
(903410302,903410347,903410350,903410364,903410368,903410398,903410406,903410407,903410410,903410421,903410431,903410451,903410462,903410467,903410531,903410532,903410549,903410556,903410569,812319559,903410576,903410584,903410602,903410612,903410614,903410623,903410635,903410642,903410666,903410669,903410687,903410745,903410748,903410762,903410769,903410773,903410777,903410797,903410803,903410806,903410811,903410817,903410822,903410827,903410830,903410834,903410838,903410849,903410858,903410879,903410886,903410898,903410899,903410905,903410931,903410932,903410935,903410942,903410945,903410963,903410984,903410990,903410998,903410999,903411000,903411023,903411028,903411029,903411056,903411058,903411072,903411094,903411104,903411114,903411121,903411123,903411134,812319564,903411150,903411159,903411160,903411161)
 Cron execution ended at: 2022-05-13 15:57:32

***********************************************************

 Cron execution started at :2022-05-13 16:00:59 

 Total Count =>88

Total records SUCCESS: 0
() 
Total records FAIL: 2
(903411228,903411237) 
 Total records PENDING: 0
()
 Total records No Response: 86
(903410398,903410406,903410407,903410410,903410421,903410431,903410451,903410462,903410467,903410531,903410532,903410549,903410556,903410569,812319559,903410576,903410584,903410602,903410612,903410614,903410623,903410635,903410642,903410666,903410669,903410687,903410745,903410748,903410762,903410769,903410773,903410777,903410797,903410803,903410806,903410811,903410817,903410822,903410827,903410830,903410834,903410838,903410849,903410858,903410879,903410886,903410898,903410899,903410905,903410931,903410932,903410935,903410942,903410945,903410963,903410984,903410990,903410998,903410999,903411000,903411023,903411028,903411029,903411056,903411058,903411072,903411094,903411104,903411114,903411121,903411123,903411134,812319564,903411150,903411159,903411160,903411161,903411178,903411205,903411210,903411212,903411213,903411216,903411217,903411220,903411231)
 Cron execution ended at: 2022-05-13 16:08:03

***********************************************************

 Cron execution started at :2022-05-13 16:10:24 

 Total Count =>90

Total records SUCCESS: 0
() 
Total records FAIL: 3
(903411300,903411304,903411322) 
 Total records PENDING: 0
()
 Total records No Response: 87
(903410462,903410467,903410531,903410532,903410549,903410556,903410569,812319559,903410576,903410584,903410602,903410612,903410614,903410623,903410635,903410642,903410666,903410669,903410687,903410745,903410748,903410762,903410769,903410773,903410777,903410797,903410803,903410806,903410811,903410817,903410822,903410827,903410830,903410834,903410838,903410849,903410858,903410879,903410886,903410898,903410899,903410905,903410931,903410932,903410935,903410942,903410945,903410963,903410984,903410990,903410998,903410999,903411000,903411023,903411028,903411029,903411056,903411058,903411072,903411094,903411104,903411114,903411121,903411123,903411134,812319564,903411150,903411159,903411160,903411161,903411178,903411205,903411210,903411212,903411213,903411216,903411217,903411220,903411231,903411255,903411258,903411262,903411266,903411269,903411290,903411299,903411307)
 Cron execution ended at: 2022-05-13 16:17:43

***********************************************************

 Cron execution started at :2022-05-13 16:20:30 

 Total Count =>93

Total records SUCCESS: 0
() 
Total records FAIL: 0
() 
 Total records PENDING: 0
()
 Total records No Response: 93
(903410531,903410532,903410549,903410556,903410569,812319559,903410576,903410584,903410602,903410612,903410614,903410623,903410635,903410642,903410666,903410669,903410687,903410745,903410748,903410762,903410769,903410773,903410777,903410797,903410803,903410806,903410811,903410817,903410822,903410827,903410830,903410834,903410838,903410849,903410858,903410879,903410886,903410898,903410899,903410905,903410931,903410932,903410935,903410942,903410945,903410963,903410984,903410990,903410998,903410999,903411000,903411023,903411028,903411029,903411056,903411058,903411072,903411094,903411104,903411114,903411121,903411123,903411134,812319564,903411150,903411159,903411160,903411161,903411178,903411205,903411210,903411212,903411213,903411216,903411217,903411220,903411231,903411255,903411258,903411262,903411266,903411269,903411290,903411299,903411307,903411327,903411336,903411348,903411361,903411364,903411376,903411380,903411398)
 Cron execution ended at: 2022-05-13 16:27:49

***********************************************************

 Cron execution started at :2022-05-13 16:30:28 

 Total Count =>90

Total records SUCCESS: 0
() 
Total records FAIL: 2
(903411472,903411479) 
 Total records PENDING: 0
()
 Total records No Response: 88
(903410602,903410612,903410614,903410623,903410635,903410642,903410666,903410669,903410687,903410745,903410748,903410762,903410769,903410773,903410777,903410797,903410803,903410806,903410811,903410817,903410822,903410827,903410830,903410834,903410838,903410849,903410858,903410879,903410886,903410898,903410899,903410905,903410931,903410932,903410935,903410942,903410945,903410963,903410984,903410990,903410998,903410999,903411000,903411023,903411028,903411029,903411056,903411058,903411072,903411094,903411104,903411114,903411121,903411123,903411134,812319564,903411150,903411159,903411160,903411161,903411178,903411205,903411210,903411212,903411213,903411216,903411217,903411220,903411231,903411255,903411258,903411262,903411266,903411269,903411290,903411299,903411307,903411327,903411336,903411348,903411361,903411364,903411376,903411380,903411398,903411418,903411438,903411450)
 Cron execution ended at: 2022-05-13 16:37:50

***********************************************************

 Cron execution started at :2022-05-13 16:40:28 

 Total Count =>90

Total records SUCCESS: 0
() 
Total records FAIL: 2
(903411549,903411552) 
 Total records PENDING: 0
()
 Total records No Response: 88
(903410687,903410745,903410748,903410762,903410769,903410773,903410777,903410797,903410803,903410806,903410811,903410817,903410822,903410827,903410830,903410834,903410838,903410849,903410858,903410879,903410886,903410898,903410899,903410905,903410931,903410932,903410935,903410942,903410945,903410963,903410984,903410990,903410998,903410999,903411000,903411023,903411028,903411029,903411056,903411058,903411072,903411094,903411104,903411114,903411121,903411123,903411134,812319564,903411150,903411159,903411160,903411161,903411178,903411205,903411210,903411212,903411213,903411216,903411217,903411220,903411231,903411255,903411258,903411262,903411266,903411269,903411290,903411299,903411307,903411327,903411336,903411348,903411361,903411364,903411376,903411380,903411398,903411418,903411438,903411450,903411489,903411500,903411520,903411521,903411525,903411529,903411542,903411553)
 Cron execution ended at: 2022-05-13 16:47:58

***********************************************************

 Cron execution started at :2022-05-13 16:50:12 

 Total Count =>91

Total records SUCCESS: 0
() 
Total records FAIL: 0
() 
 Total records PENDING: 0
()
 Total records No Response: 91
(903410797,903410803,903410806,903410811,903410817,903410822,903410827,903410830,903410834,903410838,903410849,903410858,903410879,903410886,903410898,903410899,903410905,903410931,903410932,903410935,903410942,903410945,903410963,903410984,903410990,903410998,903410999,903411000,903411023,903411028,903411029,903411056,903411058,903411072,903411094,903411104,903411114,903411121,903411123,903411134,812319564,903411150,903411159,903411160,903411161,903411178,903411205,903411210,903411212,903411213,903411216,903411217,903411220,903411231,903411255,903411258,903411262,903411266,903411269,903411290,903411299,903411307,903411327,903411336,903411348,903411361,903411364,903411376,903411380,903411398,903411418,903411438,903411450,903411489,903411500,903411520,903411521,903411525,903411529,903411542,903411553,903411567,903411568,903411587,903411589,903411592,903411601,903411618,812319569,903411634,903411638)
 Cron execution ended at: 2022-05-13 16:57:43

***********************************************************

 Cron execution started at :2022-05-13 17:00:19 

 Total Count =>89

Total records SUCCESS: 0
() 
Total records FAIL: 0
() 
 Total records PENDING: 0
()
 Total records No Response: 89
(903410898,903410899,903410905,903410931,903410932,903410935,903410942,903410945,903410963,903410984,903410990,903410998,903410999,903411000,903411023,903411028,903411029,903411056,903411058,903411072,903411094,903411104,903411114,903411121,903411123,903411134,812319564,903411150,903411159,903411160,903411161,903411178,903411205,903411210,903411212,903411213,903411216,903411217,903411220,903411231,903411255,903411258,903411262,903411266,903411269,903411290,903411299,903411307,903411327,903411336,903411348,903411361,903411364,903411376,903411380,903411398,903411418,903411438,903411450,903411489,903411500,903411520,903411521,903411525,903411529,903411542,903411553,903411567,903411568,903411587,903411589,903411592,903411601,903411618,812319569,903411634,903411638,903411645,903411653,903411665,903411672,903411691,903411694,903411704,903411710,903411717,903411718,903411720,903411722)
 Cron execution ended at: 2022-05-13 17:07:24

***********************************************************

 Cron execution started at :2022-05-13 17:10:24 

 Total Count =>87

Total records SUCCESS: 0
() 
Total records FAIL: 0
() 
 Total records PENDING: 0
()
 Total records No Response: 87
(903410984,903410990,903410998,903410999,903411000,903411023,903411028,903411029,903411056,903411058,903411072,903411094,903411104,903411114,903411121,903411123,903411134,812319564,903411150,903411159,903411160,903411161,903411178,903411205,903411210,903411212,903411213,903411216,903411217,903411220,903411231,903411255,903411258,903411262,903411266,903411269,903411290,903411299,903411307,903411327,903411336,903411348,903411361,903411364,903411376,903411380,903411398,903411418,903411438,903411450,903411489,903411500,903411520,903411521,903411525,903411529,903411542,903411553,903411567,903411568,903411587,903411589,903411592,903411601,903411618,812319569,903411634,903411638,903411645,903411653,903411665,903411672,903411691,903411694,903411704,903411710,903411717,903411718,903411720,903411722,903411728,903411743,903411745,903411777,903411784,903411795,903411800)
 Cron execution ended at: 2022-05-13 17:17:46

***********************************************************

 Cron execution started at :2022-05-13 17:20:23 

 Total Count =>89

Total records SUCCESS: 0
() 
Total records FAIL: 0
() 
 Total records PENDING: 0
()
 Total records No Response: 89
(903411072,903411094,903411104,903411114,903411121,903411123,903411134,812319564,903411150,903411159,903411160,903411161,903411178,903411205,903411210,903411212,903411213,903411216,903411217,903411220,903411231,903411255,903411258,903411262,903411266,903411269,903411290,903411299,903411307,903411327,903411336,903411348,903411361,903411364,903411376,903411380,903411398,903411418,903411438,903411450,903411489,903411500,903411520,903411521,903411525,903411529,903411542,903411553,903411567,903411568,903411587,903411589,903411592,903411601,903411618,812319569,903411634,903411638,903411645,903411653,903411665,903411672,903411691,903411694,903411704,903411710,903411717,903411718,903411720,903411722,903411728,903411743,903411745,903411777,903411784,903411795,903411800,903411816,903411817,903411820,903411827,903411842,903411843,903411852,903411854,903411856,903411860,903411872,903411878)
 Cron execution ended at: 2022-05-13 17:28:01

***********************************************************

 Cron execution started at :2022-05-13 17:30:16 

 Total Count =>87

Total records SUCCESS: 0
() 
Total records FAIL: 4
(903411216,903411520,903411521,903411969) 
 Total records PENDING: 0
()
 Total records No Response: 83
(903411159,903411160,903411161,903411178,903411205,903411210,903411212,903411213,903411217,903411220,903411231,903411255,903411258,903411262,903411266,903411269,903411290,903411299,903411307,903411327,903411336,903411348,903411361,903411364,903411376,903411380,903411398,903411418,903411438,903411450,903411489,903411500,903411525,903411529,903411542,903411553,903411567,903411568,903411587,903411589,903411592,903411601,903411618,812319569,903411634,903411638,903411645,903411653,903411665,903411672,903411691,903411694,903411704,903411710,903411717,903411718,903411720,903411722,903411728,903411743,903411745,903411777,903411784,903411795,903411800,903411816,903411817,903411820,903411827,903411842,903411843,903411852,903411854,903411856,903411860,903411872,903411878,903411888,903411921,903411941,903411959,903411970,903411978)
 Cron execution ended at: 2022-05-13 17:37:52

***********************************************************

 Cron execution started at :2022-05-13 17:40:16 

 Total Count =>82

Total records SUCCESS: 0
() 
Total records FAIL: 5
(903411255,903411290,903411336,903411361,903412045) 
 Total records PENDING: 0
()
 Total records No Response: 77
(903411231,903411258,903411262,903411266,903411269,903411299,903411307,903411327,903411348,903411364,903411376,903411380,903411398,903411418,903411438,903411489,903411500,903411525,903411529,903411542,903411553,903411567,903411568,903411587,903411589,903411592,903411601,903411618,812319569,903411634,903411638,903411645,903411653,903411665,903411672,903411691,903411694,903411704,903411710,903411717,903411718,903411720,903411722,903411728,903411743,903411745,903411777,903411784,903411795,903411800,903411816,903411817,903411820,903411827,903411842,903411843,903411852,903411854,903411856,903411860,903411872,903411878,903411888,903411921,903411941,903411959,903411970,903411978,903411992,903411997,903412006,903412010,903412014,903412026,903412037,903412038,903412041)
 Cron execution ended at: 2022-05-13 17:47:02

***********************************************************

 Cron execution started at :2022-05-13 17:50:23 

 Total Count =>82

Total records SUCCESS: 0
() 
Total records FAIL: 1
(903412128) 
 Total records PENDING: 0
()
 Total records No Response: 81
(903411327,903411348,903411364,903411376,903411380,903411398,903411418,903411438,903411489,903411500,903411525,903411529,903411542,903411553,903411567,903411568,903411587,903411589,903411592,903411601,903411618,812319569,903411634,903411638,903411645,903411653,903411665,903411672,903411691,903411694,903411704,903411710,903411717,903411718,903411720,903411722,903411728,903411743,903411745,903411777,903411784,903411795,903411800,903411816,903411817,903411820,903411827,903411842,903411843,903411852,903411854,903411856,903411860,903411872,903411878,903411888,903411921,903411941,903411959,903411970,903411978,903411992,903411997,903412006,903412010,903412014,903412026,903412037,903412038,903412041,903412068,903412074,903412085,903412088,903412092,903412098,903412103,903412122,903412130,903412135,903412142)
 Cron execution ended at: 2022-05-13 17:57:05

***********************************************************

 Cron execution started at :2022-05-13 18:00:24 

 Total Count =>84

Total records SUCCESS: 0
() 
Total records FAIL: 5
(903411398,903411438,903411500,903412226,903412227) 
 Total records PENDING: 0
()
 Total records No Response: 79
(903411418,903411489,903411525,903411529,903411542,903411553,903411567,903411568,903411587,903411589,903411592,903411601,903411618,812319569,903411634,903411638,903411645,903411653,903411665,903411672,903411691,903411694,903411704,903411710,903411717,903411718,903411720,903411722,903411728,903411743,903411745,903411777,903411784,903411795,903411800,903411816,903411817,903411820,903411827,903411842,903411843,903411852,903411854,903411856,903411860,903411872,903411878,903411888,903411921,903411941,903411959,903411970,903411978,903411992,903411997,903412006,903412010,903412014,903412026,903412037,903412038,903412041,903412068,903412074,903412085,903412088,903412092,903412098,903412103,903412122,903412130,903412135,903412142,903412162,903412170,903412182,903412204,903412211,903412214)
 Cron execution ended at: 2022-05-13 18:07:13

***********************************************************

 Cron execution started at :2022-05-13 18:10:28 

 Total Count =>87

Total records SUCCESS: 0
() 
Total records FAIL: 1
(903412296) 
 Total records PENDING: 0
()
 Total records No Response: 86
(903411489,903411525,903411529,903411542,903411553,903411567,903411568,903411587,903411589,903411592,903411601,903411618,812319569,903411634,903411638,903411645,903411653,903411665,903411672,903411691,903411694,903411704,903411710,903411717,903411718,903411720,903411722,903411728,903411743,903411745,903411777,903411784,903411795,903411800,903411816,903411817,903411820,903411827,903411842,903411843,903411852,903411854,903411856,903411860,903411872,903411878,903411888,903411921,903411941,903411959,903411970,903411978,903411992,903411997,903412006,903412010,903412014,903412026,903412037,903412038,903412041,903412068,903412074,903412085,903412088,903412092,903412098,903412103,903412122,903412130,903412135,903412142,903412162,903412170,903412182,903412204,903412211,903412214,903412229,903412239,903412241,903412255,903412268,903412276,903412277,903412286)
 Cron execution ended at: 2022-05-13 18:16:54

***********************************************************

 Cron execution started at :2022-05-13 18:20:29 

 Total Count =>90

Total records SUCCESS: 0
() 
Total records FAIL: 2
(903412364,903412365) 
 Total records PENDING: 0
()
 Total records No Response: 88
(903411567,903411568,903411587,903411589,903411592,903411601,903411618,812319569,903411634,903411638,903411645,903411653,903411665,903411672,903411691,903411694,903411704,903411710,903411717,903411718,903411720,903411722,903411728,903411743,903411745,903411777,903411784,903411795,903411800,903411816,903411817,903411820,903411827,903411842,903411843,903411852,903411854,903411856,903411860,903411872,903411878,903411888,903411921,903411941,903411959,903411970,903411978,903411992,903411997,903412006,903412010,903412014,903412026,903412037,903412038,903412041,903412068,903412074,903412085,903412088,903412092,903412098,903412103,903412122,903412130,903412135,903412142,903412162,903412170,903412182,903412204,903412211,903412214,903412229,903412239,903412241,903412255,903412268,903412276,903412277,903412286,903412302,903412328,903412332,903412334,903412338,903412352,903412358)
 Cron execution ended at: 2022-05-13 18:27:03

***********************************************************

 Cron execution started at :2022-05-13 18:30:28 

 Total Count =>84

Total records SUCCESS: 0
() 
Total records FAIL: 1
(903412441) 
 Total records PENDING: 0
()
 Total records No Response: 83
(903411653,903411665,903411672,903411691,903411694,903411704,903411710,903411717,903411718,903411720,903411722,903411728,903411743,903411745,903411777,903411784,903411795,903411800,903411816,903411817,903411820,903411827,903411842,903411843,903411852,903411854,903411856,903411860,903411872,903411878,903411888,903411921,903411941,903411959,903411970,903411978,903411992,903411997,903412006,903412010,903412014,903412026,903412037,903412038,903412041,903412068,903412074,903412085,903412088,903412092,903412098,903412103,903412122,903412130,903412135,903412142,903412162,903412170,903412182,903412204,903412211,903412214,903412229,903412239,903412241,903412255,903412268,903412276,903412277,903412286,903412302,903412328,903412332,903412334,903412338,903412352,903412358,903412385,903412389,903412391,903412398,903412411,903412440)
 Cron execution ended at: 2022-05-13 18:36:12

***********************************************************

 Cron execution started at :2022-05-13 18:40:30 

 Total Count =>82

Total records SUCCESS: 0
() 
Total records FAIL: 0
() 
 Total records PENDING: 0
()
 Total records No Response: 82
(903411728,903411743,903411745,903411777,903411784,903411795,903411800,903411816,903411817,903411820,903411827,903411842,903411843,903411852,903411854,903411856,903411860,903411872,903411878,903411888,903411921,903411941,903411959,903411970,903411978,903411992,903411997,903412006,903412010,903412014,903412026,903412037,903412038,903412041,903412068,903412074,903412085,903412088,903412092,903412098,903412103,903412122,903412130,903412135,903412142,903412162,903412170,903412182,903412204,903412211,903412214,903412229,903412239,903412241,903412255,903412268,903412276,903412277,903412286,903412302,903412328,903412332,903412334,903412338,903412352,903412358,903412385,903412389,903412391,903412398,903412411,903412440,903412461,903412468,903412472,903412487,903412488,903412509,903412512,903412529,903412534,903412535)
 Cron execution ended at: 2022-05-13 18:46:14

***********************************************************

 Cron execution started at :2022-05-13 18:50:31 

 Total Count =>85

Total records SUCCESS: 0
() 
Total records FAIL: 1
(903412604) 
 Total records PENDING: 0
()
 Total records No Response: 84
(903411816,903411817,903411820,903411827,903411842,903411843,903411852,903411854,903411856,903411860,903411872,903411878,903411888,903411921,903411941,903411959,903411970,903411978,903411992,903411997,903412006,903412010,903412014,903412026,903412037,903412038,903412041,903412068,903412074,903412085,903412088,903412092,903412098,903412103,903412122,903412130,903412135,903412142,903412162,903412170,903412182,903412204,903412211,903412214,903412229,903412239,903412241,903412255,903412268,903412276,903412277,903412286,903412302,903412328,903412332,903412334,903412338,903412352,903412358,903412385,903412389,903412391,903412398,903412411,903412440,903412461,903412468,903412472,903412487,903412488,903412509,903412512,903412529,903412534,903412535,903412558,903412569,903412570,903412582,903412584,903412590,903412592,903412595,903412600)
 Cron execution ended at: 2022-05-13 18:56:23

***********************************************************

 Cron execution started at :2022-05-13 19:00:29 

 Total Count =>77

Total records SUCCESS: 0
() 
Total records FAIL: 2
(903412657,903412665) 
 Total records PENDING: 0
()
 Total records No Response: 75
(903411888,903411921,903411941,903411959,903411970,903411978,903411992,903411997,903412006,903412010,903412014,903412026,903412037,903412038,903412041,903412068,903412074,903412085,903412088,903412092,903412098,903412103,903412122,903412130,903412135,903412142,903412162,903412170,903412182,903412204,903412211,903412214,903412229,903412239,903412241,903412255,903412268,903412276,903412277,903412286,903412302,903412328,903412332,903412334,903412338,903412352,903412358,903412385,903412389,903412391,903412398,903412411,903412440,903412461,903412468,903412472,903412487,903412488,903412509,903412512,903412529,903412534,903412535,903412558,903412569,903412570,903412582,903412584,903412590,903412592,903412595,903412600,903412608,903412648,903412656)
 Cron execution ended at: 2022-05-13 19:05:54

***********************************************************

 Cron execution started at :2022-05-13 19:10:28 

 Total Count =>73

Total records SUCCESS: 0
() 
Total records FAIL: 6
(903412037,903412074,903412088,903412098,903412135,903412182) 
 Total records PENDING: 0
()
 Total records No Response: 67
(903411992,903411997,903412006,903412010,903412014,903412026,903412038,903412041,903412068,903412085,903412092,903412103,903412122,903412130,903412162,903412170,903412204,903412211,903412214,903412229,903412239,903412241,903412255,903412268,903412276,903412277,903412302,903412328,903412332,903412334,903412338,903412352,903412358,903412385,903412389,903412391,903412398,903412411,903412440,903412461,903412468,903412472,903412487,903412488,903412509,903412512,903412529,903412534,903412535,903412558,903412569,903412570,903412582,903412584,903412590,903412592,903412595,903412600,903412608,903412648,903412656,903412678,903412688,903412717,903412725,903412738,903412743)
 Cron execution ended at: 2022-05-13 19:15:18

***********************************************************

 Cron execution started at :2022-05-13 19:21:31 

 Total Count =>72

Total records SUCCESS: 0
() 
Total records FAIL: 4
(903412130,903412204,903412792,903412805) 
 Total records PENDING: 0
()
 Total records No Response: 68
(903412085,903412092,903412103,903412122,903412162,903412170,903412211,903412214,903412229,903412239,903412241,903412255,903412268,903412276,903412277,903412302,903412328,903412332,903412334,903412338,903412352,903412358,903412385,903412389,903412391,903412398,903412411,903412440,903412461,903412468,903412472,903412487,903412488,903412509,903412512,903412529,903412534,903412535,903412558,903412569,903412570,903412582,903412584,903412590,903412592,903412595,903412600,903412608,903412648,903412656,903412678,903412688,903412717,903412725,903412738,903412743,903412746,903412749,903412750,903412757,903412761,903412763,903412775,903412779,903412797,903412798,903412799,903412803)
 Cron execution ended at: 2022-05-13 19:26:39

***********************************************************

 Cron execution started at :2022-05-13 19:41:25 

 Total Count =>72

Total records SUCCESS: 0
() 
Total records FAIL: 3
(903412907,903412928,903412929) 
 Total records PENDING: 0
()
 Total records No Response: 69
(903412239,903412241,903412255,903412268,903412276,903412277,903412302,903412328,903412332,903412334,903412338,903412352,903412358,903412385,903412389,903412391,903412398,903412411,903412440,903412461,903412468,903412472,903412487,903412488,903412509,903412512,903412529,903412534,903412535,903412558,903412569,903412570,903412582,903412584,903412590,903412592,903412595,903412600,903412608,903412648,903412656,903412678,903412688,903412717,903412725,903412738,903412743,903412746,903412749,903412750,903412757,903412761,903412763,903412775,903412779,903412797,903412798,903412799,903412803,903412863,903412871,903412892,903412904,903412908,903412912,903412919,903412927,903412930,903412932)
 Cron execution ended at: 2022-05-13 19:47:10

***********************************************************

 Cron execution started at :2022-05-13 20:10:59 

 Total Count =>77

Total records SUCCESS: 0
() 
Total records FAIL: 3
(903413141,903413169,903413184) 
 Total records PENDING: 0
()
 Total records No Response: 74
(903412461,903412468,903412472,903412487,903412488,903412509,903412512,903412529,903412534,903412535,903412558,903412569,903412570,903412582,903412584,903412590,903412592,903412595,903412600,903412608,903412648,903412656,903412678,903412688,903412717,903412725,903412738,903412743,903412746,903412749,903412750,903412757,903412761,903412763,903412775,903412779,903412797,903412798,903412799,903412803,903412863,903412871,903412892,903412904,903412908,903412912,903412919,903412927,903412930,903412932,35223,903412947,903412955,903412965,903412982,903413006,903413023,903413024,903413031,903413042,903413044,903413049,903413056,903413084,903413085,903413090,903413091,903413092,903413102,903413120,903413137,903413145,903413177,903413183)
 Cron execution ended at: 2022-05-13 20:18:39

***********************************************************

 Cron execution started at :2022-05-13 20:20:46 

 Total Count =>81

Total records SUCCESS: 0
() 
Total records FAIL: 6
(903413248,903413250,903413253,903413278,903413283,903413288) 
 Total records PENDING: 0
()
 Total records No Response: 75
(903412558,903412569,903412570,903412582,903412584,903412590,903412592,903412595,903412600,903412608,903412648,903412656,903412678,903412688,903412717,903412725,903412738,903412743,903412746,903412749,903412750,903412757,903412761,903412763,903412775,903412779,903412797,903412798,903412799,903412803,903412863,903412871,903412892,903412904,903412908,903412912,903412919,903412927,903412930,903412932,35223,903412947,903412955,903412965,903412982,903413006,903413023,903413024,903413031,903413042,903413044,903413049,903413056,903413084,903413085,903413090,903413091,903413092,903413102,903413120,903413137,903413145,903413177,903413183,903413197,903413215,903413227,903413231,903413232,903413233,903413243,903413249,903413260,903413270,903413275)
 Cron execution ended at: 2022-05-13 20:28:55

***********************************************************

 Cron execution started at :2022-05-13 20:30:29 

 Total Count =>74

Total records SUCCESS: 0
() 
Total records FAIL: 1
(903413374) 
 Total records PENDING: 0
()
 Total records No Response: 73
(903412608,903412648,903412656,903412678,903412688,903412717,903412725,903412738,903412743,903412746,903412749,903412750,903412757,903412761,903412763,903412775,903412779,903412797,903412798,903412799,903412803,903412863,903412871,903412892,903412904,903412908,903412912,903412919,903412927,903412930,903412932,35223,903412947,903412955,903412965,903412982,903413006,903413023,903413024,903413031,903413042,903413044,903413049,903413056,903413084,903413085,903413090,903413091,903413092,903413102,903413120,903413137,903413145,903413177,903413183,903413197,903413215,903413227,903413231,903413232,903413233,903413243,903413249,903413260,903413270,903413275,903413290,903413332,903413350,903413351,903413353,903413354,903413380)
 Cron execution ended at: 2022-05-13 20:37:36

***********************************************************

 Cron execution started at :2022-05-13 20:40:06 

 Total Count =>77

Total records SUCCESS: 0
() 
Total records FAIL: 1
(903413465) 
 Total records PENDING: 0
()
 Total records No Response: 76
(903412678,903412688,903412717,903412725,903412738,903412743,903412746,903412749,903412750,903412757,903412761,903412763,903412775,903412779,903412797,903412798,903412799,903412803,903412863,903412871,903412892,903412904,903412908,903412912,903412919,903412927,903412930,903412932,35223,903412947,903412955,903412965,903412982,903413006,903413023,903413024,903413031,903413042,903413044,903413049,903413056,903413084,903413085,903413090,903413091,903413092,903413102,903413120,903413137,903413145,903413177,903413183,903413197,903413215,903413227,903413231,903413232,903413233,903413243,903413249,903413260,903413270,903413275,903413290,903413332,903413350,903413351,903413353,903413354,903413380,903413409,903413412,903413421,903413426,903413428,903413436)
 Cron execution ended at: 2022-05-13 20:47:31

***********************************************************

 Cron execution started at :2022-05-13 20:50:26 

 Total Count =>85

Total records SUCCESS: 0
() 
Total records FAIL: 5
(903413024,903413548,903413557,903413558,903413562) 
 Total records PENDING: 0
()
 Total records No Response: 80
(903412746,903412749,903412750,903412757,903412761,903412763,903412775,903412779,903412797,903412798,903412799,903412803,903412863,903412871,903412892,903412904,903412908,903412912,903412919,903412927,903412930,903412932,35223,903412947,903412955,903412965,903412982,903413006,903413023,903413031,903413042,903413044,903413049,903413056,903413084,903413085,903413090,903413091,903413092,903413102,903413120,903413137,903413145,903413177,903413183,903413197,903413215,903413227,903413231,903413232,903413233,903413243,903413249,903413260,903413270,903413275,903413290,903413332,903413350,903413351,903413353,903413354,903413380,903413409,903413412,903413421,903413426,903413428,903413436,903413476,903413492,903413499,903413504,903413512,903413518,903413519,903413526,903413531,903413535,903413550)
 Cron execution ended at: 2022-05-13 20:58:52

***********************************************************

 Cron execution started at :2022-05-13 21:00:30 

 Total Count =>75

Total records SUCCESS: 0
() 
Total records FAIL: 10
(903412863,903412871,903412932,903412955,903412965,903413006,903413044,903413102,903413627,903413639) 
 Total records PENDING: 0
()
 Total records No Response: 65
(903412803,903412892,903412904,903412908,903412912,903412919,903412927,903412930,35223,903412947,903412982,903413023,903413031,903413042,903413049,903413056,903413084,903413085,903413090,903413091,903413092,903413120,903413137,903413145,903413177,903413183,903413197,903413215,903413227,903413231,903413232,903413233,903413243,903413249,903413260,903413270,903413275,903413290,903413332,903413350,903413351,903413353,903413354,903413380,903413409,903413412,903413421,903413426,903413428,903413436,903413476,903413492,903413499,903413504,903413512,903413518,903413519,903413526,903413531,903413535,903413550,903413565,903413597,903413616,903413624)
 Cron execution ended at: 2022-05-13 21:07:28

***********************************************************

 Cron execution started at :2022-05-13 21:10:43 

 Total Count =>67

Total records SUCCESS: 0
() 
Total records FAIL: 7
(903412912,903412919,903412930,903412982,903413023,903413049,903413718) 
 Total records PENDING: 0
()
 Total records No Response: 60
(903412892,903412904,903412908,903412927,35223,903412947,903413042,903413056,903413090,903413091,903413092,903413120,903413137,903413145,903413177,903413183,903413197,903413215,903413227,903413231,903413232,903413233,903413243,903413249,903413260,903413270,903413275,903413290,903413332,903413350,903413351,903413353,903413354,903413380,903413409,903413412,903413421,903413426,903413428,903413436,903413476,903413492,903413499,903413504,903413512,903413518,903413519,903413526,903413531,903413535,903413550,903413565,903413597,903413616,903413624,903413664,903413686,903413701,903413706,903413726)
 Cron execution ended at: 2022-05-13 21:16:46

***********************************************************

 Cron execution started at :2022-05-13 21:20:25 

 Total Count =>62

Total records SUCCESS: 0
() 
Total records FAIL: 5
(35223,903413042,903413805,903413808,903413813) 
 Total records PENDING: 0
()
 Total records No Response: 57
(903412947,903413056,903413090,903413091,903413120,903413137,903413145,903413177,903413183,903413197,903413215,903413227,903413231,903413232,903413233,903413243,903413249,903413260,903413270,903413275,903413290,903413332,903413350,903413351,903413353,903413354,903413380,903413409,903413412,903413421,903413426,903413428,903413436,903413476,903413492,903413499,903413504,903413512,903413518,903413519,903413526,903413531,903413535,903413550,903413565,903413597,903413616,903413624,903413664,903413686,903413701,903413706,903413726,903413766,903413768,903413771,903413784)
 Cron execution ended at: 2022-05-13 21:25:52

***********************************************************

 Cron execution started at :2022-05-13 21:30:29 

 Total Count =>63

Total records SUCCESS: 0
() 
Total records FAIL: 2
(903413890,903413895) 
 Total records PENDING: 0
()
 Total records No Response: 61
(903413056,903413090,903413091,903413120,903413137,903413145,903413177,903413183,903413197,903413215,903413227,903413231,903413232,903413233,903413243,903413249,903413260,903413270,903413275,903413290,903413332,903413350,903413351,903413353,903413354,903413380,903413409,903413412,903413421,903413426,903413428,903413436,903413476,903413492,903413499,903413504,903413512,903413518,903413519,903413526,903413531,903413535,903413550,903413565,903413597,903413616,903413624,903413664,903413686,903413701,903413706,903413726,903413766,903413768,903413771,903413784,903413824,903413835,903413839,903413862,903413878)
 Cron execution ended at: 2022-05-13 21:36:06

***********************************************************

 Cron execution started at :2022-05-13 21:40:23 

 Total Count =>64

Total records SUCCESS: 0
() 
Total records FAIL: 1
(903413958) 
 Total records PENDING: 0
()
 Total records No Response: 63
(903413120,903413137,903413145,903413177,903413183,903413197,903413215,903413227,903413231,903413232,903413233,903413243,903413249,903413260,903413270,903413275,903413290,903413332,903413350,903413351,903413353,903413354,903413380,903413409,903413412,903413421,903413426,903413428,903413436,903413476,903413492,903413499,903413504,903413512,903413518,903413519,903413526,903413531,903413535,903413550,903413565,903413597,903413616,903413624,903413664,903413686,903413701,903413706,903413726,903413766,903413768,903413771,903413784,903413824,903413835,903413839,903413862,903413878,903413903,903413920,903413924,903413929,903413964)
 Cron execution ended at: 2022-05-13 21:46:14

***********************************************************

 Cron execution started at :2022-05-13 21:50:18 

 Total Count =>65

Total records SUCCESS: 0
() 
Total records FAIL: 2
(903414051,903414056) 
 Total records PENDING: 0
()
 Total records No Response: 63
(903413197,903413215,903413227,903413231,903413232,903413233,903413243,903413249,903413260,903413270,903413275,903413290,903413332,903413350,903413351,903413353,903413354,903413380,903413409,903413412,903413421,903413426,903413428,903413436,903413476,903413492,903413499,903413504,903413512,903413518,903413519,903413526,903413531,903413535,903413550,903413565,903413597,903413616,903413624,903413664,903413686,903413701,903413706,903413726,903413766,903413768,903413771,903413784,903413824,903413835,903413839,903413862,903413878,903413903,903413920,903413924,903413929,903413964,903413969,903413984,903413990,903413993,903414014)
 Cron execution ended at: 2022-05-13 21:56:26

***********************************************************

 Cron execution started at :2022-05-13 22:00:18 

 Total Count =>59

Total records SUCCESS: 0
() 
Total records FAIL: 7
(903413476,903413492,903413597,903413624,903413664,903413701,903414149) 
 Total records PENDING: 0
()
 Total records No Response: 52
(903413290,903413332,903413350,903413351,903413353,903413354,903413380,903413409,903413412,903413421,903413426,903413428,903413436,903413499,903413504,903413512,903413518,903413519,903413526,903413531,903413535,903413550,903413565,903413616,903413686,903413706,903413726,903413766,903413768,903413771,903413784,903413824,903413835,903413839,903413862,903413878,903413903,903413920,903413924,903413929,903413964,903413969,903413984,903413990,903413993,903414014,903414063,903414073,903414087,903414090,903414092,903414147)
 Cron execution ended at: 2022-05-13 22:05:44

***********************************************************

 Cron execution started at :2022-05-13 22:10:29 

 Total Count =>48

Total records SUCCESS: 0
() 
Total records FAIL: 8
(903413412,903413426,903413436,903413499,903413504,903413518,903413531,903414248) 
 Total records PENDING: 0
()
 Total records No Response: 40
(903413409,903413421,903413428,903413512,903413519,903413526,903413535,903413616,903413726,903413766,903413768,903413771,903413784,903413824,903413835,903413839,903413862,903413878,903413903,903413920,903413924,903413929,903413964,903413969,903413984,903413990,903413993,903414014,903414063,903414073,903414087,903414090,903414092,903414147,903414161,903414169,903414170,903414186,903414211,903414224)
 Cron execution ended at: 2022-05-13 22:14:21

***********************************************************

 Cron execution started at :2022-05-13 22:20:59 

 Total Count =>50

Total records SUCCESS: 0
() 
Total records FAIL: 3
(903414352,903414354,903414364) 
 Total records PENDING: 0
()
 Total records No Response: 47
(903413512,903413519,903413526,903413535,903413616,903413726,903413766,903413768,903413771,903413784,903413824,903413835,903413839,903413862,903413878,903413903,903413920,903413924,903413929,903413964,903413969,903413984,903413990,903413993,903414014,903414063,903414073,903414087,903414090,903414092,903414147,903414161,903414169,903414170,903414186,903414211,903414224,903414259,903414261,903414273,903414276,903414283,903414284,903414315,903414322,903414329,903414357)
 Cron execution ended at: 2022-05-13 22:25:09

***********************************************************

 Cron execution started at :2022-05-13 22:30:57 

 Total Count =>52

Total records SUCCESS: 0
() 
Total records FAIL: 2
(35225,35226) 
 Total records PENDING: 0
()
 Total records No Response: 50
(903413616,903413726,903413766,903413768,903413771,903413784,903413824,903413835,903413839,903413862,903413878,903413903,903413920,903413924,903413929,903413964,903413969,903413984,903413990,903413993,903414014,903414063,903414073,903414087,903414090,903414092,903414147,903414161,903414169,903414170,903414186,903414211,903414224,903414259,903414261,903414273,903414276,903414283,903414284,903414315,903414322,903414329,903414357,903414409,903414414,903414425,903414434,903414439,903414443,903414447)
 Cron execution ended at: 2022-05-13 22:35:32

***********************************************************

 Cron execution started at :2022-05-13 22:40:29 

 Total Count =>61

Total records SUCCESS: 0
() 
Total records FAIL: 2
(903414529,903414532) 
 Total records PENDING: 0
()
 Total records No Response: 59
(903413726,903413766,903413768,903413771,903413784,903413824,903413835,903413839,903413862,903413878,903413903,903413920,903413924,903413929,903413964,903413969,903413984,903413990,903413993,903414014,903414063,903414073,903414087,903414090,903414092,903414147,903414161,903414169,903414170,903414186,903414211,903414224,903414259,903414261,903414273,903414276,903414283,903414284,903414315,903414322,903414329,903414357,903414409,903414414,903414425,903414434,903414439,903414443,903414447,903414477,903414485,903414491,903414495,903414498,903414499,903414501,903414509,903414521,903414533)
 Cron execution ended at: 2022-05-13 22:46:27

***********************************************************

 Cron execution started at :2022-05-13 22:50:01 

 Total Count =>76

Total records SUCCESS: 0
() 
Total records FAIL: 3
(903414602,903414625,903414636) 
 Total records PENDING: 0
()
 Total records No Response: 73
(903413766,903413768,903413771,903413784,903413824,903413835,903413839,903413862,903413878,903413903,903413920,903413924,903413929,903413964,903413969,903413984,903413990,903413993,903414014,903414063,903414073,903414087,903414090,903414092,903414147,903414161,903414169,903414170,903414186,903414211,903414224,903414259,903414261,903414273,903414276,903414283,903414284,903414315,903414322,903414329,903414357,903414409,903414414,903414425,903414434,903414439,903414443,903414447,903414477,903414485,903414491,903414495,903414498,903414499,903414501,903414509,903414521,903414533,903414557,903414576,903414580,903414583,903414589,903414597,903414608,903414610,903414613,903414614,903414619,903414621,903414623,903414626,35227)
 Cron execution ended at: 2022-05-13 22:57:42

***********************************************************

 Cron execution started at :2022-05-13 23:00:02 

 Total Count =>75

Total records SUCCESS: 0
() 
Total records FAIL: 19
(903413824,903413835,903413839,903413878,903413903,903413920,903413924,903413964,903413969,903413984,903413990,903413993,903414014,903414063,903414092,903414161,903414169,903414682,903414687) 
 Total records PENDING: 0
()
 Total records No Response: 56
(903413862,903413929,903414073,903414087,903414090,903414147,903414170,903414186,903414211,903414224,903414259,903414261,903414273,903414276,903414283,903414284,903414315,903414322,903414329,903414357,903414409,903414414,903414425,903414434,903414439,903414443,903414447,903414477,903414485,903414491,903414495,903414498,903414499,903414501,903414509,903414521,903414533,903414557,903414576,903414580,903414583,903414589,903414597,903414608,903414610,903414613,903414614,903414619,903414621,903414623,903414626,35227,903414652,903414655,903414672,903414676)
 Cron execution ended at: 2022-05-13 23:07:50

***********************************************************

 Cron execution started at :2022-05-13 23:10:01 

 Total Count =>70

Total records SUCCESS: 0
() 
Total records FAIL: 6
(903414771,903414773,903414774,903414792,903414795,903414802) 
 Total records PENDING: 0
()
 Total records No Response: 64
(903413929,903414073,903414087,903414090,903414147,903414170,903414186,903414211,903414224,903414259,903414261,903414273,903414276,903414283,903414284,903414315,903414322,903414329,903414357,903414409,903414414,903414425,903414434,903414439,903414443,903414447,903414477,903414485,903414491,903414495,903414498,903414499,903414501,903414509,903414521,903414533,903414557,903414576,903414580,903414583,903414589,903414597,903414608,903414610,903414613,903414614,903414619,903414621,903414623,903414626,35227,903414652,903414655,903414672,903414676,903414716,903414724,903414741,903414745,903414756,903414781,903414790,903414796,903414806)
 Cron execution ended at: 2022-05-13 23:17:13

***********************************************************

 Cron execution started at :2022-05-13 23:20:01 

 Total Count =>82

Total records SUCCESS: 0
() 
Total records FAIL: 3
(903414873,903414887,903414890) 
 Total records PENDING: 0
()
 Total records No Response: 79
(903414073,903414087,903414090,903414147,903414170,903414186,903414211,903414224,903414259,903414261,903414273,903414276,903414283,903414284,903414315,903414322,903414329,903414357,903414409,903414414,903414425,903414434,903414439,903414443,903414447,903414477,903414485,903414491,903414495,903414498,903414499,903414501,903414509,903414521,903414533,903414557,903414576,903414580,903414583,903414589,903414597,903414608,903414610,903414613,903414614,903414619,903414621,903414623,903414626,35227,903414652,903414655,903414672,903414676,903414716,903414724,903414741,903414745,903414756,903414781,903414790,903414796,903414806,903414812,903414819,903414822,903414827,903414832,903414838,903414841,903414844,903414848,903414864,903414870,903414871,903414874,903414876,903414880,903414892)
 Cron execution ended at: 2022-05-13 23:28:44

***********************************************************

 Cron execution started at :2022-05-13 23:30:01 

 Total Count =>96

Total records SUCCESS: 0
() 
Total records FAIL: 7
(903414931,903414952,903414964,903414972,903414983,903414986,903414989) 
 Total records PENDING: 0
()
 Total records No Response: 89
(903414073,903414087,903414090,903414147,903414170,903414186,903414211,903414224,903414259,903414261,903414273,903414276,903414283,903414284,903414315,903414322,903414329,903414357,903414409,903414414,903414425,903414434,903414439,903414443,903414447,903414477,903414485,903414491,903414495,903414498,903414499,903414501,903414509,903414521,903414533,903414557,903414576,903414580,903414583,903414589,903414597,903414608,903414610,903414613,903414614,903414619,903414621,903414623,903414626,35227,903414652,903414655,903414672,903414676,903414716,903414724,903414741,903414745,903414756,903414781,903414790,903414796,903414806,903414812,903414819,903414822,903414827,903414832,903414838,903414841,903414844,903414848,903414864,903414870,903414871,903414874,903414876,903414880,903414892,903414912,903414933,903414937,903414940,903414947,903414960,903414961,903414978,903414981,903414982)
 Cron execution ended at: 2022-05-13 23:40:41
