
***********************************************************

 Cron execution started at :2023-02-12 02:45:01 

 Total Count =>765

Total records SUCCESS: 1
(903859960) 
Total records FAIL: 0
() 
 Total records PENDING: 97
(903859822,903859823,903859840,903859842,903859847,903859860,903859863,812367760,903860029,812367781,903860086,903860089,903860104,903860111,903860145,903860157,903860164,903860166,903860170,903860239,903860245,903860302,903860315,903860332,903860392,903860418,903860425,903860450,903860530,903860571,903860580,903860591,903860594,903860598,903860610,903860681,903860692,903860714,903860726,903860727,903860738,903860757,903860833,903860851,903860859,903860887,903860904,903860906,903860918,903860931,903860944,903860955,903860957,903860962,903861003,903861015,903861016,903861018,903861070,903861075,903861086,903861112,903861137,903861145,812367833,903861172,903861199,903861213,903861218,903861383,903861528,903861549,903861654,903861664,903861665,903861668,903861673,903861677,903861698,903861713,903861718,903861723,812367888,903861741,903861778,812367890,903861797,903861805,903861820,903861827,903861851,903861868,903861894,903861900,903861918,903861925,903861930)
 Total records No Response: 667
(903859799,812367741,812367742,812367744,903859818,903859819,812367746,812367747,812367748,812367749,812367750,812367751,812367753,903859828,903859832,903859835,903859839,36787,903859843,903859844,903859870,903859879,903859884,903859891,903859897,903859900,903859909,903859914,903859928,903859939,903859941,903859953,812367762,812367763,812367764,812367765,903859957,903859965,903859967,903859973,903859974,903859978,812367768,903859982,903859986,903859993,903859994,903859995,903859996,903859997,903860000,903860001,903860004,812367773,903860007,903860008,903860010,903860011,903860012,812367774,812367775,903860016,903860017,903860020,903860021,812367780,903860032,903860033,903860041,903860044,903860046,903860050,903860054,903860056,903860057,903860058,903860061,903860064,903860066,903860077,903860088,903860090,903860091,903860092,903860098,903860099,903860107,903860112,903860118,903860120,903860124,903860134,903860135,903860136,903860138,903860142,903860144,903860149,903860154,903860160,903860161,903860162,903860167,903860168,903860176,812367782,903860186,903860189,903860191,903860192,903860193,903860195,903860197,903860210,903860212,903860222,903860227,903860233,903860242,903860243,903860248,903860253,903860255,903860256,903860263,903860266,903860269,812367786,903860271,903860278,903860284,903860285,903860293,903860294,903860299,903860303,903860305,903860310,903860312,903860313,903860317,903860321,903860325,903860331,903860334,903860345,903860347,903860348,903860352,903860360,903860365,903860373,903860376,903860400,903860405,903860408,903860411,903860415,903860416,903860420,903860424,903860431,903860432,903860440,903860457,903860465,903860471,903860472,812367793,903860495,903860498,903860510,903860511,903860517,903860524,903860541,903860545,903860553,812367795,812367796,812367797,903860563,812367798,903860573,812367799,812367800,812367801,903860576,903860587,812367803,903860589,903860590,812367804,903860601,903860603,903860607,903860612,903860614,903860615,903860622,903860632,903860641,903860646,903860649,903860652,903860653,903860654,903860657,903860661,903860670,903860671,903860674,903860677,903860685,903860686,812367805,903860693,903860695,903860698,903860701,903860703,903860707,903860710,903860718,903860722,903860724,903860728,903860729,903860732,903860739,903860741,903860746,903860747,903860748,903860750,903860751,903860753,903860767,903860771,903860781,903860785,903860790,903860794,903860808,903860810,903860811,903860812,903860817,903860820,903860822,903860827,903860829,903860830,903860836,812367807,903860843,903860845,903860846,903860847,903860849,903860854,903860862,903860865,812367809,903860872,903860874,903860876,903860885,903860888,903860891,903860892,903860893,903860896,903860900,903860901,903860907,812367810,812367811,812367813,812367814,812367815,812367816,812367817,812367818,903860908,903860915,903860919,903860921,903860923,903860929,903860932,903860934,903860935,903860937,903860948,903860949,903860953,903860954,812367820,903860971,812367821,903860973,903860980,903860982,903860987,903860988,903860991,903860994,903860995,903860996,903861008,903861010,903861020,903861024,903861030,903861033,903861040,903861042,903861043,903861048,903861051,903861056,903861061,903861072,903861074,903861079,903861081,903861082,903861084,903861087,903861092,903861094,903861095,903861102,812367824,903861107,812367825,903861114,903861115,903861116,903861118,903861120,903861121,903861125,903861126,903861127,903861128,903861131,903861132,812367828,812367829,812367830,903861136,812367831,903861143,903861147,903861153,903861161,903861164,903861165,903861168,903861173,903861176,903861180,903861183,903861184,903861187,903861194,903861195,903861196,903861197,903861200,903861216,903861222,903861225,903861229,812367837,812367838,812367839,812367840,812367841,903861232,812367842,903861240,903861241,903861243,903861252,903861254,903861259,903861268,903861271,903861273,903861274,903861276,903861277,903861281,903861283,903861285,903861286,903861287,903861289,903861292,903861293,903861296,903861302,903861305,903861306,903861312,903861319,903861320,903861321,903861325,903861326,903861330,903861336,903861341,903861342,903861347,903861351,903861352,903861353,903861361,903861362,903861363,903861364,903861366,903861367,812367850,903861381,903861382,903861385,903861389,903861390,903861392,903861394,903861396,903861397,903861398,903861399,903861400,903861401,903861402,812367851,903861403,903861404,903861405,903861406,903861407,903861408,903861409,903861410,903861411,903861412,903861413,903861414,903861415,903861416,903861417,903861418,903861419,903861420,903861421,903861422,903861423,812367852,812367853,812367854,812367855,812367856,812367857,903861424,812367858,903861425,903861426,903861427,903861428,903861429,903861430,903861431,903861432,903861433,812367859,903861434,812367860,903861435,903861436,903861437,903861438,903861439,903861440,903861441,903861442,903861443,903861444,903861445,903861446,812367861,812367862,812367863,812367864,812367865,812367866,812367867,812367868,812367869,903861447,812367870,903861448,903861449,903861450,903861451,903861452,903861453,903861454,903861455,903861456,903861457,903861458,903861459,903861460,903861461,903861462,903861463,903861464,903861465,903861466,903861467,903861468,903861469,903861473,903861476,903861479,903861486,903861488,903861493,903861512,903861514,903861515,903861518,903861523,903861525,903861533,903861534,903861536,903861539,903861540,903861545,903861546,903861550,903861554,903861560,903861562,903861563,903861564,903861565,903861569,903861570,903861576,903861578,903861583,903861590,903861594,903861599,903861607,903861623,903861624,903861625,903861626,903861627,903861630,903861631,903861635,812367875,812367876,903861636,812367877,812367879,812367880,903861640,903861643,812367881,903861646,903861647,903861648,903861651,903861660,903861661,903861663,903861666,903861671,903861674,812367883,903861676,903861680,903861682,903861684,903861686,812367884,812367885,903861695,903861696,903861705,903861706,903861711,903861721,903861725,903861726,903861729,903861736,903861737,903861739,903861740,903861745,903861751,903861758,903861763,903861766,903861767,903861768,903861775,903861779,903861780,903861782,903861784,903861786,903861787,903861790,903861793,903861798,903861799,903861807,903861817,903861823,903861825,903861828,903861829,903861830,903861831,903861839,903861842,903861843,903861847,903861849,903861858,903861859,903861864,903861873,903861880,903861881,903861882,903861885,812367895,812367896,903861890,903861891,903861901,903861903,903861910,903861912,903861913,903861914,903861915,903861916,903861917,903861922,903861923,903861927)
 Cron execution ended at: 2023-02-12 03:01:13
