
***********************************************************

 Cron execution started at :2023-01-29 02:45:02 

 Total Count =>197

Total records SUCCESS: 0
() 
Total records FAIL: 0
() 
 Total records PENDING: 25
(903852680,903852681,812366789,903852707,903852723,903852742,812366804,812366808,903852824,812366812,903852845,903852847,903852852,812366839,903852882,903852887,903852894,903852900,812366849,903852927,903852938,903852948,903852952,903852967,903852975)
 Total records No Response: 172
(812366786,903852670,903852671,903852674,903852678,903852679,812366788,812366787,903852686,903852688,812366794,903852691,812366795,903852695,903852694,903852698,903852697,903852700,903852696,812366797,903852699,903852702,903852704,903852706,903852710,903852708,903852709,903852712,903852714,903852727,903852728,903852731,903852735,903852740,903852747,903852748,903852745,903852751,903852752,903852753,903852755,812366798,812366799,812366800,903852763,903852765,903852766,903852771,903852764,903852770,903852769,903852776,903852778,903852775,903852777,903852779,903852785,903852787,903852789,903852792,903852794,903852797,903852796,903852800,812366803,903852803,903852804,812366805,903852808,903852811,903852813,903852814,36737,903852815,903852816,903852818,903852820,903852825,903852826,36738,903852834,812366817,903852837,812366815,812366816,812366818,812366819,812366821,903852840,903852841,903852842,812366820,812366822,812366823,812366824,812366825,903852851,812366826,812366827,812366828,903852857,903852856,903852859,36739,903852867,812366834,812366835,36740,903852876,812366837,903852878,903852880,903852881,903852885,903852891,903852895,903852896,903852892,903852897,903852899,812366844,812366845,812366846,812366847,812366848,903852908,903852910,903852911,903852909,36742,812366850,812366851,812366852,812366853,903852914,903852918,903852921,903852922,903852923,903852926,903852930,903852931,903852932,903852934,903852935,903852936,812366860,903852939,36743,903852944,903852946,903852949,903852951,812366862,812366863,903852953,903852955,903852957,903852958,812366866,903852960,903852972,903852971,903852968,903852977,36744,903852979,903852980,812366870,903852983,903852984,903852985)
 Cron execution ended at: 2023-01-29 02:48:00
