
***********************************************************

 Cron execution started at :2023-02-09 07:00:01 

 Total Count =>52

Total records SUCCESS: 0
() 
Total records FAIL: 0
() 
 Total records PENDING: 3
(812367620,812367649,903859561)
 Total records No Response: 49
(903859489,903859490,903859494,903859497,903859493,903859501,903859496,903859502,903859512,903859514,903859511,903859517,903859518,903859519,903859525,903859531,903859533,903859534,903859529,903859538,903859540,812367627,812367628,812367629,903859544,36776,903859541,36775,812367632,812367633,812367634,812367635,812367636,812367637,812367638,812367642,903859553,812367639,812367640,812367641,903859555,36779,903859558,903859557,903859559,36780,903859566,903859567,903859569)
 Cron execution ended at: 2023-02-09 07:00:18

***********************************************************

 Cron execution started at :2023-02-09 19:00:01 

 Total Count =>86

Total records SUCCESS: 0
() 
Total records FAIL: 0
() 
 Total records PENDING: 6
(903859581,903859588,812367667,903859667,812367706,812367707)
 Total records No Response: 80
(36781,903859574,903859584,903859580,903859586,903859591,903859593,903859600,903859601,903859595,903859603,903859605,903859609,812367658,903859612,903859618,903859611,903859614,903859616,812367659,812367660,812367661,812367662,812367664,812367669,812367670,812367671,812367672,812367665,903859629,812367668,903859634,903859627,903859635,812367675,903859640,903859636,903859637,903859644,903859641,812367676,903859649,903859653,812367678,812367679,812367680,903859657,903859660,903859661,812367681,812367682,812367683,812367684,812367685,812367686,812367687,812367688,812367689,812367690,812367691,812367692,812367694,812367695,812367696,812367697,812367698,812367699,903859677,812367700,903859678,903859679,903859681,812367701,812367702,812367703,903859672,903859685,903859680,903859682,903859684)
 Cron execution ended at: 2023-02-09 19:00:50
