
***********************************************************

 Cron execution started at :2022-09-05 22:21:02 

 Total Count =>668

Total records SUCCESS: 130
(812331138,812331199,903569167,903569191,903569199,903569890,903569901,903569903,903569858,903569916,903569923,903569959,903569962,903569965,903569904,903569905,903569973,903569976,903569934,903569939,903569940,903569981,903569991,903569994,903569998,903570003,903570005,903569953,903569955,903570016,903570014,903570020,903569969,903570029,903570030,903570031,903570035,903570053,903570051,903570004,903570063,903570066,903570067,903570068,903570071,903570074,903570077,903570082,903570079,903570084,903570015,903570090,812331430,903570095,903570097,903570099,903570102,903570108,903570113,903570115,903570133,903570086,903570137,812331423,903570138,903570143,903570142,903570157,903570096,903570156,903570161,903570159,903570164,903570166,903570172,903570179,903570192,903570204,903570207,903570208,903570126,903570139,903570220,903570221,903570225,903570229,903570162,903570236,903570238,903570245,903570252,903570254,903570270,903570276,903570278,903570280,903570289,903570291,903570294,903570296,903570299,903570297,903570301,903570302,903570308,903570307,903570311,903570315,903570326,903570319,903570329,903570338,903570345,903570343,903570347,903570350,903570357,903570369,903570370,903570367,903570379,903570389,903570397,903570349,903570400,903570403,903570408,903570373,903570409,903570410) 
Total records FAIL: 48
(903569128,903569670,903569726,903569740,903569756,812331346,903569712,903569768,903569799,903569815,903569828,903569839,903569906,903569941,903569966,903569977,812331397,903570024,903570072,903570065,903570109,903570116,903570120,903570134,903570132,903570147,903570151,903570158,903570154,903570163,903570199,903570197,903570146,903570227,903570231,903570188,903570247,903570269,903570267,903570316,903570321,903570323,903570322,903570284,903570334,903570336,812331489,903570394) 
 Total records PENDING: 77
(903568670,903568685,903568698,903568718,903568745,903568754,903568697,903568704,903568821,812331151,903568873,903568878,903568880,812331173,903568892,903568898,903568867,903568951,903568956,812331197,903569015,903569120,903569082,903569068,812331222,903569180,903569182,903569221,903569245,903569251,35879,903569321,903569300,903569355,903569371,903569387,903569329,903569432,903569485,903569477,903569599,903569602,903569657,903569673,903569597,903569717,903569731,903569732,903569754,903569708,903569786,812331358,903569863,812331365,812331367,812331369,903569919,903569970,812331414,812331420,903570078,903570122,903570125,903570131,903570150,903570153,903570211,903570155,903570234,903570177,903570265,812331466,903570287,903570292,903570259,812331490,812331503)
 Total records No Response: 375
(903568679,903568676,903568680,903568691,812331129,903568723,812331134,903568742,903568748,903568758,903568700,903568766,903568711,903568769,903568786,903568788,903568725,903568789,903568790,903568793,903568731,903568804,903568808,903568814,903568743,903568818,903568820,903568822,903568826,903568832,903568782,903568841,903568852,812331161,903568855,812331163,903568801,903568868,903568810,903568829,903568879,903568836,812331158,903568837,903568857,903568851,903568906,903568922,903568932,903568953,903568960,903568964,812331176,903568965,903568914,903568969,903568972,903568976,903568977,903568983,903568998,903568997,903569001,903569004,903569013,903569019,903569022,903569023,903569025,903569028,903569030,903569039,903569040,903569048,903569052,903569010,903569056,903569016,903569057,903569021,903569062,903569069,812331215,903569088,903569092,812331224,903569105,903569126,903569131,903569138,903569145,903569149,812331228,903569162,903569163,903569173,903569176,903569177,903569187,812331235,903569190,903569188,903569142,812331237,903569141,903569205,903569209,903569217,812331247,903569222,903569223,812331231,812331250,903569242,812331234,903569267,903569202,903569280,903569279,903569282,903569285,812331258,903569295,903569304,903569310,903569313,903569325,812331264,903569305,903569348,903569350,903569351,903569356,812331272,903569362,903569365,903569332,903569395,903569406,903569328,903569408,903569410,903569333,903569423,903569433,903569437,812331285,903569446,903569452,903569401,903569469,903569470,903569472,903569476,903569484,903569495,903569497,903569506,903569505,903569518,903569523,903569458,903569529,903569532,812331291,903569547,903569548,812331296,812331302,903569563,903569578,903569533,812331306,903569598,903569614,903569633,903569647,903569660,903569580,903569666,903569605,903569672,903569606,812331308,903569683,903569687,812331327,903569693,903569700,812331328,903569702,903569706,903569707,903569656,903569715,903569644,812331331,903569662,903569722,903569665,903569667,903569677,903569730,903569729,903569733,812331335,903569689,903569743,903569746,812331338,903569751,903569750,812331326,812331340,903569757,812331343,903569762,903569766,903569770,903569773,903569777,903569783,903569785,812331334,903569790,812331351,903569755,903569814,903569820,903569819,903569821,903569826,903569842,903569857,903569855,812331362,903569866,812331350,903569868,903569874,903569877,903569802,903569883,903569891,903569897,903569902,903569911,903569917,903569925,35880,903569929,812331363,812331384,903569937,903569938,903569946,903569947,903569948,903569954,903569898,903569960,903569908,903569899,903569931,903569982,903570006,903570011,903570012,812331409,903570018,903570027,903570028,903570026,903570041,903570044,812331417,903569995,903570058,812331401,812331419,903570013,903570069,812331402,903570075,812331425,812331404,812331406,812331411,812331431,903570091,903570101,812331433,903570105,903570103,903570045,903570046,903570050,903570112,812331435,903570121,812331437,812331421,812331422,812331424,903570076,812331426,903570081,903570145,812331427,903570148,812331444,903570170,812331447,903570175,903570176,903570189,903570185,903570194,903570201,903570198,903570203,903570213,903570140,903570219,903570222,903570228,903570239,903570174,903570246,903570251,903570244,903570181,903570253,903570183,903570261,903570263,812331450,812331464,903570275,903570214,812331467,903570281,812331471,812331473,903570285,903570298,903570306,903570271,812331480,903570317,903570331,903570337,812331477,903570346,812331488,903570352,903570351,903570354,903570320,903570359,903570314,812331483,903570372,903570375,812331499,812331485,812331501,903570340,903570386,812331505,903570388,903570395,903570399,903570407,903570368)
 Cron execution ended at: 2022-09-06 00:13:32
