
***********************************************************

 Cron execution started at :2023-02-17 01:30:01 

 Total Count =>235

Total records SUCCESS: 2
(903864020,903864093) 
Total records FAIL: 0
() 
 Total records PENDING: 27
(903863685,903863711,903863722,903863728,903863735,903863746,812368267,812368268,903863793,903863804,903863805,903863840,903863856,903863861,903863883,812368330,36804,903863965,903863969,903863971,903863972,903863991,903864002,903864018,812368381,903864070,812368414)
 Total records No Response: 206
(812368219,812368223,812368224,812368225,812368226,812368227,812368228,903863688,903863689,903863692,812368231,812368232,812368234,903863693,903863698,903863704,903863705,812368241,812368242,812368243,812368244,812368245,812368246,812368247,812368248,903863708,903863718,903863721,812368251,903863729,903863730,36802,903863734,903863736,903863737,903863751,812368254,903863762,903863763,903863765,903863766,903863769,903863770,903863771,903863773,903863780,903863782,903863783,36803,812368265,812368269,903863794,903863796,812368272,812368273,812368274,812368275,812368276,812368277,812368278,903863798,812368281,812368283,812368284,812368285,812368286,903863799,812368290,812368294,812368296,812368298,903863814,903863815,903863818,903863819,903863820,903863822,903863824,903863825,903863826,903863828,903863829,903863830,903863839,812368308,812368313,812368314,812368315,903863845,903863846,812368317,812368318,812368320,903863851,812368321,812368322,812368323,812368324,903863857,903863865,903863866,903863868,903863870,903863871,903863873,903863875,903863879,903863882,812368328,903863887,903863890,903863894,903863902,903863906,903863911,812368334,903863912,812368335,812368336,812368337,812368338,812368339,812368340,903863918,903863930,903863931,812368344,903863934,903863936,903863937,903863940,903863941,903863942,903863944,903863952,903863955,903863956,903863958,903863959,903863962,812368352,903863979,903863980,903863982,903863983,903863984,903863985,903863986,903863987,903863992,903863993,903863995,903863999,36806,812368361,903864007,812368362,812368363,903864011,903864013,812368365,812368366,812368367,812368368,812368369,812368370,812368371,812368372,812368373,812368374,36807,903864021,903864023,903864028,812368377,903864029,903864034,36810,903864041,903864046,36811,903864047,903864049,903864051,903864053,903864056,903864059,812368397,903864062,812368401,903864064,812368403,812368404,812368405,903864069,812368407,812368408,812368409,903864073,903864074,903864075,903864079,812368412,812368413,903864084,903864087)
 Cron execution ended at: 2023-02-17 01:33:50
