
***********************************************************

 Cron execution started at :2023-01-21 00:15:01 

 Total Count =>210

Total records SUCCESS: 2
(903851609,903851629) 
Total records FAIL: 0
() 
 Total records PENDING: 11
(903851413,903851422,903851481,903851509,903851515,903851584,903851591,903851612,903851656,903851670,903851700)
 Total records No Response: 197
(812366372,812366373,812366374,812366375,812366376,812366377,812366378,903851407,812366379,903851412,812366380,812366381,812366382,812366383,812366384,812366385,903851425,903851415,903851416,812366387,903851430,903851424,903851434,812366393,903851435,903851429,812366389,812366390,812366391,812366392,903851437,903851444,903851442,903851440,903851443,903851445,903851448,36704,812366397,812366398,812366399,903851449,903851452,903851456,903851457,903851459,903851461,903851464,903851463,903851466,903851467,903851468,903851471,812366404,812366405,812366406,812366407,812366408,903851475,903851472,903851477,903851476,903851480,903851485,903851486,903851489,812366410,812366411,812366412,812366413,812366414,812366415,812366416,903851492,903851497,903851502,903851505,903851506,903851518,903851514,812366417,812366418,812366419,903851519,903851520,812366421,903851528,903851529,903851536,903851530,903851533,903851543,903851535,903851538,903851539,903851559,903851560,903851562,903851567,903851569,903851571,903851573,903851576,903851581,903851594,903851588,903851589,903851583,903851597,903851585,903851587,903851601,903851602,903851595,903851598,903851600,812366424,903851606,903851614,903851618,903851608,903851611,903851610,903851624,903851627,903851615,903851616,903851619,903851620,903851621,903851633,903851634,812366425,812366426,903851635,903851628,903851637,903851626,903851639,903851640,903851644,903851630,903851631,903851632,903851641,903851651,903851652,903851647,903851648,903851657,903851660,903851663,903851653,903851654,903851655,903851664,903851659,903851671,903851674,903851665,903851666,903851673,903851677,903851676,903851679,903851681,903851680,903851686,903851688,903851690,903851684,903851683,903851693,903851689,903851691,903851701,903851702,903851703,903851694,903851695,903851697,903851704,903851707,903851708,903851709,903851717,903851722,903851726,903851721,903851724,812366432,812366433,903851728,812366434,812366435,903851733,903851739)
 Cron execution ended at: 2023-01-21 00:17:32
