
***********************************************************

 Cron execution started at :2023-02-04 07:00:02 

 Total Count =>114

Total records SUCCESS: 0
() 
Total records FAIL: 0
() 
 Total records PENDING: 11
(903857740,903857768,903857772,903857782,903857796,812367285,903857874,903857890,903857897,903857909,903857910)
 Total records No Response: 103
(903857710,903857700,903857714,903857713,903857701,903857724,903857715,903857716,903857717,903857720,903857739,903857742,903857726,903857744,903857728,903857729,903857745,903857730,903857733,903857748,903857752,903857741,812367272,903857760,812367274,903857763,903857761,903857762,903857751,903857767,903857777,903857779,903857776,903857781,903857789,903857790,903857794,903857795,903857798,903857805,903857807,903857809,903857811,903857812,903857814,903857815,903857817,903857801,903857803,903857810,812367278,903857813,903857823,903857825,903857827,903857829,903857830,903857831,903857833,903857834,903857835,903857843,903857844,903857841,903857847,903857849,903857850,903857857,812367282,812367284,903857863,903857851,903857868,903857866,903857859,903857864,903857883,903857884,903857886,903857889,903857879,903857892,903857895,903857888,903857900,903857907,903857917,903857918,903857919,903857925,903857932,903857920,903857931,903857928,903857938,903857941,903857942,903857945,903857949,903857950,903857944,903857956,903857959)
 Cron execution ended at: 2023-02-04 07:01:48

***********************************************************

 Cron execution started at :2023-02-04 19:00:01 

 Total Count =>118

Total records SUCCESS: 0
() 
Total records FAIL: 0
() 
 Total records PENDING: 11
(903857965,903858035,903858058,903858095,903858185,903858201,812367327,903858242,903858250,903858257,903858258)
 Total records No Response: 107
(903857960,903857961,903857964,903857963,903857969,903857972,903857974,903857978,903857981,903857990,903857985,903857992,903857993,812367298,812367299,903857999,903858009,903858010,903858012,903858008,903858025,903858026,903858032,903858033,903858037,903858043,903858048,903858050,903858052,903858045,903858053,903858054,903858064,903858056,903858070,903858079,903858066,903858082,903858078,903858080,903858087,903858105,903858106,903858096,903858115,903858098,903858101,903858117,903858109,903858125,903858119,812367316,903858127,903858122,812367313,812367314,812367315,812367318,903858133,903858135,903858126,903858129,903858148,903858149,812367320,812367321,903858154,903858155,903858159,903858171,903858177,903858165,812367322,903858168,903858169,903858182,903858187,903858172,812367323,903858190,903858176,903858191,903858193,903858195,903858207,903858205,903858211,903858202,812367326,903858217,903858219,903858222,903858213,903858223,903858235,903858228,903858238,903858240,812367329,812367331,903858241,812367334,903858251,903858254,903858255,903858267,903858268)
 Cron execution ended at: 2023-02-04 19:01:53
