
***********************************************************

 Cron execution started at :2022-09-17 00:49:03 

 Total Count =>70

Total records SUCCESS: 0
() 
Total records FAIL: 0
() 
 Total records PENDING: 9
(903658940,903658986,903658989,903658990,903659008,812351546,903659086,903659102,812351580)
 Total records No Response: 61
(903658907,903658932,903658934,903658935,903658941,903658943,903658950,903658954,812351513,812351514,903658963,812351515,812351517,812351519,903658972,812351524,812351518,812351520,812351521,812351522,903658983,903658985,812351523,812351525,812351526,903658992,903658999,903659003,903659004,812351541,903659010,903659015,903659023,903659024,903659030,903659032,903659035,903659047,903659056,812351555,903659064,812351559,903659077,903659078,903659080,903659069,903659085,812351565,812351562,812351564,812351566,812351567,812351568,812351569,812351570,903659089,903659105,903659115,903659121,903659125,903659128)
 Cron execution ended at: 2022-09-17 00:50:22

***********************************************************

 Cron execution started at :2022-09-17 00:56:01 

 Total Count =>67

Total records SUCCESS: 2
(903659135,903659140) 
Total records FAIL: 0
() 
 Total records PENDING: 9
(903658986,903658989,903658990,903659008,812351546,903659086,903659102,812351580,903659133)
 Total records No Response: 56
(812351513,812351514,903658963,812351515,812351517,812351519,903658972,812351524,812351518,812351520,812351521,812351522,903658983,903658985,812351523,812351525,812351526,903658992,903658999,903659003,903659004,812351541,903659010,903659015,903659023,903659024,903659030,903659032,903659035,903659047,903659056,812351555,903659064,812351559,903659077,903659078,903659080,903659069,903659085,812351565,812351562,812351564,812351566,812351567,812351568,812351569,812351570,903659089,903659105,903659115,903659121,903659125,903659128,903659131,903659139,903659141)
 Cron execution ended at: 2022-09-17 00:57:56
