
***********************************************************

 Cron execution started at :2023-02-12 00:15:01 

 Total Count =>464

Total records SUCCESS: 0
() 
Total records FAIL: 0
() 
 Total records PENDING: 51
(903860726,903860738,903860757,903860833,903860851,903860859,903860887,903860904,903860906,903860918,903860931,903860944,903860955,903860957,903860962,903861003,903861015,903861016,903861018,903861070,903861075,903861086,903861112,903861137,903861145,812367833,903861172,903861199,903861213,903861218,903861383,903861528,903861549,903861654,903861664,903861668,903861665,903861673,903861677,903861698,903861713,903861718,903861723,812367888,903861741,903861778,812367890,903861797,903861805,903861820,903861827)
 Total records No Response: 413
(903860698,903860739,903860703,903860707,903860746,903860748,903860750,903860722,903860747,903860724,903860751,903860728,903860729,903860771,903860741,903860753,903860781,903860785,903860767,903860794,903860808,903860790,903860817,903860820,903860822,903860810,903860811,903860812,903860829,903860830,903860836,812367807,903860843,903860845,903860827,903860846,903860854,903860847,903860862,903860849,903860872,903860865,903860874,812367809,903860876,903860888,903860891,903860893,903860885,903860892,903860900,903860901,903860896,903860907,812367810,812367811,903860908,812367813,812367814,812367815,812367816,812367817,812367818,903860915,903860921,903860919,903860923,903860929,903860932,903860935,903860934,903860937,903860948,903860949,903860953,812367820,903860971,903860954,812367821,903860982,903860973,903860987,903860991,903860980,903860994,903860996,903860988,903861008,903861010,903860995,903861024,903861030,903861020,903861033,903861043,903861056,903861040,903861061,903861042,903861074,903861048,903861051,903861081,903861084,903861072,903861087,903861079,903861094,903861095,903861082,903861092,903861107,812367825,903861102,812367824,903861116,903861118,903861120,903861121,903861125,903861128,903861131,903861132,903861114,903861136,903861115,903861126,903861127,903861153,812367828,812367829,812367830,812367831,903861161,903861164,903861165,903861143,903861168,903861147,903861173,903861176,903861180,903861195,903861197,903861216,903861183,903861225,903861184,903861187,903861194,903861196,903861232,903861200,903861240,903861243,903861241,903861222,903861229,812367837,812367838,812367839,812367840,812367841,812367842,903861252,903861254,903861271,903861259,903861274,903861277,903861281,903861285,903861286,903861287,903861268,903861292,903861296,903861273,903861302,903861276,903861306,903861283,903861289,903861293,903861319,903861320,903861321,903861305,903861325,903861326,903861330,903861312,903861336,903861342,903861347,903861353,903861352,903861361,903861364,903861366,903861341,903861367,903861351,903861362,903861363,903861392,812367850,903861396,903861397,903861398,903861399,903861400,903861401,903861402,903861403,903861404,903861381,903861405,903861406,903861382,903861407,903861385,903861408,903861409,903861389,903861390,903861410,903861411,903861394,903861415,903861417,903861418,903861413,903861419,903861414,903861420,903861421,903861422,812367851,903861423,812367852,812367853,812367854,812367855,812367856,812367857,903861424,812367858,903861425,903861426,903861427,903861429,903861430,903861431,903861432,903861412,812367859,903861434,812367860,903861416,903861435,903861436,903861438,903861439,903861440,903861441,903861442,903861443,903861444,903861445,903861446,812367862,812367863,812367864,812367866,812367868,812367869,903861428,903861433,903861447,903861448,903861449,903861450,903861451,903861452,903861453,903861455,903861456,903861457,903861437,903861458,903861459,903861460,903861454,903861461,903861462,903861463,903861464,903861465,812367861,812367865,812367867,903861466,903861467,903861468,903861469,812367870,903861473,903861476,903861486,903861493,903861479,903861512,903861515,903861488,903861523,903861534,903861536,903861539,903861514,903861540,903861518,903861525,903861554,903861560,903861564,903861563,903861533,903861570,903861576,903861545,903861546,903861550,903861583,903861562,903861565,903861569,903861599,903861578,903861590,903861594,903861623,903861626,903861627,903861607,903861636,903861640,903861624,903861625,903861630,903861631,903861646,903861648,903861647,903861635,812367875,812367876,812367877,812367879,812367880,903861643,812367881,903861663,903861671,903861674,903861651,812367883,903861676,903861680,903861682,903861660,903861661,903861686,903861666,903861695,903861705,903861684,812367884,812367885,903861696,903861725,903861726,903861729,903861706,903861711,903861737,903861739,903861740,903861721,903861745,903861751,903861736,903861766,903861768,903861758,903861775,903861780,903861763,903861784,903861787,903861767,903861779,903861782,903861798,903861786,903861790,903861793,903861807,903861799,903861823,903861828,903861831,903861839)
 Cron execution ended at: 2023-02-12 00:23:38
