
***********************************************************

 Cron execution started at :2023-02-03 01:30:01 

 Total Count =>577

Total records SUCCESS: 1
(903856075) 
Total records FAIL: 0
() 
 Total records PENDING: 83
(903855900,903855928,903855930,903855938,903855969,903855973,903855979,903855994,903855998,903856000,903856041,903856123,903856129,903856133,903856153,903856191,903856194,903856201,903856211,903856223,903856226,903856259,903856314,903856324,903856331,903856337,903856340,903856345,903856373,903856377,903856389,903856393,903856410,903856414,903856448,903856478,903856585,903856597,903856608,903856613,903856622,903856649,903856689,903856721,903856732,903856786,903856788,903856811,903856813,903856822,903856839,903856840,903856865,903856866,903856889,903856938,903856968,903856983,903856999,903857013,903857014,903857026,903857028,812367192,903857064,903857069,903857081,903857082,903857092,903857169,903857174,903857184,812367206,812367209,36759,903857244,812367212,812367216,903857269,903857273,903857289,903857342,903857347)
 Total records No Response: 493
(903855871,903855874,903855877,903855882,903855885,903855887,903855889,903855908,903855911,903855915,903855916,903855918,903855921,903855922,903855929,903855931,903855940,903855943,903855944,903855950,903855952,812367131,812367132,903855963,903855965,903855978,903855980,903855988,903855991,903856006,903856008,903856009,903856010,903856011,903856012,903856013,903856014,903856015,903856016,903856017,903856018,903856019,903856021,903856023,903856024,903856025,903856026,903856027,903856028,903856030,903856031,903856032,903856033,903856034,903856035,903856036,903856037,903856038,903856039,903856042,903856043,903856051,903856053,903856056,903856058,903856059,903856060,903856063,903856064,903856065,903856067,903856076,903856079,903856083,903856084,812367138,903856087,903856088,903856090,903856098,903856101,903856102,903856105,903856119,903856124,903856126,903856131,903856136,903856142,903856143,903856154,903856156,903856159,903856168,903856170,903856175,903856177,903856179,903856181,903856185,903856187,903856188,903856193,903856195,903856198,903856199,903856203,903856204,903856212,903856215,903856220,903856221,903856225,903856229,903856230,903856238,903856241,903856245,903856246,903856252,903856254,903856257,903856261,903856264,903856266,903856269,903856270,903856271,903856278,903856282,903856284,36757,903856293,903856294,903856297,903856299,903856302,903856304,903856309,903856311,903856315,903856316,903856319,903856320,903856322,903856325,903856326,903856328,903856329,903856330,903856332,903856346,903856347,903856348,903856350,903856351,903856360,903856364,903856368,903856369,903856371,903856376,903856378,903856379,903856382,903856384,903856386,903856394,903856395,903856399,903856400,903856402,903856405,903856406,903856408,903856411,903856417,903856423,903856428,903856429,903856431,903856432,903856436,903856440,903856441,903856443,903856456,903856457,903856458,903856461,903856466,903856470,903856471,903856475,903856476,903856482,903856489,903856501,903856503,903856505,903856507,903856509,903856510,903856511,903856513,903856521,903856522,903856523,903856524,903856528,903856529,903856531,903856535,903856540,903856542,903856546,903856547,903856548,903856551,903856558,903856559,903856563,903856566,903856567,903856569,903856570,903856573,903856575,903856583,903856584,903856586,903856587,903856590,903856591,903856592,903856593,903856595,903856599,903856600,903856601,903856602,903856606,903856607,903856609,903856614,903856615,903856616,903856617,903856618,903856619,903856624,903856625,903856633,903856634,903856636,903856639,903856640,903856641,903856647,903856650,903856652,903856653,903856657,903856663,903856666,903856669,903856670,903856671,903856672,903856674,903856676,903856679,903856682,903856684,903856694,903856706,903856717,903856718,903856723,903856728,903856729,903856730,903856731,903856733,903856734,903856737,903856741,903856745,903856750,903856755,903856759,903856771,903856773,903856781,903856782,903856783,903856784,903856787,903856797,903856798,903856800,903856802,903856803,903856808,903856810,903856815,903856818,903856826,903856829,903856834,903856846,903856848,903856861,903856868,903856869,903856870,903856873,903856879,903856880,903856883,903856885,903856886,903856896,903856897,903856898,812367181,903856907,903856909,903856911,903856915,903856919,903856923,903856932,903856934,903856935,903856937,903856939,903856941,903856942,903856943,903856945,903856947,903856956,903856959,903856961,903856963,903856965,903856966,903856972,903856974,903856976,903856979,903856980,903856981,903856988,903856990,903856994,903856995,903856997,903857001,903857006,903857007,903857008,903857010,903857011,903857018,903857019,903857020,903857021,903857023,903857025,903857027,903857032,903857033,903857034,903857040,903857041,903857044,903857047,903857051,903857054,903857055,903857063,903857066,903857067,903857070,903857073,903857087,903857088,903857090,903857091,903857094,903857096,903857098,903857100,903857102,903857103,903857104,903857110,812367198,903857124,903857125,812367199,903857129,812367200,903857133,903857134,903857143,812367201,812367202,812367203,903857154,903857157,903857161,903857162,903857163,903857164,903857165,903857166,903857167,903857168,903857171,903857172,903857182,903857183,903857185,903857188,903857191,903857195,903857198,903857206,903857209,903857210,903857211,903857214,903857215,903857216,903857219,903857221,903857225,903857228,903857229,903857234,812367211,903857242,903857249,903857250,903857251,903857254,903857258,903857260,903857263,903857264,903857267,903857274,903857275,812367220,903857286,903857288,903857294,903857295,903857297,903857298,903857302,903857304,903857314,812367224,812367225,812367226,903857318,903857319,903857320,903857329,903857333,903857350,903857352,903857356,903857357,903857362,903857365,903857366,903857369,903857371,903857373,903857375,903857379,903857380,903857383,903857385,812367235,903857387,903857394,903857397)
 Cron execution ended at: 2023-02-03 01:43:19
