
***********************************************************

 Cron execution started at :2023-01-20 00:15:01 

 Total Count =>189

Total records SUCCESS: 0
() 
Total records FAIL: 0
() 
 Total records PENDING: 21
(812366291,812366293,903851137,812366294,903851152,903851159,903851161,903851179,903851206,903851240,903851252,903851258,903851263,903851271,903851272,903851284,903851290,903851299,903851331,812366349,903851388)
 Total records No Response: 168
(903851102,903851110,812366286,812366287,812366288,903851108,903851114,903851120,903851122,903851123,903851125,903851128,812366292,903851135,903851136,903851139,903851140,812366295,903851147,903851149,903851146,903851151,903851153,903851156,903851160,903851162,903851164,903851167,903851154,903851163,903851168,812366298,903851172,903851181,903851183,903851180,903851184,903851185,903851192,903851194,903851190,903851191,812366304,903851198,903851199,903851202,903851210,903851213,903851222,812366309,812366310,812366311,812366312,812366313,812366314,812366315,812366316,812366317,812366318,812366319,812366320,812366321,903851218,903851233,903851230,903851231,903851238,812366324,903851250,903851243,903851248,903851249,812366323,903851257,903851251,812366325,812366326,903851265,903851270,903851273,903851269,903851275,903851280,903851276,903851281,812366330,812366331,812366332,812366333,812366334,812366335,903851282,903851289,903851285,903851302,812366340,903851294,903851306,903851304,903851308,903851303,903851316,903851313,903851318,903851310,903851320,903851311,903851312,903851321,903851323,812366342,903851324,903851328,903851334,903851336,903851343,903851337,903851338,903851339,903851340,903851341,903851348,903851342,903851354,903851346,812366343,812366344,812366345,812366346,812366347,903851350,903851351,903851358,903851362,903851355,903851359,812366351,812366352,812366353,903851361,903851365,903851364,903851368,903851370,903851373,903851375,903851376,903851381,903851379,812366360,812366361,812366362,812366363,903851386,812366364,903851387,903851389,903851392,903851384,812366366,812366367,812366368,812366369,903851395,903851400,903851397,903851403,903851405)
 Cron execution ended at: 2023-01-20 00:18:07
