
***********************************************************

 Cron execution started at :2022-09-01 22:55:02 

 Total Count =>726

Total records SUCCESS: 106
(903526747,903526755,903526761,903526766,903526774,903526773,903526775,903526794,903526799,903526805,903526751,903526818,903526825,903526826,903526820,903526837,903526840,903526844,903526839,903526846,903526861,903526872,903526866,903526869,903526870,903526875,903526865,903526878,903526873,903526892,903526834,903526894,903526896,903526908,903526911,903526915,903526919,903526936,903526943,903526947,903526949,903526959,903526964,903526976,903526982,903526985,903526992,903526995,903526955,903527016,903527017,903527034,903527052,903526996,903527000,903527063,903527065,903527071,903527082,903527084,903527081,903527026,903527101,903527109,903527070,903527120,903527122,903527118,903527074,903527126,903527134,903527137,903527139,903527089,903527144,903527151,903527158,903527153,903527150,903527161,903527175,903527125,903527185,903527186,903527192,903527195,903527198,903527148,903527196,903527203,903527211,903527213,903527220,903527228,903527180,903527230,903527233,903527236,903527241,903527243,903527247,903527249,903527252,903527256,903527260,903527259) 
Total records FAIL: 62
(903526748,903526717,903526803,903526858,903526884,903526888,903526901,903526902,903526905,903526830,903526974,903526977,903526983,903526979,903527013,903527085,903527041,903527064,903527140,903527178,903527183,903527191,903527199,903527248,903527287,903527322,903527264,903527431,812326484,812326485,903527448,812326486,903527451,903527463,903527483,903527460,903527478,903527482,903527485,903527555,903527556,903527585,903527589,903527590,903527568,903527595,903527641,903527618,903527643,903527710,903527717,903527807,903527817,903527824,903527883,903527825,903527879,903527967,903527917,903527908,903528007,903527950) 
 Total records PENDING: 75
(903526407,903526468,903526544,903526556,903526569,903526558,903526611,903526593,903526682,903526703,903526711,903526678,903526735,903526757,903526784,903526808,903526824,903526842,903526850,903526814,903526891,903526843,903526906,903526925,903526933,903526948,903526950,903526960,903526957,903527022,903527030,812326472,903527093,903527098,812326475,903527147,903527152,903527171,903527172,903527138,903527269,903527272,903527285,903527313,903527330,903527422,903527426,903527498,903527545,903527501,903527527,903527601,903527652,903527664,903527708,903527743,903527688,903527803,903527805,903527808,903527763,903527869,903527877,903527816,903527890,903527896,903527837,903527907,903527938,903527962,903527957,903527968,903527973,903528006,35802)
 Total records No Response: 296
(903526472,903526475,903526414,903526487,903526490,903526493,903526497,903526502,903526442,903526506,903526515,903526518,903526519,903526533,903526542,903526547,903526561,903526564,903526571,903526570,903526575,903526522,903526582,903526586,903526588,903526595,812326454,903526600,903526599,903526601,903526613,903526606,903526610,903526615,903526619,903526627,903526630,903526636,903526640,903526647,903526649,903526652,903526590,903526658,812326461,903526669,903526681,903526690,903526712,903526718,903526719,903526725,903526720,903526731,903526740,903526764,903526763,903526765,903526769,903526770,903526785,903526788,903526787,903526792,903526796,903526802,903526809,903526813,903526817,903526819,903526821,812326467,903526778,903526851,903526856,903526857,903526862,903526874,903526877,903526879,903526881,903526895,903526835,903526907,903526909,903526920,903526847,903526916,903526924,903526928,903526930,903526932,903526944,903526953,903526954,903526889,903526965,903526968,903526973,903526975,903526980,903526913,903526917,903526937,903526940,903527002,903527008,903527011,903527015,903526945,903526963,903526970,903527039,903526987,903526990,903527043,903527049,903527014,903527066,903527076,903527023,903527080,903527092,903527097,903527099,903527048,903527106,903527123,903527129,903527130,903527087,903527142,903527164,903527173,903527176,903527179,903527115,903527181,903527184,903527197,903527200,903527214,903527218,903527229,903527231,903527235,903527237,903527238,903527244,903527257,903527261,903527268,903527262,903527263,903527221,903527271,903527276,903527286,903527306,903527323,903527324,903527327,903527341,903527345,903527352,903527350,903527278,903527367,903527363,903527373,903527384,903527390,903527385,903527406,903527418,812326483,903527429,903527436,903527437,903527439,903527382,903527445,903527443,903527447,903527450,903527414,903527467,903527472,903527470,903527481,903527489,903527457,903527510,903527519,903527523,903527526,903527535,903527537,903527540,903527544,903527546,903527542,903527499,812326489,903527559,903527571,903527509,812326491,903527580,903527584,903527551,903527557,903527617,903527623,903527633,903527634,903527636,903527639,903527644,903527649,903527660,903527666,903527670,903527676,903527680,903527684,903527691,903527689,903527692,903527697,903527711,903527718,903527729,903527725,903527735,903527682,903527750,903527754,903527759,903527766,903527707,903527764,903527779,903527776,903527792,903527757,903527819,903527748,903527830,903527831,903527836,903527840,903527851,903527849,903527854,903527862,903527867,35800,903527872,903527875,903527881,35801,903527886,903527820,903527901,903527910,903527919,903527924,903527929,903527928,903527925,903527930,903527846,903527941,903527942,903527945,903527882,903527944,903527955,903527964,903527966,903527970,903527893,903527972,903527976,903527983,903527984,903527992,903527932,903527987,903527994,903528004,812326512,903528011,903528016,903528019)
 Cron execution ended at: 2022-09-02 00:05:57
