
***********************************************************

 Cron execution started at :2023-01-30 07:00:02 

 Total Count =>56

Total records SUCCESS: 1
(903853071) 
Total records FAIL: 0
() 
 Total records PENDING: 3
(903853091,903853094,903853111)
 Total records No Response: 52
(903853068,903853072,903853077,903853078,812366899,812366900,812366901,812366902,812366903,812366904,903853080,812366905,812366906,812366907,812366908,812366909,812366910,903853082,903853081,903853087,812366916,812366911,812366912,812366913,812366914,812366915,903853090,903853092,903853093,812366918,812366919,903853097,903853098,903853096,812366921,812366922,812366923,812366924,812366925,812366929,812366930,903853103,812366931,812366932,812366933,903853105,903853106,903853107,903853108,903853110,903853113,903853117)
 Cron execution ended at: 2023-01-30 07:00:26

***********************************************************

 Cron execution started at :2023-01-30 19:00:01 

 Total Count =>330

Total records SUCCESS: 1
(903853173) 
Total records FAIL: 0
() 
 Total records PENDING: 46
(812366945,812366946,903853157,903853160,812366958,812366960,812366961,903853242,903853261,903853262,903853281,903853283,903853288,903853335,903853336,903853347,903853366,903853374,903853394,903853425,903853427,903853451,903853467,903853484,903853489,903853519,903853536,903853541,903853544,903853553,903853556,903853563,903853567,903853595,903853617,903853619,903853632,903853653,903853673,903853727,903853735,903853779,903853810,903853967,903853977,903854030)
 Total records No Response: 283
(903853119,903853121,903853122,903853123,903853124,903853125,903853129,903853131,903853132,903853133,903853134,812366943,903853135,903853137,903853138,903853142,903853144,903853147,903853153,903853154,903853155,903853156,903853158,812366947,812366948,903853162,903853165,812366949,903853167,903853168,812366951,903853177,812366952,903853179,812366956,903853189,903853191,903853192,903853193,812366959,903853196,903853204,903853212,903853214,903853222,903853233,903853243,903853247,903853253,903853258,903853259,903853260,903853267,903853276,903853282,903853290,903853294,903853296,903853297,903853304,903853318,903853327,903853340,903853350,903853352,903853363,903853368,903853369,903853390,903853401,903853413,903853426,903853429,903853433,903853435,903853436,903853438,903853441,903853444,903853445,903853449,903853462,903853465,903853480,903853482,903853495,812366964,903853504,903853511,903853512,903853521,903853555,903853559,903853564,903853573,903853577,903853580,903853581,903853582,812366966,812366967,903853589,903853590,903853593,903853610,903853613,903853614,903853627,903853631,903853634,812366968,903853637,903853638,903853639,903853640,903853641,903853642,903853648,903853650,903853651,903853652,903853657,903853660,903853662,903853664,903853667,903853675,903853678,903853679,903853680,903853687,903853690,903853696,903853703,903853705,903853710,903853711,903853714,903853716,903853718,903853719,903853720,903853724,903853725,903853726,903853728,903853729,903853730,903853731,903853732,903853733,903853736,903853737,903853742,903853744,903853745,903853746,903853748,903853749,903853750,903853751,903853752,903853755,903853759,903853760,903853761,903853762,903853764,903853767,903853769,903853770,903853771,903853773,903853774,903853777,903853778,903853783,903853784,903853785,903853787,903853790,903853791,903853792,903853793,903853794,903853796,903853797,903853798,903853800,903853801,903853802,903853803,903853804,903853806,903853808,903853809,903853811,903853813,903853816,903853817,903853818,903853819,903853823,903853824,903853825,903853826,903853834,903853835,903853839,903853841,903853842,903853846,903853849,903853851,903853852,903853853,903853855,903853857,903853861,903853862,903853864,903853865,903853866,903853867,903853872,903853875,903853877,903853878,903853880,903853881,903853883,903853884,903853885,903853886,903853888,903853893,903853894,903853899,903853902,903853905,903853906,903853907,903853908,903853909,903853920,903853921,903853922,903853923,903853924,903853925,903853926,903853928,903853