
***********************************************************

 Cron execution started at :2023-02-02 01:30:01 

 Total Count =>758

Total records SUCCESS: 2
(903854631,903855186) 
Total records FAIL: 0
() 
 Total records PENDING: 99
(903854544,903854584,903854628,812367032,812367033,903854678,903854704,812367038,903854720,903854723,903854727,903854742,903854751,903854778,903854824,903854878,903854885,903855009,903855020,903855047,903855108,812367069,903855185,903855198,903855215,903855285,903855296,903855315,903855336,903855369,812367092,903855375,903855396,903855420,903855435,903855436,903855441,903855446,812367107,812367109,903855533,903855574,903855577,903855655,903855674,903855694,903855707,903855745,903855751,903855754,903855778,903855813,903855814,903855816,903855828,903855830,903855845,903855900,903855928,903855930,903855938,903855969,903855973,903855979,903855994,903855998,903856000,903856041,903856075,903856123,903856129,903856133,903856153,903856191,903856194,903856201,903856211,903856223,903856226,903856259,903856314,903856324,903856331,903856337,903856340,903856345,903856373,903856377,903856389,903856393,903856410,903856414,903856448,903856478,903856585,903856597,903856608,903856613,903856622)
 Total records No Response: 657
(903854530,903854532,903854537,903854538,903854540,903854542,812367012,903854547,903854550,903854553,903854555,812367015,812367016,903854565,812367017,903854568,903854576,903854580,903854581,812367020,903854587,903854592,812367022,903854599,903854609,903854610,903854613,903854615,903854630,812367026,812367027,812367028,903854637,903854638,812367029,903854647,903854649,903854650,903854652,903854660,903854672,903854675,903854676,903854681,903854688,903854689,903854692,903854693,903854694,903854697,903854698,903854705,903854708,903854712,903854718,903854728,903854729,903854736,903854739,903854741,903854744,903854745,903854746,903854748,903854754,903854759,903854762,36750,903854764,36751,903854766,903854774,903854775,903854776,903854777,903854783,903854784,903854789,903854791,903854792,903854794,903854795,36752,812367043,903854809,903854810,903854822,812367044,812367045,812367046,812367047,812367048,903854826,903854829,903854832,903854836,903854839,903854843,903854844,903854846,903854848,903854849,903854852,903854855,903854857,903854863,903854865,903854866,903854867,903854868,903854872,903854880,903854881,903854882,903854883,903854884,812367050,903854898,903854899,903854900,903854901,903854904,903854905,903854906,903854907,903854911,903854914,903854922,812367053,812367054,903854923,36754,903854926,903854929,903854935,903854936,903854939,903854941,903854947,903854948,903854951,903854963,903854964,903854966,903854975,903854990,903854991,903855006,903855007,903855024,903855025,903855031,903855035,903855038,903855039,812367059,903855042,812367060,812367061,812367062,812367063,812367064,812367065,903855056,903855058,903855059,903855060,903855063,903855067,903855068,903855075,903855079,903855082,903855086,903855091,903855092,903855093,903855095,903855099,903855101,903855102,903855107,903855109,903855116,903855118,903855123,903855125,903855126,903855131,903855138,903855140,903855142,903855144,903855154,903855157,903855159,903855160,903855164,903855165,903855171,903855174,903855176,903855178,903855206,903855219,903855225,903855226,903855228,903855231,903855232,903855233,903855240,903855241,903855248,903855250,903855253,903855255,903855257,903855258,903855270,903855275,903855282,903855286,903855289,903855291,903855292,903855298,903855301,903855302,903855305,903855307,903855308,903855311,903855326,903855334,812367075,812367076,812367078,903855337,812367079,812367080,903855338,903855342,812367081,812367082,812367083,812367084,812367085,903855347,812367086,812367087,812367088,812367089,903855355,812367091,903855361,903855363,903855367,903855371,903855372,812367094,903855379,903855382,812367095,812367096,903855383,812367097,903855385,812367098,812367099,812367100,812367101,812367102,903855399,903855402,903855405,903855406,903855413,903855419,903855426,903855430,903855432,903855439,903855442,903855450,903855451,903855452,903855457,903855458,903855459,903855460,903855470,903855473,903855475,903855479,903855486,903855490,903855492,903855497,903855499,903855502,903855503,903855509,903855510,903855511,903855513,903855515,903855516,903855522,903855523,903855528,903855529,903855531,903855542,903855543,903855544,903855545,903855546,903855549,903855551,903855553,903855554,903855556,903855558,903855560,903855567,903855568,903855573,903855578,903855584,903855586,903855587,903855588,903855592,903855598,812367113,812367114,903855602,903855605,903855609,903855611,903855612,903855614,903855615,903855618,903855633,903855634,903855639,903855641,903855646,903855648,903855650,903855653,903855656,903855663,903855664,903855666,903855667,903855670,812367116,903855672,903855677,903855681,903855682,903855686,903855689,903855690,903855691,903855695,903855696,903855702,903855703,903855708,903855709,903855713,903855716,903855722,903855724,903855730,903855732,903855737,903855740,903855742,903855743,903855744,903855752,903855757,903855763,903855770,903855780,903855790,903855798,903855807,903855811,903855825,903855829,903855836,903855837,903855844,903855846,903855847,903855849,903855852,903855853,903855855,903855867,903855871,903855874,903855875,903855877,903855882,903855885,903855887,903855888,903855889,903855891,903855908,903855911,903855915,903855916,903855918,903855921,903855922,903855929,903855931,903855940,903855943,903855944,903855950,903855952,812367131,812367132,903855963,903855965,903855978,903855980,903855988,903855991,903856006,903856008,903856009,903856010,903856011,903856012,903856013,903856014,903856015,903856016,903856017,903856018,903856019,903856021,903856023,903856024,903856025,903856026,903856027,903856028,903856030,903856031,903856032,903856033,903856034,903856035,903856036,903856037,903856038,903856039,903856042,903856043,903856051,903856053,903856056,903856058,903856059,903856060,903856063,903856064,903856065,903856067,903856076,903856079,903856083,903856084,812367138,903856087,903856088,903856090,903856098,903856101,903856102,903856105,903856119,903856124,903856126,903856131,903856136,903856142,903856143,903856154,903856156,903856159,903856168,903856170,903856175,903856177,903856179,903856181,903856185,903856187,903856188,903856193,903856195,903856198,903856199,903856203,903856204,903856212,903856215,903856220,903856221,903856225,903856229,903856230,903856238,903856241,903856245,903856246,903856252,903856254,903856257,903856261,903856264,903856266,903856269,903856270,903856271,903856278,903856282,903856284,36757,903856293,903856294,903856297,903856299,903856302,903856304,903856309,903856311,903856315,903856316,903856319,903856320,903856322,903856325,903856326,903856328,903856329,903856330,903856332,903856346,903856347,903856348,903856350,903856351,903856360,903856364,903856368,903856369,903856371,903856376,903856378,903856379,903856382,903856384,903856386,903856394,903856395,903856399,903856400,903856402,903856405,903856406,903856408,903856411,903856417,903856423,903856428,903856429,903856431,903856432,903856436,903856440,903856441,903856443,903856456,903856457,903856458,903856461,903856466,903856470,903856471,903856475,903856476,903856482,903856489,903856501,903856503,903856505,903856507,903856509,903856510,903856511,903856513,903856521,903856522,903856523,903856524,903856528,903856529,903856531,903856535,903856540,903856542,903856546,903856547,903856548,903856551,903856558,903856559,903856563,903856566,903856567,903856569,903856570,903856573,903856575,903856583,903856584,903856586,903856587,903856590,903856591,903856592,903856593,903856595,903856599,903856600,903856601,903856602,903856606,903856607,903856609,903856615,903856616,903856618,903856619)
 Cron execution ended at: 2023-02-02 01:47:40
