
***********************************************************

 Cron execution started at :2023-02-17 00:15:02 

 Total Count =>122

Total records SUCCESS: 1
(903864020) 
Total records FAIL: 0
() 
 Total records PENDING: 14
(903863856,903863861,903863883,812368330,36804,903863965,903863969,903863972,903863971,903863991,903864002,903864018,812368381,903864070)
 Total records No Response: 107
(812368320,903863845,903863857,903863851,812368321,903863866,812368322,812368323,812368324,903863868,903863871,903863865,903863873,903863870,903863879,903863875,812368328,903863882,903863890,903863887,903863894,903863902,903863906,812368334,903863912,903863911,812368335,812368336,812368337,812368338,812368339,812368340,903863918,812368344,903863930,903863931,903863934,903863941,903863936,903863937,903863940,903863942,903863944,903863952,903863956,903863955,903863958,903863959,903863962,812368352,903863980,903863979,903863982,903863983,903863993,903863984,903863985,903863986,903863987,903863999,903863992,903863995,36806,812368361,903864007,812368362,812368363,903864011,903864013,36807,812368365,812368366,812368367,812368368,812368369,812368370,812368371,812368372,812368373,812368374,903864021,903864023,903864028,812368377,903864029,903864034,36810,903864041,903864046,36811,903864047,903864053,903864056,903864049,903864051,903864059,812368397,903864062,812368401,903864064,812368403,812368404,812368405,903864069,903864073,903864074,903864075)
 Cron execution ended at: 2023-02-17 00:17:07
