
***********************************************************

 Cron execution started at :2022-05-12 07:13:28 

 Total Count =>70

Total records SUCCESS: 0
() 
Total records FAIL: 47
(903386557,903386559,903386561,903386562,903386563,903386568,903386572,903386575,903386581,903386591,903386594,903386604,903386615,903386621,903386628,903386629,903386634,903386674,903386685,903386704,903386709,903386710,903386711,903386725,903386739,903386749,903386772,903386779,903386794,903386806,903386812,903386822,903386835,903386842,903386848,903386859,903386865,903386877,903386889,903386891,903386893,903386901,903386908,903386923,903386931,903386933,903386938) 
 Total records PENDING: 0
()
 Total records No Response: 23
(903386555,903386558,903386565,903386570,903386574,903386585,903386617,903386623,903386656,903386699,903386713,903386728,903386755,903386785,903386834,812319495,903386836,903386839,903386868,903386897,903386898,903386915,903386936)
 Cron execution ended at: 2022-05-12 07:22:17
