
***********************************************************

 Cron execution started at :2022-09-05 23:55:02 

 Total Count =>531

Total records SUCCESS: 169
(903571100,903571151,903571161,903571168,903571176,903571179,903571183,903571195,903571205,903571203,903571202,903571127,903571209,903571216,903571227,903571230,903571231,903571162,903571242,903571250,903571252,903571259,903571265,903571228,903571269,903571217,903571277,903571276,903571281,903571303,903571313,903571311,903571314,903571316,903571321,903571326,903571324,903571283,903571273,903571290,903571343,903571346,903571344,903571306,903571362,903571363,903571367,903571365,903571377,903571391,903571339,903571396,903571333,903571397,903571399,903571404,903571405,903571413,903571421,903571426,903571427,903571395,903571438,903571439,903571442,903571445,903571409,903571410,903571470,903571474,903571419,903571478,903571482,903571477,903571484,903571412,903571486,903571503,903571431,903571509,903571511,903571513,903571516,903571448,903571515,903571526,903571530,903571531,903571536,903571502,903571559,903571512,903571569,903571570,903571576,903571584,903571587,903571589,903571529,903571548,903571603,903571605,903571553,903571606,903571615,903571556,903571557,903571632,903571638,903571640,903571642,903571648,903571654,903571656,903571616,903571661,903571669,903571677,903571682,903571701,903571659,903571704,903571707,903571710,903571678,903571720,903571726,903571724,903571733,903571740,903571754,903571758,903571764,903571768,903571778,903571786,903571788,903571797,903571763,903571815,903571822,903571824,903571825,903571827,903571838,903571803,903571818,903571812,903571854,903571850,903571860,903571859,903571866,903571867,903571830,903571865,903571874,903572058,903572057,903572063,903572080,903572084,903572087,903572093,903572099,903572103,903572106,903572107,903572111) 
Total records FAIL: 56
(903571145,903571154,903571143,903571234,903571236,903571280,903571310,903571286,903571312,903571369,903571383,903571441,903571460,903571469,903571467,812331764,903571443,903571520,903571465,903571538,903571545,903571554,903571561,903571563,903571618,903571635,812331796,903571668,903571694,903571715,903571731,903571739,812331824,812331823,903571799,903571810,903571855,812331859,903571888,903571906,903571933,903571930,903571981,903571990,812331880,903572005,903571977,812331883,903572025,903572033,903572050,903572078,903572052,903572088,812331901,903572104) 
 Total records PENDING: 51
(903571126,903571144,903571147,903571159,903571160,812331685,903571189,903571124,812331696,812331691,903571243,903571304,903571308,903571329,903571349,903571354,903571305,903571364,903571378,903571345,903571417,903571435,812331754,812331756,903571490,903571535,903571497,903571583,903571528,903571567,903571622,903571628,903571653,903571652,903571655,903571684,812331801,903571683,903571721,812331810,903571820,903571875,903571882,903571886,903571923,903571928,903571941,903572017,903572056,903572030,903572065)
 Total records No Response: 219
(903571125,903571122,903571129,903571072,812331687,903571141,903571146,903571090,903571150,903571156,903571163,903571164,812331692,903571182,903571131,903571208,812331694,903571219,903571224,903571229,903571174,903571239,903571244,903571200,903571258,903571257,903571233,903571222,903571275,903571287,903571285,903571284,903571291,903571248,903571297,903571301,903571295,903571298,903571302,903571300,903571318,903571328,903571332,903571337,903571341,812331725,903571342,812331726,903571348,903571357,903571361,903571358,812331731,903571366,903571380,903571387,903571390,812331734,903571407,812331746,903571414,812331732,903571382,903571386,903571432,812331733,903571440,812331742,903571447,903571403,903571457,903571459,903571475,903571471,903571476,812331761,903571483,903571489,903571496,903571499,812331765,903571501,903571424,903571451,903571546,903571543,903571544,903571500,812331780,812331778,903571558,903571562,903571566,903571571,812331782,903571574,903571572,903571581,903571573,903571585,903571591,812331785,903571590,903571594,812331788,903571596,812331777,903571602,903571613,903571611,903571560,903571620,903571565,903571625,903571623,903571627,903571575,903571630,903571633,903571641,903571649,903571658,903571624,903571629,812331799,903571672,812331807,903571693,903571692,903571700,903571698,903571705,903571716,812331802,903571729,903571741,812331820,903571745,903571749,903571750,903571753,903571762,903571766,903571732,903571777,903571789,903571798,903571802,903571801,903571765,903571808,903571813,812331839,903571811,812331844,903571835,903571837,903571800,812331852,903571840,903571839,903571853,903571852,903571856,903571863,903571879,903571881,903571836,903571892,903571898,903571900,903571904,903571905,903571884,903571926,903571938,812331872,903571943,903571940,903571944,903571959,903571957,903571962,903571960,903571964,903571929,903571974,812331879,903571986,903571987,903571995,903571998,903571996,903572000,903572002,903571951,903572007,903571976,903571980,903572021,903571997,903572036,812331888,903572044,903572045,903572054,903572061,903572060,903572062,903572075,903572076,903572082,903572083,903572089,903572094,903572095,903572072,812331902,903572118)
 Cron execution ended at: 2022-09-06 00:56:45
