
***********************************************************

 Cron execution started at :2023-02-03 07:00:01 

 Total Count =>126

Total records SUCCESS: 0
() 
Total records FAIL: 0
() 
 Total records PENDING: 16
(903857169,903857174,903857184,812367206,812367209,36759,903857244,812367212,812367216,903857269,903857273,903857289,903857342,903857347,903857404,903857416)
 Total records No Response: 110
(903857094,903857096,903857098,903857100,903857102,903857087,903857088,903857103,903857104,903857110,903857125,903857129,812367200,812367198,903857134,903857124,812367199,812367202,812367201,812367203,903857154,903857133,903857157,903857143,903857161,903857162,903857163,903857164,903857165,903857166,903857182,903857183,903857185,903857167,903857168,903857171,903857191,903857172,903857198,903857188,903857206,903857209,903857195,903857211,903857215,903857216,903857210,903857228,903857214,903857219,903857221,903857225,812367211,903857242,903857229,903857249,903857250,903857234,903857251,903857258,903857254,903857263,903857260,903857274,903857275,903857264,812367220,903857267,903857295,903857297,903857298,903857294,903857304,903857286,903857302,903857288,812367224,812367225,812367226,903857314,903857329,903857318,903857319,903857320,903857333,903857350,903857357,903857362,903857366,903857365,903857352,903857356,903857371,903857373,903857375,903857379,903857380,903857369,903857383,903857385,903857387,812367235,903857394,903857397,903857400,903857409,903857412,903857422,903857423,903857424)
 Cron execution ended at: 2023-02-03 07:02:23

***********************************************************

 Cron execution started at :2023-02-03 19:00:01 

 Total Count =>109

Total records SUCCESS: 0
() 
Total records FAIL: 0
() 
 Total records PENDING: 24
(903857433,812367244,903857466,903857467,903857474,903857476,903857498,903857530,903857535,903857567,812367249,903857568,812367251,903857576,903857577,903857638,903857648,903857652,903857659,903857663,903857680,903857695,903857704,903857706)
 Total records No Response: 85
(812367243,903857439,903857441,903857440,903857446,903857450,903857456,903857463,903857464,903857460,903857470,903857473,903857468,903857469,903857475,903857471,903857472,903857479,903857490,903857492,903857500,903857503,903857508,903857507,903857517,903857529,903857523,903857531,903857533,903857525,903857534,903857528,903857538,903857539,903857542,903857547,903857551,903857553,903857546,903857558,903857560,903857561,903857565,903857578,903857583,903857586,903857587,903857591,903857582,903857599,903857589,903857590,903857593,903857597,903857610,903857613,903857615,903857623,903857624,903857626,903857628,903857631,903857635,903857622,903857641,903857643,903857646,903857647,903857649,903857651,903857640,903857655,903857645,812367259,903857660,903857658,903857671,903857672,903857670,903857687,903857688,903857698,812367267,903857693,903857705)
 Cron execution ended at: 2023-02-03 19:02:52
