
***********************************************************

 Cron execution started at :2023-01-26 01:30:01 

 Total Count =>99

Total records SUCCESS: 0
() 
Total records FAIL: 0
() 
 Total records PENDING: 10
(903852541,903852555,903852556,812366714,812366716,812366717,903852568,903852571,903852580,903852613)
 Total records No Response: 89
(903852504,812366675,812366676,812366677,812366678,812366679,903852509,812366682,812366683,903852512,903852513,903852514,903852516,903852521,903852522,903852523,903852525,903852527,36729,903852528,903852530,812366690,812366691,812366692,812366693,812366694,812366695,812366696,812366697,903852533,812366701,812366702,812366703,812366704,903852534,903852535,903852536,903852537,812366705,812366706,812366707,903852547,903852550,36731,812366711,812366712,903852557,903852559,903852560,812366715,903852562,903852561,903852564,903852569,903852573,903852570,812366722,903852576,812366726,903852577,812366724,903852578,903852579,812366728,812366729,812366730,812366731,812366732,903852582,812366733,903852584,903852585,812366738,903852594,903852596,903852597,903852598,903852599,903852602,903852603,36734,903852605,903852606,903852610,903852607,812366744,36735,812366745,903852615)
 Cron execution ended at: 2023-01-26 01:30:37
