
***********************************************************

 Cron execution started at :2023-02-05 01:30:01 

 Total Count =>391

Total records SUCCESS: 1
(903857680) 
Total records FAIL: 0
() 
 Total records PENDING: 41
(903857567,812367249,903857568,812367251,903857576,903857577,903857638,903857648,903857652,903857659,903857663,903857695,903857704,903857706,903857740,903857768,903857772,903857782,903857796,812367285,903857874,903857890,903857897,903857909,903857910,903857965,903858035,903858058,903858095,903858185,903858201,812367327,903858242,903858250,903858257,903858258,903858284,903858302,903858363,903858391,903858409)
 Total records No Response: 349
(903857542,903857546,903857547,903857551,903857553,903857558,903857560,903857561,903857565,903857578,903857582,903857583,903857586,903857587,903857589,903857590,903857591,903857593,903857597,903857599,903857610,903857613,903857615,903857622,903857623,903857624,903857626,903857628,903857631,903857635,903857640,903857641,903857643,903857645,903857646,903857647,903857649,903857651,812367259,903857655,903857658,903857660,903857670,903857671,903857672,903857687,903857688,903857693,903857698,903857700,812367267,903857701,903857705,903857710,903857713,903857714,903857715,903857716,903857717,903857720,903857724,903857726,903857728,903857729,903857730,903857733,903857739,903857741,903857742,903857744,903857745,903857748,903857751,903857752,812367272,903857760,812367274,903857761,903857762,903857763,903857767,903857776,903857777,903857779,903857781,903857789,903857790,903857794,903857795,903857798,903857801,903857803,903857805,903857807,903857809,903857810,903857811,903857812,903857813,903857814,903857815,903857817,812367278,903857823,903857825,903857827,903857829,903857830,903857831,903857833,903857834,903857835,903857841,903857843,903857844,903857847,903857849,903857850,812367282,812367284,903857851,903857857,903857859,903857863,903857864,903857866,903857868,903857879,903857883,903857884,903857886,903857888,903857889,903857892,903857895,903857900,903857907,903857917,903857918,903857919,903857920,903857925,903857928,903857931,903857932,903857938,903857941,903857942,903857944,903857945,903857949,903857950,903857956,903857959,903857960,903857961,903857963,903857964,903857969,903857972,903857974,903857978,903857981,903857985,903857990,812367298,812367299,903857992,903857993,903857999,903858008,903858009,903858010,903858012,903858025,903858026,903858032,903858033,903858037,903858043,903858045,903858048,903858050,903858052,903858053,903858054,903858056,903858064,903858066,903858070,903858078,903858079,903858080,903858082,903858087,903858096,903858098,903858101,903858105,903858106,903858109,903858115,903858117,903858119,812367313,812367314,812367315,903858122,903858125,812367316,903858126,903858127,903858129,812367318,903858133,903858135,812367320,812367321,903858148,903858149,903858154,903858155,903858159,903858165,812367322,903858168,903858169,903858171,903858172,812367323,903858176,903858177,903858182,903858187,903858190,903858191,903858193,903858195,903858202,903858205,812367326,903858207,903858211,903858213,903858217,903858219,903858222,903858223,903858228,903858235,812367329,903858238,903858240,903858241,812367331,812367334,903858251,903858254,903858255,903858267,812367336,903858268,903858272,903858275,36762,903858278,903858281,903858287,903858291,903858292,812367340,903858295,903858296,903858300,903858304,903858305,903858312,903858313,903858314,903858316,903858317,903858320,903858322,903858323,903858326,903858335,903858341,903858343,903858347,903858351,903858354,903858356,812367351,903858366,903858370,903858374,903858384,903858388,903858389,812367352,812367353,812367354,903858396,903858398,812367355,812367356,812367357,812367358,812367359,812367360,812367361,812367362,812367363,812367364,36763,36764,903858403,903858407,903858410,903858411,903858416,812367367,812367368,903858425,903858427,903858429,903858431,903858434,903858438,903858440,903858441,903858442,903858443,812367371,812367372,812367373,812367374,812367375,812367376,903858449,903858451,903858452,903858455,903858457,903858467,812367379,812367380,903858479,903858481)
 Cron execution ended at: 2023-02-05 01:36:29
