
***********************************************************

 Cron execution started at :2021-03-30 23:59:01 

 Total Count =>65

Total records SUCCESS: 4
(812250607,812250612,812250628,902733669) 
Total records FAIL: 7
(902733626,902733633,902733640,902733645,902733649,902733658,902733663) 
 Total records PENDING: 0
()
 Total records No Response: 54
(902733470,902733478,902733484,902733492,812250601,812250602,902733498,902733501,902733509,902733513,902733519,902733521,902733522,902733523,902733526,902733527,902733528,902733531,902733539,902733546,902733551,902733554,902733556,902733566,902733567,902733569,812250613,902733584,902733590,902733593,902733596,812250614,812250616,812250617,812250618,902733603,812250619,902733614,812250622,812250623,902733620,902733625,902733628,812250625,902733632,812250626,902733646,902733647,902733653,902733655,902733661,812250630,902733664,902733667)
 Cron execution ended at: 2021-03-31 00:02:33
