
***********************************************************

 Cron execution started at :2023-01-26 00:15:01 

 Total Count =>68

Total records SUCCESS: 0
() 
Total records FAIL: 0
() 
 Total records PENDING: 10
(903852541,903852555,903852556,812366714,812366716,812366717,903852568,903852571,903852580,903852613)
 Total records No Response: 58
(812366701,812366702,812366703,812366704,903852534,903852535,903852536,903852537,812366705,812366706,812366707,903852547,903852550,36731,812366711,812366712,903852557,903852559,903852560,812366715,903852562,903852561,903852564,903852569,903852573,903852570,812366722,903852576,812366726,903852577,812366724,903852578,903852579,812366728,812366729,812366730,812366731,812366732,903852582,812366733,903852584,903852585,812366738,903852594,903852596,903852597,903852598,903852599,903852602,903852603,36734,903852605,903852606,903852610,903852607,812366744,36735,812366745)
 Cron execution ended at: 2023-01-26 00:15:30
