
***********************************************************

 Cron execution started at :2022-05-17 23:55:31 

 Total Count =>154

Total records SUCCESS: 0
() 
Total records FAIL: 36
(903442685,903442692,903442693,903442711,903442730,903442747,903442748,903442754,903442756,903442761,903442781,903442783,903442793,903442813,903442816,903442827,903442831,903442837,903442849,903442854,903442861,903443959,903443962,903443965,903443972,903443978,903443982,903443988,903443996,903444012,903444037,903444038,903444043,903444057,903444065,903444073) 
 Total records PENDING: 0
()
 Total records No Response: 118
(903442698,903442797,903442862,903442888,903442914,903442923,903442924,903442928,903442929,903442954,903442963,903442966,903442974,903442977,903442984,903443000,903443002,903443005,903443038,903443049,903443050,903443052,903443066,903443067,903443082,903443086,903443091,903443110,903443112,903443116,903443140,903443155,903443169,903443188,903443196,903443197,903443200,903443206,903443213,903443214,903443230,903443237,903443238,903443244,903443245,903443248,903443257,903443262,903443266,903443268,903443284,903443299,903443302,903443304,903443308,903443324,903443348,903443369,903443392,903443415,903443441,903443451,903443453,903443465,903443471,903443484,903443501,903443504,903443512,903443517,903443529,903443549,903443557,903443576,903443585,903443589,903443592,903443600,903443610,903443628,903443629,903443645,903443652,903443664,903443668,903443681,903443685,903443707,903443711,903443720,903443738,903443756,903443766,903443771,903443777,903443778,903443821,903443827,903443829,903443833,903443864,903443869,903443880,903443897,903443904,903443933,903443948,903443956,903443955,903443967,903443979,903444007,903444030,903444028,903444051,903444056,903444071,903444075)
 Cron execution ended at: 2022-05-18 00:14:15
