
***********************************************************

 Cron execution started at :2023-01-20 07:00:01 

 Total Count =>129

Total records SUCCESS: 0
() 
Total records FAIL: 0
() 
 Total records PENDING: 7
(903851290,903851299,903851331,812366349,903851388,903851413,903851422)
 Total records No Response: 122
(903851282,903851289,903851285,903851302,812366340,903851294,903851306,903851304,903851308,903851303,903851316,903851313,903851318,903851310,903851320,903851311,903851312,903851321,903851323,812366342,903851324,903851328,903851334,903851336,903851343,903851337,903851338,903851339,903851340,903851341,903851348,903851342,903851354,903851346,812366343,812366344,812366345,812366346,812366347,903851350,903851351,903851358,903851362,903851355,903851359,812366351,812366352,812366353,903851361,903851365,903851364,903851368,903851370,903851373,903851375,903851376,903851381,903851379,812366360,812366361,812366362,812366363,903851386,812366364,903851387,903851389,903851392,903851384,812366366,812366367,812366368,812366369,903851395,903851400,903851397,903851403,903851405,812366372,812366373,812366374,812366375,812366376,812366377,812366378,903851407,812366379,903851412,812366380,812366381,812366382,812366383,812366384,812366385,903851425,903851415,903851416,812366387,903851430,903851424,903851434,812366393,903851435,903851429,812366389,812366390,812366391,812366392,903851437,903851444,903851442,903851440,903851443,903851445,903851448,36704,812366397,812366398,812366399,903851449,903851452,903851456,903851457)
 Cron execution ended at: 2023-01-20 07:01:31

***********************************************************

 Cron execution started at :2023-01-20 19:00:01 

 Total Count =>101

Total records SUCCESS: 2
(903851609,903851629) 
Total records FAIL: 0
() 
 Total records PENDING: 6
(903851481,903851509,903851515,903851584,903851591,903851612)
 Total records No Response: 93
(903851459,903851461,903851464,903851463,903851466,903851467,903851468,903851471,812366404,812366405,812366406,812366407,812366408,903851475,903851472,903851477,903851476,903851480,903851485,903851486,903851489,812366410,812366411,812366412,812366413,812366414,812366415,812366416,903851492,903851497,903851502,903851505,903851506,903851518,903851514,812366417,812366418,812366419,903851519,903851520,812366421,903851528,903851529,903851536,903851530,903851533,903851543,903851535,903851538,903851539,903851559,903851560,903851562,903851567,903851569,903851571,903851573,903851576,903851581,903851594,903851588,903851589,903851583,903851597,903851585,903851587,903851601,903851602,903851595,903851598,903851600,812366424,903851606,903851614,903851618,903851608,903851611,903851610,903851624,903851627,903851615,903851616,903851619,903851620,903851621,903851633,903851634,812366425,812366426,903851635,903851628,903851637,903851626)
 Cron execution ended at: 2023-01-20 19:01:20
