
***********************************************************

 Cron execution started at :2023-01-21 07:00:01 

 Total Count =>131

Total records SUCCESS: 0
() 
Total records FAIL: 0
() 
 Total records PENDING: 4
(903851656,903851670,903851700,903851764)
 Total records No Response: 127
(903851639,903851640,903851644,903851630,903851631,903851632,903851641,903851651,903851652,903851647,903851648,903851657,903851660,903851663,903851653,903851654,903851655,903851664,903851659,903851671,903851674,903851665,903851666,903851673,903851677,903851676,903851679,903851681,903851680,903851686,903851688,903851690,903851684,903851683,903851693,903851689,903851691,903851701,903851702,903851703,903851694,903851695,903851697,903851704,903851707,903851708,903851709,903851717,903851722,903851726,903851721,903851724,812366432,812366433,903851728,812366434,812366435,903851733,903851739,903851748,903851749,903851746,812366438,812366439,812366440,903851751,903851757,903851753,903851754,903851758,903851755,812366441,812366442,812366443,812366444,812366445,812366446,812366447,812366448,812366449,812366450,812366451,812366452,812366453,812366454,812366455,812366456,812366457,812366458,812366459,812366460,812366461,812366462,812366463,812366464,812366465,812366466,812366467,812366468,812366469,812366470,812366471,812366472,812366473,812366474,812366475,903851767,812366476,812366477,812366478,903851769,812366479,812366480,812366481,812366482,812366483,812366484,812366485,812366486,812366487,812366488,903851770,903851774,903851777,903851776,903851779,903851780)
 Cron execution ended at: 2023-01-21 07:01:04

***********************************************************

 Cron execution started at :2023-01-21 19:00:01 

 Total Count =>79

Total records SUCCESS: 0
() 
Total records FAIL: 0
() 
 Total records PENDING: 5
(903851842,903851855,903851880,903851935,903851956)
 Total records No Response: 74
(903851784,903851787,903851791,903851794,903851802,903851805,903851806,903851799,903851800,903851801,903851804,903851810,903851813,903851814,903851816,903851817,903851824,903851841,903851833,903851849,903851848,903851859,903851856,903851867,903851865,903851872,903851874,903851875,903851876,903851870,903851881,903851884,903851885,903851888,903851879,903851891,903851892,903851893,903851894,903851895,36708,36707,903851898,903851899,903851897,903851900,903851901,903851903,903851906,903851910,903851904,903851907,903851911,903851912,903851913,903851915,903851916,903851908,903851909,903851929,903851930,903851923,903851936,903851927,903851939,903851940,903851937,903851942,903851948,903851952,903851954,903851960,903851961,903851963)
 Cron execution ended at: 2023-01-21 19:00:48
