
***********************************************************

 Cron execution started at :2023-01-23 02:45:02 

 Total Count =>371

Total records SUCCESS: 0
() 
Total records FAIL: 0
() 
 Total records PENDING: 28
(903851842,903851855,903851880,903851935,903851956,903851991,903852012,903852018,903852020,903852026,36711,36712,903852056,903852083,36722,903852115,903852121,903852148,903852155,903852210,903852217,903852243,903852247,903852268,903852309,903852362,903852369,903852373)
 Total records No Response: 343
(903851780,903851784,903851787,903851791,903851794,903851799,903851800,903851801,903851802,903851804,903851805,903851806,903851810,903851813,903851814,903851816,903851817,903851824,903851833,903851841,903851848,903851849,903851856,903851859,903851865,903851867,903851870,903851872,903851874,903851875,903851876,903851879,903851881,903851884,903851885,903851888,36707,903851891,903851892,903851893,903851894,903851895,36708,903851897,903851898,903851899,903851900,903851901,903851903,903851904,903851906,903851907,903851908,903851909,903851910,903851911,903851912,903851913,903851915,903851916,903851923,903851927,903851929,903851930,903851936,903851937,903851939,903851940,903851942,903851948,903851952,903851954,903851960,903851961,903851962,903851963,812366496,812366497,812366498,812366499,812366500,812366501,812366502,812366503,812366504,903851965,812366505,903851966,812366506,812366507,812366508,903851972,903851973,903851974,903851976,903851980,903851982,903851983,812366511,903851986,903851993,903851994,903851995,903851997,903851998,903852000,903852001,903852003,903852007,903852009,903852013,903852014,903852017,903852021,903852023,903852024,903852025,903852027,903852029,903852030,903852031,903852032,903852033,36714,903852035,903852036,903852037,903852038,903852039,903852041,36715,36716,36717,36718,36719,903852042,903852043,903852045,903852049,903852050,903852051,812366519,903852057,903852061,903852062,903852063,903852064,903852065,812366521,812366522,903852071,903852074,903852075,903852076,903852077,903852078,903852080,903852082,903852088,903852089,903852090,903852091,903852094,903852095,903852096,903852097,903852099,903852103,903852104,903852106,903852108,36724,903852112,903852113,903852117,903852119,903852120,903852124,903852126,903852127,903852128,903852129,903852130,903852131,903852133,903852135,903852137,903852138,903852139,812366528,812366529,903852141,903852150,903852151,903852152,812366532,812366533,812366534,812366535,812366536,812366537,812366538,903852160,812366539,812366540,812366541,812366542,903852161,903852162,903852165,903852167,903852169,903852170,903852171,903852174,903852176,903852180,903852181,903852182,903852183,903852184,903852185,812366546,812366547,812366548,812366549,903852189,903852190,812366550,812366551,903852194,903852195,812366552,903852197,903852198,903852205,903852206,903852207,812366553,903852208,903852209,903852213,812366555,903852219,812366556,903852221,903852222,812366557,812366558,812366559,812366560,903852224,903852225,903852228,903852229,903852230,903852231,903852232,812366561,812366562,903852238,903852239,903852242,812366564,812366565,903852245,812366566,812366567,812366568,903852248,903852252,903852253,903852257,903852258,812366569,903852259,812366572,903852263,812366573,812366574,903852265,903852267,903852269,812366577,812366578,812366579,812366580,903852273,903852275,812366582,903852276,903852280,903852282,903852285,903852289,903852291,812366583,812366584,812366585,812366586,812366587,812366588,812366589,903852293,903852294,812366591,903852316,903852320,812366596,812366597,812366598,903852322,903852323,903852326,903852327,903852334,903852335,903852338,812366600,812366601,812366602,903852343,812366603,903852344,903852346,903852348,903852349,903852351,903852352,903852355,903852359,903852360,903852363,903852367,903852370,903852372,903852374,903852379,903852388,903852389,812366605,903852397,903852401)
 Cron execution ended at: 2023-01-23 02:49:22
