
***********************************************************

 Cron execution started at :2023-02-05 07:00:01 

 Total Count =>103

Total records SUCCESS: 0
() 
Total records FAIL: 0
() 
 Total records PENDING: 7
(903858284,903858302,903858363,903858391,903858409,903858499,903858501)
 Total records No Response: 96
(36762,903858278,812367336,903858287,903858272,903858275,903858281,903858295,903858291,903858292,812367340,903858304,903858296,903858313,903858300,903858317,903858305,903858322,903858323,903858312,903858314,903858316,903858320,903858326,903858335,903858343,903858347,903858341,903858351,903858354,903858356,812367351,903858370,903858374,903858366,903858388,903858389,903858384,812367355,812367352,812367353,36763,812367354,36764,903858396,903858407,903858410,903858411,903858398,812367356,812367357,812367358,812367359,812367360,812367361,812367362,812367363,812367364,903858403,903858416,812367367,812367368,903858425,903858427,903858429,903858431,903858434,903858438,903858441,903858442,903858443,903858440,812367371,903858452,812367372,812367373,812367374,812367375,812367376,903858455,903858449,903858457,903858451,903858467,812367379,812367380,903858481,903858479,903858482,903858483,903858484,903858478,903858487,903858492,903858500,903858502)
 Cron execution ended at: 2023-02-05 07:01:25

***********************************************************

 Cron execution started at :2023-02-05 19:00:01 

 Total Count =>107

Total records SUCCESS: 0
() 
Total records FAIL: 0
() 
 Total records PENDING: 9
(903858550,903858578,903858619,812367393,903858669,903858677,812367399,903858708,903858710)
 Total records No Response: 98
(903858504,903858509,903858513,903858525,903858519,903858532,903858527,903858535,903858531,903858538,903858540,903858536,903858539,903858545,903858546,903858548,903858551,903858552,903858553,903858554,903858559,903858562,903858556,903858566,903858571,903858572,903858573,903858576,903858570,903858579,903858580,903858577,903858581,903858586,903858587,903858589,903858585,903858593,903858595,903858599,903858600,903858605,903858607,903858610,903858611,903858628,903858618,903858621,903858635,903858625,903858627,903858637,903858638,903858639,903858645,903858646,903858648,903858650,903858652,812367391,812367392,903858659,903858662,903858667,903858657,903858672,903858676,903858678,903858684,903858687,36766,903858683,903858697,903858690,903858691,903858693,903858698,903858707,812367401,812367402,812367403,903858701,812367404,812367405,812367406,812367407,812367408,812367409,812367410,812367411,903858713,903858706,903858711,903858715,903858730,903858725,903858735,903858737)
 Cron execution ended at: 2023-02-05 19:01:34
