
***********************************************************

 Cron execution started at :2022-05-09 23:57:01 

 Total Count =>65

Total records SUCCESS: 0
() 
Total records FAIL: 7
(903376992,903376994,903376999,903377005,903377006,903377008,903377028) 
 Total records PENDING: 0
()
 Total records No Response: 58
(903376652,903376657,903376661,903376665,903376677,903376691,812319222,903376709,812319230,812319236,903376741,903376749,903376757,812319238,903376787,903376790,903376794,812319244,812319245,903376801,903376839,903376854,903376891,903376895,903376908,903376917,812319266,903376922,903376928,903376931,903376932,903376935,903376937,812319270,903376939,812319273,903376946,903376947,903376948,903376949,812319276,903376951,903376953,903376956,812319277,903376963,903376970,903376971,903376974,903376989,903377000,903377001,903377011,903377012,903377014,812319289,903377026,903377027)
 Cron execution ended at: 2022-05-10 00:03:40
