
***********************************************************

 Cron execution started at :2023-02-03 00:15:01 

 Total Count =>301

Total records SUCCESS: 0
() 
Total records FAIL: 0
() 
 Total records PENDING: 45
(903856585,903856597,903856608,903856613,903856622,903856649,903856689,903856721,903856732,903856786,903856788,903856811,903856813,903856822,903856839,903856840,903856865,903856866,903856889,903856938,903856968,903856983,903856999,903857013,903857014,903857026,903857028,812367192,903857064,903857069,903857081,903857082,903857092,903857169,903857174,903857184,812367206,812367209,36759,903857244,812367212,812367216,903857269,903857273,903857289)
 Total records No Response: 256
(903856547,903856548,903856567,903856573,903856551,903856558,903856559,903856583,903856563,903856586,903856569,903856570,903856590,903856592,903856575,903856593,903856595,903856584,903856599,903856587,903856601,903856602,903856600,903856591,903856607,903856609,903856606,903856615,903856616,903856618,903856619,903856614,903856624,903856625,903856617,903856634,903856633,903856636,903856639,903856640,903856641,903856647,903856650,903856652,903856653,903856657,903856663,903856666,903856669,903856672,903856670,903856671,903856676,903856674,903856679,903856682,903856684,903856694,903856706,903856723,903856717,903856718,903856729,903856731,903856733,903856728,903856734,903856730,903856737,903856741,903856755,903856759,903856745,903856750,903856773,903856781,903856782,903856783,903856771,903856797,903856798,903856800,903856803,903856802,903856808,903856784,903856787,903856810,903856815,903856818,903856826,903856829,903856846,903856848,903856834,903856861,903856868,903856873,903856869,903856880,903856883,903856885,903856886,903856870,903856897,812367181,903856909,903856915,903856879,903856919,903856923,903856896,903856898,903856907,903856911,903856932,903856934,903856937,903856939,903856942,903856943,903856941,903856947,903856945,903856935,903856956,903856959,903856961,903856965,903856966,903856976,903856979,903856963,903856980,903856981,903856972,903856988,903856974,903856990,903856995,903856997,903857001,903856994,903857006,903857008,903857007,903857020,903857021,903857023,903857027,903857010,903857011,903857033,903857040,903857041,903857018,903857019,903857044,903857025,903857047,903857032,903857034,903857051,903857054,903857055,903857063,903857066,903857067,903857073,903857090,903857070,903857091,903857094,903857096,903857098,903857100,903857102,903857087,903857088,903857103,903857104,903857110,903857125,903857129,812367200,812367198,903857134,903857124,812367199,812367202,812367201,812367203,903857154,903857133,903857157,903857143,903857161,903857162,903857163,903857164,903857165,903857166,903857182,903857183,903857185,903857167,903857168,903857171,903857191,903857172,903857198,903857188,903857206,903857209,903857195,903857211,903857215,903857216,903857210,903857228,903857214,903857219,903857221,903857225,812367211,903857242,903857229,903857249,903857250,903857234,903857251,903857258,903857254,903857263,903857260,903857274,903857275,903857264,812367220,903857267,903857295,903857297,903857298,903857294,903857304,903857286,903857302,903857288,812367224,812367225,812367226,903857314,903857329,903857318,903857319,903857320)
 Cron execution ended at: 2023-02-03 00:21:51
