
***********************************************************

 Cron execution started at :2022-09-03 23:56:01 

 Total Count =>203

Total records SUCCESS: 2
(812328627,812328679) 
Total records FAIL: 2
(903551195,903551197) 
 Total records PENDING: 21
(903550604,903550585,903550624,903550626,903550656,903550681,903550707,903550718,903550794,903550835,903550854,903550856,903550944,903550949,903550988,903550993,903551047,903551087,903551090,903551089,903551092)
 Total records No Response: 171
(903550531,903550533,903550534,903550540,903550544,903550526,903550546,903550554,903550553,903550566,903550570,903550571,903550572,903550583,903550586,903550589,903550590,903550595,903550597,903550599,903550598,903550584,903550612,812328600,812328601,903550620,903550630,903550631,903550614,903550637,903550636,903550638,903550641,903550642,903550645,903550652,903550651,903550654,903550655,903550659,903550666,903550670,903550671,903550683,903550682,903550685,903550701,903550660,903550708,812328608,903550710,903550684,903550713,903550719,903550723,812328613,903550724,903550709,903550727,903550732,903550744,903550750,812328619,812328618,903550764,903550745,903550780,903550786,903550787,903550798,903550801,903550802,903550789,903550814,903550816,812328632,903550821,903550836,903550838,903550842,903550825,903550848,903550851,903550861,903550872,903550880,903550862,903550887,903550890,903550893,903550902,903550904,903550905,903550908,903550912,903550913,903550914,903550919,903550925,903550926,903550928,903550938,903550939,903550946,903550953,903550942,903550973,903550974,903550975,903550976,903550987,903550990,903550996,903551001,903550999,903550984,903551006,903551009,903551015,903551019,903551017,903551020,903551026,903551024,903551028,903551029,903551042,903551044,903551022,903551031,903551048,903551053,903551057,903551058,903551060,903551061,903551063,903551064,903551067,903551070,903551078,903551075,903551076,903551080,903551084,903551088,903551099,903551102,903551077,903551107,903551108,812328671,903551094,903551098,903551119,903551120,903551126,903551129,903551131,903551135,903551133,903551139,903551140,903551157,903551165,903551166,903551171,903551168,903551185,903551194,903551182)
 Cron execution ended at: 2022-09-04 00:00:52
