
***********************************************************

 Cron execution started at :2022-09-07 00:07:01 

 Total Count =>677

Total records SUCCESS: 2
(812333892,812334014) 
Total records FAIL: 37
(903583040,903583096,903583099,903583114,812334193,903583283,903583290,903583314,903583317,903583326,903583327,903583330,903583342,903583356,812334247,903583366,903583383,903583393,903583415,903583440,903583447,903583452,903583459,903583480,903583511,812334277,903583536,812334285,903583569,903583610,903583633,903583681,903583686,903583695,903583696,903583700,903583712) 
 Total records PENDING: 93
(903581767,903581784,903581827,903581851,903581899,903581903,903581924,903581971,812333821,812333830,903582021,812333834,903582036,903582038,903582045,812333846,903582060,903582072,903582085,812333862,812333883,903582247,903582253,903582257,903582332,903582344,903582368,903582371,903582374,903582401,903582409,903582459,812333963,903582467,903582475,812333983,812333987,903582576,812334002,903582618,903582653,812334025,903582680,903582716,903582738,812334053,903582757,903582758,903582764,812334068,903582777,903582788,903582792,903582797,812334078,812334089,903582859,903582897,903582904,903582925,812334129,812334135,903582984,812334146,903583037,903583044,903583107,903583115,903583122,903583130,903583132,903583190,903583285,903583289,903583303,903583307,903583322,903583328,903583351,812334248,903583418,903583449,903583458,903583461,903583485,903583487,903583512,903583554,903583575,903583578,903583607,903583630,903583639)
 Total records No Response: 436
(812333733,903581740,903581754,903581757,903581771,903581775,903581776,903581778,903581780,812333762,812333764,812333765,812333766,903581798,903581799,903581808,903581815,903581822,903581832,903581845,812333778,903581854,903581857,812333782,903581858,903581860,903581861,903581865,903581868,903581870,812333785,903581871,812333786,812333788,812333792,903581885,903581886,903581889,903581900,903581905,903581907,812333799,903581933,903581937,812333803,903581939,903581941,903581942,903581947,812333810,812333813,903581964,903581965,903581973,903581977,903581981,812333815,903581986,812333823,903581993,903582006,903582013,812333833,903582025,903582028,903582031,903582035,903582042,903582044,812333845,903582055,903582056,903582059,812333849,903582062,903582071,903582079,812333859,812333861,903582089,903582091,903582095,903582096,903582098,812333868,812333869,903582103,812333870,903582106,903582107,903582109,812333873,903582114,903582117,812333874,903582119,903582120,903582122,903582130,903582133,903582136,903582141,903582146,903582149,903582151,903582158,903582161,903582163,903582165,903582180,903582185,812333890,903582193,812333893,812333894,903582206,903582219,903582227,903582228,903582232,812333902,903582238,903582239,903582243,903582244,903582245,903582249,903582254,903582259,903582270,903582273,903582275,903582278,903582279,903582286,812333912,903582288,903582289,903582291,903582292,903582294,812333915,903582301,812333916,903582304,903582313,903582321,903582323,812333926,903582341,903582345,903582347,903582348,903582349,903582354,812333937,903582364,903582373,812333941,903582375,812333945,903582385,903582392,903582402,903582404,903582411,812333949,903582435,903582443,903582455,903582464,903582472,812333965,903582480,903582483,903582507,903582514,903582515,903582517,903582518,903582521,812333976,903582526,903582531,812333981,903582543,903582555,903582559,903582565,903582566,903582568,812333998,903582575,903582579,812334000,903582581,903582582,812334001,903582587,812334004,903582589,812334006,903582593,903582596,903582607,903582608,903582613,903582616,903582622,903582631,903582633,903582638,903582640,903582645,903582647,903582648,903582649,812334020,903582651,812334022,812334023,903582667,903582669,812334028,812334030,812334031,903582684,903582689,903582704,812334037,903582713,812334038,812334039,903582719,903582722,903582723,812334047,903582729,812334049,812334050,903582734,903582737,812334055,812334056,812334057,903582747,812334061,903582759,903582769,812334070,903582806,903582814,903582817,903582818,812334083,903582820,903582821,903582827,903582837,903582843,903582845,903582850,903582852,903582854,903582855,903582858,903582862,903582863,903582868,903582873,903582874,903582879,903582888,903582889,903582899,903582905,903582908,903582915,903582917,812334122,903582948,903582967,903582969,903582970,903582973,903582979,903582987,903582993,903582994,903582995,812334150,903583011,903583015,903583019,903583024,903583027,903583030,903583046,812334162,903583051,903583054,903583059,812334166,812334169,812334171,903583070,903583074,812334175,812334177,903583082,812334178,812334180,812334181,812334182,812334183,812334184,903583100,812334186,903583108,903583116,812334192,903583121,903583123,903583133,903583146,903583148,903583149,903583150,903583151,812334199,903583156,903583160,812334202,903583163,903583172,903583180,903583184,903583187,903583191,903583194,903583197,903583205,903583221,903583226,903583234,903583243,903583244,903583245,903583250,903583251,903583253,903583254,903583260,812334222,903583272,903583274,903583284,903583292,903583296,903583306,903583309,812334230,903583313,903583316,903583329,903583331,903583334,903583338,903583339,903583348,903583353,903583354,903583357,812334244,812334245,903583367,903583369,903583370,903583375,903583376,903583379,903583382,903583388,903583394,903583399,903583400,903583401,903583407,903583417,903583423,812334259,903583432,903583434,812334260,903583445,903583446,903583470,903583474,903583484,903583489,903583491,903583492,903583502,903583507,903583516,903583517,903583528,903583533,903583535,903583548,903583555,812334286,903583558,903583560,903583573,903583582,35893,903583589,903583592,903583603,903583615,903583635,903583643,903583655,903583657,903583658,903583666,903583668,903583674,903583675,903583676,903583677,903583678,903583682,903583692,812334315)
 Cron execution ended at: 2022-09-07 00:40:17

***********************************************************

 Cron execution started at :2022-09-07 00:42:02 

 Total Count =>301

Total records SUCCESS: 0
() 
Total records FAIL: 2
(812334349,812334361) 
 Total records PENDING: 55
(903582788,903582792,903582738,903582764,903582758,903582859,812334078,903582797,812334089,903582897,903582904,903582925,812334129,812334135,903582984,812334146,903583037,903583044,903583107,903583122,903583130,903583132,903583115,903583190,903583285,903583289,903583303,903583307,903583322,903583351,903583328,903583418,812334248,903583449,903583458,903583461,903583485,903583487,903583512,903583578,903583607,903583554,903583630,903583639,903583575,903583726,903583732,903583745,903583819,903583785,903583828,903583832,903583838,903583847,903583866)
 Total records No Response: 238
(812334070,903582729,903582806,903582814,812334056,903582817,903582820,903582821,903582827,903582837,903582843,903582845,903582854,903582855,903582858,903582863,903582862,903582868,903582874,903582873,903582879,903582888,903582818,812334083,903582889,903582899,903582850,903582905,903582852,903582908,903582915,903582917,812334122,903582967,903582970,903582969,903582973,903582987,903582993,903582994,903582995,903582948,812334150,903583011,903583015,903582979,903583024,903583030,903583046,903583054,812334162,903583059,812334166,903583019,812334171,903583070,903583027,903583074,903583082,903583051,812334183,812334186,903583108,812334169,903583116,812334192,903583121,812334175,903583123,812334177,812334178,812334180,812334181,903583100,812334182,903583146,903583149,903583156,812334184,903583160,903583163,903583172,903583180,903583184,903583133,903583191,903583197,903583194,903583148,903583151,903583205,903583221,903583150,812334199,903583226,812334202,903583234,903583243,903583244,903583245,903583187,903583250,903583254,903583251,903583253,903583274,903583292,903583296,903583306,903583260,903583313,903583272,903583329,903583331,903583339,812334222,903583284,903583348,903583354,903583353,903583357,812334244,812334245,903583309,903583369,903583370,903583367,903583379,903583375,903583376,812334230,903583382,903583316,903583394,903583334,903583338,903583399,903583400,903583401,903583407,903583417,903583423,812334259,903583432,903583434,903583388,812334260,903583445,903583470,903583474,903583484,903583491,903583492,903583502,903583446,903583507,903583516,903583517,903583528,903583533,903583535,903583548,903583555,903583489,903583560,903583573,35893,903583582,903583589,903583592,903583603,903583615,812334286,903583558,903583635,903583643,903583655,903583657,903583658,903583666,903583668,903583674,903583678,903583677,903583682,903583692,812334315,903583675,903583676,903583722,903583729,903583731,903583733,903583741,903583742,903583747,903583748,903583752,903583756,903583755,903583758,903583753,903583761,812334326,903583765,903583776,903583777,903583781,812334328,903583771,903583798,903583773,903583800,903583802,903583806,903583775,903583808,903583780,903583782,903583821,812334342,903583825,903583826,903583833,903583840,903583845,903583846,812334347,903583849,812334350,903583834,812334351,812334352,903583841,812334354,812334362,903583871,903583875)
 Cron execution ended at: 2022-09-07 00:50:51

***********************************************************

 Cron execution started at :2022-09-07 00:56:02 

 Total Count =>246

Total records SUCCESS: 0
() 
Total records FAIL: 3
(903583955,903583954,903583959) 
 Total records PENDING: 42
(903583107,903583122,903583130,903583132,903583115,903583190,903583285,903583289,903583303,903583307,903583322,903583351,903583328,903583418,812334248,903583449,903583458,903583461,903583485,903583487,903583512,903583578,903583607,903583554,903583630,903583639,903583575,903583726,903583732,903583745,903583819,903583785,903583828,903583832,903583838,903583847,903583866,903583901,812334375,903583936,903583944,903583951)
 Total records No Response: 199
(812334171,903583070,903583027,903583074,903583082,903583051,812334183,812334186,903583108,812334169,903583116,812334192,903583121,812334175,903583123,812334177,812334178,812334180,812334181,903583100,812334182,903583146,903583149,903583156,812334184,903583160,903583163,903583172,903583180,903583184,903583133,903583191,903583197,903583194,903583148,903583151,903583205,903583221,903583150,812334199,903583226,812334202,903583234,903583243,903583244,903583245,903583187,903583250,903583254,903583251,903583253,903583274,903583292,903583296,903583306,903583260,903583313,903583272,903583329,903583331,903583339,812334222,903583284,903583348,903583354,903583353,903583357,812334244,812334245,903583309,903583369,903583370,903583367,903583379,903583375,903583376,812334230,903583382,903583316,903583394,903583334,903583338,903583399,903583400,903583401,903583407,903583417,903583423,812334259,903583432,903583434,903583388,812334260,903583445,903583470,903583474,903583484,903583491,903583492,903583502,903583446,903583507,903583516,903583517,903583528,903583533,903583535,903583548,903583555,903583489,903583560,903583573,35893,903583582,903583589,903583592,903583603,903583615,812334286,903583558,903583635,903583643,903583655,903583657,903583658,903583666,903583668,903583674,903583678,903583677,903583682,903583692,812334315,903583675,903583676,903583722,903583729,903583731,903583733,903583741,903583742,903583747,903583748,903583752,903583756,903583755,903583758,903583753,903583761,812334326,903583765,903583776,903583777,903583781,812334328,903583771,903583798,903583773,903583800,903583802,903583806,903583775,903583808,903583780,903583782,903583821,812334342,903583825,903583826,903583833,903583840,903583845,903583846,812334347,903583849,812334350,903583834,812334351,812334352,903583841,812334354,812334362,903583871,903583875,903583886,903583869,903583907,812334379,903583915,903583916,903583919,903583927,903583930,812334381,812334382,903583937,903583939,903583952,812334383)
 Cron execution ended at: 2022-09-07 01:03:30

***********************************************************

 Cron execution started at :2022-09-07 01:07:02 

 Total Count =>201

Total records SUCCESS: 0
() 
Total records FAIL: 0
() 
 Total records PENDING: 37
(903583285,903583289,903583303,903583307,903583322,903583351,903583328,903583418,812334248,903583449,903583458,903583461,903583485,903583487,903583512,903583578,903583607,903583554,903583630,903583639,903583575,903583726,903583732,903583745,903583819,903583785,903583828,903583832,903583838,903583847,903583866,903583901,812334375,903583936,903583944,903583951,903583976)
 Total records No Response: 160
(903583292,903583296,903583306,903583260,903583313,903583272,903583329,903583331,903583339,812334222,903583284,903583348,903583354,903583353,903583357,812334244,812334245,903583309,903583369,903583370,903583367,903583379,903583375,903583376,812334230,903583382,903583316,903583394,903583334,903583338,903583399,903583400,903583401,903583407,903583417,903583423,812334259,903583432,903583434,903583388,812334260,903583445,903583470,903583474,903583484,903583491,903583492,903583502,903583446,903583507,903583516,903583517,903583528,903583533,903583535,903583548,903583555,903583489,903583560,903583573,35893,903583582,903583589,903583592,903583603,903583615,812334286,903583558,903583635,903583643,903583655,903583657,903583658,903583666,903583668,903583674,903583678,903583677,903583682,903583692,812334315,903583675,903583676,903583722,903583729,903583731,903583733,903583741,903583742,903583747,903583748,903583752,903583756,903583755,903583758,903583753,903583761,812334326,903583765,903583776,903583777,903583781,812334328,903583771,903583798,903583773,903583800,903583802,903583806,903583775,903583808,903583780,903583782,903583821,812334342,903583825,903583826,903583833,903583840,903583845,903583846,812334347,903583849,812334350,903583834,812334351,812334352,903583841,812334354,812334362,903583871,903583875,903583886,903583869,903583907,812334379,903583915,903583916,903583919,903583927,903583930,812334381,812334382,903583937,903583939,903583952,812334383,903583967,903583968,903583986,903583973,903583981,903583978,903583997,903583999,903584000,903584005,903584009,903584015,903584016)
 Cron execution ended at: 2022-09-07 01:13:16

***********************************************************

 Cron execution started at :2022-09-07 01:14:01 

 Total Count =>163

Total records SUCCESS: 1
(812334403) 
Total records FAIL: 1
(812334405) 
 Total records PENDING: 30
(812334248,903583449,903583458,903583461,903583485,903583487,903583512,903583578,903583607,903583554,903583630,903583639,903583575,903583726,903583732,903583745,903583819,903583785,903583828,903583832,903583838,903583847,903583866,903583901,812334375,903583936,903583944,903583951,903583976,903584036)
 Total records No Response: 128
(903583388,812334260,903583445,903583470,903583474,903583484,903583491,903583492,903583502,903583446,903583507,903583516,903583517,903583528,903583533,903583535,903583548,903583555,903583489,903583560,903583573,35893,903583582,903583589,903583592,903583603,903583615,812334286,903583558,903583635,903583643,903583655,903583657,903583658,903583666,903583668,903583674,903583678,903583677,903583682,903583692,812334315,903583675,903583676,903583722,903583729,903583731,903583733,903583741,903583742,903583747,903583748,903583752,903583756,903583755,903583758,903583753,903583761,812334326,903583765,903583776,903583777,903583781,812334328,903583771,903583798,903583773,903583800,903583802,903583806,903583775,903583808,903583780,903583782,903583821,812334342,903583825,903583826,903583833,903583840,903583845,903583846,812334347,903583849,812334350,903583834,812334351,812334352,903583841,812334354,812334362,903583871,903583875,903583886,903583869,903583907,812334379,903583915,903583916,903583919,903583927,903583930,812334381,812334382,903583937,903583939,903583952,812334383,903583967,903583968,903583986,903583973,903583981,903583978,903583997,903583999,903584000,903584005,903584009,903584015,903584016,903584021,903584022,903584030,903584020,903584035,903584039,903584044)
 Cron execution ended at: 2022-09-07 01:19:33

***********************************************************

 Cron execution started at :2022-09-07 01:21:02 

 Total Count =>139

Total records SUCCESS: 1
(812334403) 
Total records FAIL: 0
() 
 Total records PENDING: 22
(903583554,903583630,903583639,903583575,903583726,903583732,903583745,903583819,903583785,903583828,903583832,903583838,903583847,903583866,903583901,812334375,903583936,903583944,903583951,903583976,903584036,903584063)
 Total records No Response: 115
(903583615,812334286,903583558,903583635,903583643,903583655,903583657,903583658,903583666,903583668,903583674,903583678,903583677,903583682,903583692,812334315,903583675,903583676,903583722,903583729,903583731,903583733,903583741,903583742,903583747,903583748,903583752,903583756,903583755,903583758,903583753,903583761,812334326,903583765,903583776,903583777,903583781,812334328,903583771,903583798,903583773,903583800,903583802,903583806,903583775,903583808,903583780,903583782,903583821,812334342,903583825,903583826,903583833,903583840,903583845,903583846,812334347,903583849,812334350,903583834,812334351,812334352,903583841,812334354,812334362,903583871,903583875,903583886,903583869,903583907,812334379,903583915,903583916,903583919,903583927,903583930,812334381,812334382,903583937,903583939,903583952,812334383,903583967,903583968,903583986,903583973,903583981,903583978,903583997,903583999,903584000,903584005,903584009,903584015,903584016,903584021,903584022,903584030,903584020,903584035,903584039,903584044,903584048,903584053,903584055,903584059,903584067,903584069,812334409,903584072,903584073,812334410,903584074,812334411,812334412)
 Cron execution ended at: 2022-09-07 01:24:44

***********************************************************

 Cron execution started at :2022-09-07 01:42:01 

 Total Count =>133

Total records SUCCESS: 2
(812334403,812334415) 
Total records FAIL: 0
() 
 Total records PENDING: 19
(903583819,903583785,903583828,903583832,903583838,903583847,903583866,903583901,812334375,903583936,903583944,903583951,903583976,903584036,903584063,903584094,903584099,903584119,903584123)
 Total records No Response: 111
(903583776,903583777,903583781,812334328,903583771,903583798,903583773,903583800,903583802,903583806,903583775,903583808,903583780,903583782,903583821,812334342,903583825,903583826,903583833,903583840,903583845,903583846,812334347,903583849,812334350,903583834,812334351,812334352,903583841,812334354,812334362,903583871,903583875,903583886,903583869,903583907,812334379,903583915,903583916,903583919,903583927,903583930,812334381,812334382,903583937,903583939,903583952,812334383,903583967,903583968,903583986,903583973,903583981,903583978,903583997,903583999,903584000,903584005,903584009,903584015,903584016,903584021,903584022,903584030,903584020,903584035,903584039,903584044,903584048,903584053,903584055,903584059,903584067,903584069,812334409,903584072,903584073,812334410,903584074,812334411,812334412,812334413,903584078,812334414,812334417,812334418,903584084,812334419,903584088,812334416,903584093,812334423,812334425,903584107,903584124,903584125,812334431,812334432,903584127,903584130,812334433,812334434,903584132,812334435,903584135,903584140,903584143,812334440,903584144,812334441,812334442)
 Cron execution ended at: 2022-09-07 01:45:25

***********************************************************

 Cron execution started at :2022-09-07 01:56:01 

 Total Count =>146

Total records SUCCESS: 2
(812334403,812334415) 
Total records FAIL: 0
() 
 Total records PENDING: 15
(903583847,903583866,903583901,812334375,903583936,903583944,903583951,903583976,903584036,903584063,903584094,903584099,903584119,903584123,812334474)
 Total records No Response: 129
(903583845,903583846,812334347,903583849,812334350,903583834,812334351,812334352,903583841,812334354,812334362,903583871,903583875,903583886,903583869,903583907,812334379,903583915,903583916,903583919,903583927,903583930,812334381,812334382,903583937,903583939,903583952,812334383,903583967,903583968,903583986,903583973,903583981,903583978,903583997,903583999,903584000,903584005,903584009,903584015,903584016,903584021,903584022,903584030,903584020,903584035,903584039,903584044,903584048,903584053,903584055,903584059,903584067,903584069,812334409,903584072,903584073,812334410,903584074,812334411,812334412,812334413,903584078,812334414,812334417,812334418,903584084,812334419,903584088,812334416,903584093,812334423,812334425,903584107,903584124,903584125,812334431,812334432,903584127,903584130,812334433,812334434,903584132,812334435,903584135,903584140,903584143,812334440,903584144,812334441,812334442,903584149,812334450,812334444,903584151,812334453,812334457,812334446,812334458,812334459,812334447,812334448,812334449,812334452,812334454,812334455,812334456,812334461,903584159,812334462,812334463,812334464,903584160,812334465,812334466,812334468,812334470,812334471,903584163,812334473,903584167,812334476,903584168,812334477,903584170,812334479,812334481,812334482,903584174)
 Cron execution ended at: 2022-09-07 01:58:29

***********************************************************

 Cron execution started at :2022-09-07 02:00:03 

 Total Count =>138

Total records SUCCESS: 2
(812334403,812334415) 
Total records FAIL: 0
() 
 Total records PENDING: 14
(903583901,812334375,903583936,903583944,903583951,903583976,903584036,903584063,903584094,903584099,903584119,903584123,812334474,903584173)
 Total records No Response: 122
(812334362,903583871,903583875,903583886,903583869,903583907,812334379,903583915,903583916,903583919,903583927,903583930,812334381,812334382,903583937,903583939,903583952,812334383,903583967,903583968,903583986,903583973,903583981,903583978,903583997,903583999,903584000,903584005,903584009,903584015,903584016,903584021,903584022,903584030,903584020,903584035,903584039,903584044,903584048,903584053,903584055,903584059,903584067,903584069,812334409,903584072,903584073,812334410,903584074,812334411,812334412,812334413,903584078,812334414,812334417,812334418,903584084,812334419,903584088,812334416,903584093,812334423,812334425,903584107,903584124,903584125,812334431,812334432,903584127,903584130,812334433,812334434,903584132,812334435,903584135,903584140,903584143,812334440,903584144,812334441,812334442,903584149,812334450,812334444,903584151,812334453,812334457,812334446,812334458,812334459,812334447,812334448,812334449,812334452,812334454,812334455,812334456,812334461,903584159,812334462,812334463,812334464,903584160,812334465,812334466,812334468,812334470,812334471,903584163,812334473,903584167,812334476,903584168,812334477,903584170,812334479,812334481,812334482,903584174,903584176,903584177,903584178)
 Cron execution ended at: 2022-09-07 02:02:29

***********************************************************

 Cron execution started at :2022-09-07 02:07:02 

 Total Count =>135

Total records SUCCESS: 2
(812334403,812334415) 
Total records FAIL: 0
() 
 Total records PENDING: 13
(903583936,903583944,903583951,903583976,903584036,903584063,903584094,903584099,903584119,903584123,812334474,903584173,903584179)
 Total records No Response: 120
(812334379,903583915,903583916,903583919,903583927,903583930,812334381,812334382,903583937,903583939,903583952,812334383,903583967,903583968,903583986,903583973,903583981,903583978,903583997,903583999,903584000,903584005,903584009,903584015,903584016,903584021,903584022,903584030,903584020,903584035,903584039,903584044,903584048,903584053,903584055,903584059,903584067,903584069,812334409,903584072,903584073,812334410,903584074,812334411,812334412,812334413,903584078,812334414,812334417,812334418,903584084,812334419,903584088,812334416,903584093,812334423,812334425,903584107,903584124,903584125,812334431,812334432,903584127,903584130,812334433,812334434,903584132,812334435,903584135,903584140,903584143,812334440,903584144,812334441,812334442,903584149,812334450,812334444,903584151,812334453,812334457,812334446,812334458,812334459,812334447,812334448,812334449,812334452,812334454,812334455,812334456,812334461,903584159,812334462,812334463,812334464,903584160,812334465,812334466,812334468,812334470,812334471,903584163,812334473,903584167,812334476,903584168,812334477,903584170,812334479,812334481,812334482,903584174,903584176,903584177,903584178,903584187,903584190,903584188,903584192)
 Cron execution ended at: 2022-09-07 02:09:26

***********************************************************

 Cron execution started at :2022-09-07 02:14:02 

 Total Count =>126

Total records SUCCESS: 2
(812334403,812334415) 
Total records FAIL: 0
() 
 Total records PENDING: 11
(903583951,903583976,903584036,903584063,903584094,903584099,903584119,903584123,812334474,903584173,903584179)
 Total records No Response: 112
(903583952,812334383,903583967,903583968,903583986,903583973,903583981,903583978,903583997,903583999,903584000,903584005,903584009,903584015,903584016,903584021,903584022,903584030,903584020,903584035,903584039,903584044,903584048,903584053,903584055,903584059,903584067,903584069,812334409,903584072,903584073,812334410,903584074,812334411,812334412,812334413,903584078,812334414,812334417,812334418,903584084,812334419,903584088,812334416,903584093,812334423,812334425,903584107,903584124,903584125,812334431,812334432,903584127,903584130,812334433,812334434,903584132,812334435,903584135,903584140,903584143,812334440,903584144,812334441,812334442,903584149,812334450,812334444,903584151,812334453,812334457,812334446,812334458,812334459,812334447,812334448,812334449,812334452,812334454,812334455,812334456,812334461,903584159,812334462,812334463,812334464,903584160,812334465,812334466,812334468,812334470,812334471,903584163,812334473,903584167,812334476,903584168,812334477,903584170,812334479,812334481,812334482,903584174,903584176,903584177,903584178,903584187,903584190,903584188,903584192,812334486,903584199)
 Cron execution ended at: 2022-09-07 02:16:12

***********************************************************

 Cron execution started at :2022-09-07 02:21:02 

 Total Count =>119

Total records SUCCESS: 2
(812334403,812334415) 
Total records FAIL: 0
() 
 Total records PENDING: 9
(903584036,903584063,903584094,903584099,903584119,903584123,812334474,903584173,903584179)
 Total records No Response: 108
(903583973,903583981,903583978,903583997,903583999,903584000,903584005,903584009,903584015,903584016,903584021,903584022,903584030,903584020,903584035,903584039,903584044,903584048,903584053,903584055,903584059,903584067,903584069,812334409,903584072,903584073,812334410,903584074,812334411,812334412,812334413,903584078,812334414,812334417,812334418,903584084,812334419,903584088,812334416,903584093,812334423,812334425,903584107,903584124,903584125,812334431,812334432,903584127,903584130,812334433,812334434,903584132,812334435,903584135,903584140,903584143,812334440,903584144,812334441,812334442,903584149,812334450,812334444,903584151,812334453,812334457,812334446,812334458,812334459,812334447,812334448,812334449,812334452,812334454,812334455,812334456,812334461,903584159,812334462,812334463,812334464,903584160,812334465,812334466,812334468,812334470,812334471,903584163,812334473,903584167,812334476,903584168,812334477,903584170,812334479,812334481,812334482,903584174,903584176,903584177,903584178,903584187,903584190,903584188,903584192,812334486,903584199,903584205)
 Cron execution ended at: 2022-09-07 02:22:52

***********************************************************

 Cron execution started at :2022-09-07 02:28:01 

 Total Count =>111

Total records SUCCESS: 2
(812334403,812334415) 
Total records FAIL: 0
() 
 Total records PENDING: 9
(903584036,903584063,903584094,903584099,903584119,903584123,812334474,903584173,903584179)
 Total records No Response: 99
(903584021,903584022,903584030,903584020,903584035,903584039,903584044,903584048,903584053,903584055,903584059,903584067,903584069,812334409,903584072,903584073,812334410,903584074,812334411,812334412,812334413,903584078,812334414,812334417,812334418,903584084,812334419,903584088,812334416,903584093,812334423,812334425,903584107,903584124,903584125,812334431,812334432,903584127,903584130,812334433,812334434,903584132,812334435,903584135,903584140,903584143,812334440,903584144,812334441,812334442,903584149,812334450,812334444,903584151,812334453,812334457,812334446,812334458,812334459,812334447,812334448,812334449,812334452,812334454,812334455,812334456,812334461,903584159,812334462,812334463,812334464,903584160,812334465,812334466,812334468,812334470,812334471,903584163,812334473,903584167,812334476,903584168,812334477,903584170,812334479,812334481,812334482,903584174,903584176,903584177,903584178,903584187,903584190,903584188,903584192,812334486,903584199,903584205,903584206)
 Cron execution ended at: 2022-09-07 02:30:13

***********************************************************

 Cron execution started at :2022-09-07 02:35:02 

 Total Count =>101

Total records SUCCESS: 1
(812334415) 
Total records FAIL: 0
() 
 Total records PENDING: 8
(903584063,903584094,903584099,903584119,903584123,812334474,903584173,903584179)
 Total records No Response: 92
(903584053,903584055,903584059,903584067,903584069,812334409,903584072,903584073,812334410,903584074,812334411,812334412,812334413,903584078,812334414,812334417,812334418,903584084,812334419,903584088,812334416,903584093,812334423,812334425,903584107,903584124,903584125,812334431,812334432,903584127,903584130,812334433,812334434,903584132,812334435,903584135,903584140,903584143,812334440,903584144,812334441,812334442,903584149,812334450,812334444,903584151,812334453,812334457,812334446,812334458,812334459,812334447,812334448,812334449,812334452,812334454,812334455,812334456,812334461,903584159,812334462,812334463,812334464,903584160,812334465,812334466,812334468,812334470,812334471,903584163,812334473,903584167,812334476,903584168,812334477,903584170,812334479,812334481,812334482,903584174,903584176,903584177,903584178,903584187,903584190,903584188,903584192,812334486,903584199,903584205,903584206,903584213)
 Cron execution ended at: 2022-09-07 02:36:28

***********************************************************

 Cron execution started at :2022-09-07 02:42:02 

 Total Count =>83

Total records SUCCESS: 1
(812334489) 
Total records FAIL: 0
() 
 Total records PENDING: 7
(903584094,903584099,903584119,903584123,812334474,903584173,903584179)
 Total records No Response: 75
(903584084,812334419,903584088,812334416,903584093,812334423,812334425,903584107,903584124,903584125,812334431,812334432,903584127,903584130,812334433,812334434,903584132,812334435,903584135,903584140,903584143,812334440,903584144,812334441,812334442,903584149,812334450,812334444,903584151,812334453,812334457,812334446,812334458,812334459,812334447,812334448,812334449,812334452,812334454,812334455,812334456,812334461,903584159,812334462,812334463,812334464,903584160,812334465,812334466,812334468,812334470,812334471,903584163,812334473,903584167,812334476,903584168,812334477,903584170,812334479,812334481,812334482,903584174,903584176,903584177,903584178,903584187,903584190,903584188,903584192,812334486,903584199,903584205,903584206,903584213)
 Cron execution ended at: 2022-09-07 02:43:15

***********************************************************

 Cron execution started at :2022-09-07 02:49:02 

 Total Count =>76

Total records SUCCESS: 1
(812334489) 
Total records FAIL: 0
() 
 Total records PENDING: 6
(903584099,903584119,903584123,812334474,903584173,903584179)
 Total records No Response: 69
(903584124,903584125,812334431,812334432,903584127,903584130,812334433,812334434,903584132,812334435,903584135,903584140,903584143,812334440,903584144,812334441,812334442,903584149,812334450,812334444,903584151,812334453,812334457,812334446,812334458,812334459,812334447,812334448,812334449,812334452,812334454,812334455,812334456,812334461,903584159,812334462,812334463,812334464,903584160,812334465,812334466,812334468,812334470,812334471,903584163,812334473,903584167,812334476,903584168,812334477,903584170,812334479,812334481,812334482,903584174,903584176,903584177,903584178,903584187,903584190,903584188,903584192,812334486,903584199,903584205,903584206,903584213,903584218,903584221)
 Cron execution ended at: 2022-09-07 02:50:01

***********************************************************

 Cron execution started at :2022-09-07 02:56:02 

 Total Count =>69

Total records SUCCESS: 1
(812334489) 
Total records FAIL: 0
() 
 Total records PENDING: 3
(812334474,903584173,903584179)
 Total records No Response: 65
(903584130,812334433,812334434,903584132,812334435,903584135,903584140,903584143,812334440,903584144,812334441,812334442,903584149,812334450,812334444,903584151,812334453,812334457,812334446,812334458,812334459,812334447,812334448,812334449,812334452,812334454,812334455,812334456,812334461,903584159,812334462,812334463,812334464,903584160,812334465,812334466,812334468,812334470,812334471,903584163,812334473,903584167,812334476,903584168,812334477,903584170,812334479,812334481,812334482,903584174,903584176,903584177,903584178,903584187,903584190,903584188,903584192,812334486,903584199,903584205,903584206,903584213,903584218,903584221,903584222)
 Cron execution ended at: 2022-09-07 02:56:36

***********************************************************

 Cron execution started at :2022-09-07 03:00:03 

 Total Count =>64

Total records SUCCESS: 1
(812334489) 
Total records FAIL: 0
() 
 Total records PENDING: 3
(812334474,903584173,903584179)
 Total records No Response: 60
(903584143,812334440,903584144,812334441,812334442,903584149,812334450,812334444,903584151,812334453,812334457,812334446,812334458,812334459,812334447,812334448,812334449,812334452,812334454,812334455,812334456,812334461,903584159,812334462,812334463,812334464,903584160,812334465,812334466,812334468,812334470,812334471,903584163,812334473,903584167,812334476,903584168,812334477,903584170,812334479,812334481,812334482,903584174,903584176,903584177,903584178,903584187,903584190,903584188,903584192,812334486,903584199,903584205,903584206,903584213,903584218,903584221,903584222,903584228,903584231)
 Cron execution ended at: 2022-09-07 03:00:38

***********************************************************

 Cron execution started at :2022-09-07 03:07:01 

 Total Count =>43

Total records SUCCESS: 1
(812334489) 
Total records FAIL: 0
() 
 Total records PENDING: 3
(812334474,903584173,903584179)
 Total records No Response: 39
(812334461,903584159,812334462,812334463,812334464,903584160,812334465,812334466,812334468,812334470,812334471,903584163,812334473,903584167,812334476,903584168,812334477,903584170,812334479,812334481,812334482,903584174,903584176,903584177,903584178,903584187,903584190,903584188,903584192,812334486,903584199,903584205,903584206,903584213,903584218,903584221,903584222,903584228,903584231)
 Cron execution ended at: 2022-09-07 03:07:34

***********************************************************

 Cron execution started at :2022-09-07 03:14:01 

 Total Count =>23

Total records SUCCESS: 1
(812334489) 
Total records FAIL: 0
() 
 Total records PENDING: 2
(903584173,903584179)
 Total records No Response: 20
(812334481,812334482,903584174,903584176,903584177,903584178,903584187,903584190,903584188,903584192,812334486,903584199,903584205,903584206,903584213,903584218,903584221,903584222,903584228,903584231)
 Cron execution ended at: 2022-09-07 03:14:23

***********************************************************

 Cron execution started at :2022-09-07 03:21:01 

 Total Count =>16

Total records SUCCESS: 1
(812334489) 
Total records FAIL: 0
() 
 Total records PENDING: 0
()
 Total records No Response: 15
(903584187,903584190,903584188,903584192,812334486,903584199,903584205,903584206,903584213,903584218,903584221,903584222,903584228,903584231,903584239)
 Cron execution ended at: 2022-09-07 03:21:05

***********************************************************

 Cron execution started at :2022-09-07 03:28:02 

 Total Count =>14

Total records SUCCESS: 1
(812334489) 
Total records FAIL: 0
() 
 Total records PENDING: 0
()
 Total records No Response: 13
(812334486,903584199,903584205,903584206,903584213,903584218,903584221,903584222,903584228,903584231,903584239,903584247,903584250)
 Cron execution ended at: 2022-09-07 03:28:04

***********************************************************

 Cron execution started at :2022-09-07 03:35:02 

 Total Count =>15

Total records SUCCESS: 1
(812334489) 
Total records FAIL: 0
() 
 Total records PENDING: 1
(903584255)
 Total records No Response: 13
(903584205,903584206,903584213,903584218,903584221,903584222,903584228,903584231,903584239,903584247,903584250,903584251,903584254)
 Cron execution ended at: 2022-09-07 03:35:13

***********************************************************

 Cron execution started at :2022-09-07 03:42:02 

 Total Count =>16

Total records SUCCESS: 1
(812334489) 
Total records FAIL: 0
() 
 Total records PENDING: 1
(903584255)
 Total records No Response: 14
(903584206,903584213,903584218,903584221,903584222,903584228,903584231,903584239,903584247,903584250,903584251,903584254,903584258,903584261)
 Cron execution ended at: 2022-09-07 03:42:13

***********************************************************

 Cron execution started at :2022-09-07 03:49:01 

 Total Count =>16

Total records SUCCESS: 1
(812334489) 
Total records FAIL: 0
() 
 Total records PENDING: 1
(903584255)
 Total records No Response: 14
(903584213,903584218,903584221,903584222,903584228,903584231,903584239,903584247,903584250,903584251,903584254,903584258,903584261,903584268)
 Cron execution ended at: 2022-09-07 03:49:16

***********************************************************

 Cron execution started at :2022-09-07 03:56:03 

 Total Count =>15

Total records SUCCESS: 1
(812334489) 
Total records FAIL: 0
() 
 Total records PENDING: 1
(903584255)
 Total records No Response: 13
(903584218,903584221,903584222,903584228,903584231,903584239,903584247,903584250,903584251,903584254,903584258,903584261,903584268)
 Cron execution ended at: 2022-09-07 03:56:15

***********************************************************

 Cron execution started at :2022-09-07 04:00:03 

 Total Count =>15

Total records SUCCESS: 0
() 
Total records FAIL: 0
() 
 Total records PENDING: 1
(903584255)
 Total records No Response: 14
(903584218,903584221,903584222,903584228,903584231,903584239,903584247,903584250,903584251,903584254,903584258,903584261,903584268,903584272)
 Cron execution ended at: 2022-09-07 04:00:15

***********************************************************

 Cron execution started at :2022-09-07 04:07:01 

 Total Count =>16

Total records SUCCESS: 0
() 
Total records FAIL: 0
() 
 Total records PENDING: 2
(903584255,903584275)
 Total records No Response: 14
(903584222,903584228,903584231,903584239,903584247,903584250,903584251,903584254,903584258,903584261,903584268,903584272,903584273,903584276)
 Cron execution ended at: 2022-09-07 04:07:23

***********************************************************

 Cron execution started at :2022-09-07 04:14:01 

 Total Count =>16

Total records SUCCESS: 0
() 
Total records FAIL: 0
() 
 Total records PENDING: 3
(903584255,903584275,903584279)
 Total records No Response: 13
(903584228,903584231,903584239,903584247,903584250,903584251,903584254,903584258,903584261,903584268,903584272,903584273,903584276)
 Cron execution ended at: 2022-09-07 04:14:32

***********************************************************

 Cron execution started at :2022-09-07 04:21:02 

 Total Count =>14

Total records SUCCESS: 0
() 
Total records FAIL: 0
() 
 Total records PENDING: 3
(903584255,903584275,903584279)
 Total records No Response: 11
(903584239,903584247,903584250,903584251,903584254,903584258,903584261,903584268,903584272,903584273,903584276)
 Cron execution ended at: 2022-09-07 04:21:32

***********************************************************

 Cron execution started at :2022-09-07 04:28:02 

 Total Count =>17

Total records SUCCESS: 0
() 
Total records FAIL: 0
() 
 Total records PENDING: 3
(903584255,903584275,903584279)
 Total records No Response: 14
(903584239,903584247,903584250,903584251,903584254,903584258,903584261,903584268,903584272,903584273,903584276,903584285,903584286,903584288)
 Cron execution ended at: 2022-09-07 04:28:33

***********************************************************

 Cron execution started at :2022-09-07 04:35:02 

 Total Count =>18

Total records SUCCESS: 0
() 
Total records FAIL: 0
() 
 Total records PENDING: 3
(903584255,903584275,903584279)
 Total records No Response: 15
(903584239,903584247,903584250,903584251,903584254,903584258,903584261,903584268,903584272,903584273,903584276,903584285,903584286,903584288,903584292)
 Cron execution ended at: 2022-09-07 04:35:29

***********************************************************

 Cron execution started at :2022-09-07 04:42:02 

 Total Count =>18

Total records SUCCESS: 0
() 
Total records FAIL: 0
() 
 Total records PENDING: 3
(903584255,903584275,903584279)
 Total records No Response: 15
(903584247,903584250,903584251,903584254,903584258,903584261,903584268,903584272,903584273,903584276,903584285,903584286,903584288,903584292,903584296)
 Cron execution ended at: 2022-09-07 04:42:32

***********************************************************

 Cron execution started at :2022-09-07 04:49:02 

 Total Count =>18

Total records SUCCESS: 0
() 
Total records FAIL: 0
() 
 Total records PENDING: 3
(903584255,903584275,903584279)
 Total records No Response: 15
(903584254,903584258,903584261,903584268,903584272,903584273,903584276,903584285,903584286,903584288,903584292,903584296,903584299,903584300,903584301)
 Cron execution ended at: 2022-09-07 04:49:35

***********************************************************

 Cron execution started at :2022-09-07 04:56:02 

 Total Count =>17

Total records SUCCESS: 0
() 
Total records FAIL: 0
() 
 Total records PENDING: 2
(903584275,903584279)
 Total records No Response: 15
(903584258,903584261,903584268,903584272,903584273,903584276,903584285,903584286,903584288,903584292,903584296,903584299,903584300,903584301,903584307)
 Cron execution ended at: 2022-09-07 04:56:23

***********************************************************

 Cron execution started at :2022-09-07 05:00:04 

 Total Count =>16

Total records SUCCESS: 0
() 
Total records FAIL: 0
() 
 Total records PENDING: 2
(903584275,903584279)
 Total records No Response: 14
(903584268,903584272,903584273,903584276,903584285,903584286,903584288,903584292,903584296,903584299,903584300,903584301,903584307,903584308)
 Cron execution ended at: 2022-09-07 05:00:24

***********************************************************

 Cron execution started at :2022-09-07 05:07:01 

 Total Count =>16

Total records SUCCESS: 0
() 
Total records FAIL: 0
() 
 Total records PENDING: 2
(903584275,903584279)
 Total records No Response: 14
(903584268,903584272,903584273,903584276,903584285,903584286,903584288,903584292,903584296,903584299,903584300,903584301,903584307,903584308)
 Cron execution ended at: 2022-09-07 05:07:22

***********************************************************

 Cron execution started at :2022-09-07 05:28:01 

 Total Count =>21

Total records SUCCESS: 0
() 
Total records FAIL: 0
() 
 Total records PENDING: 2
(903584279,903584336)
 Total records No Response: 18
(903584285,903584286,903584288,903584292,903584296,903584299,903584300,903584301,903584307,903584308,903584323,903584324,903584321,903584325,903584330,903584335,903584341,903584342)
 Cron execution ended at: 2022-09-07 05:28:33

***********************************************************

 Cron execution started at :2022-09-07 05:42:02 

 Total Count =>25

Total records SUCCESS: 0
() 
Total records FAIL: 0
() 
 Total records PENDING: 4
(903584336,903584352,903584353,903584356)
 Total records No Response: 21
(903584286,903584288,903584292,903584296,903584299,903584300,903584301,903584307,903584308,903584323,903584324,903584321,903584325,903584330,903584335,903584341,903584342,903584345,903584347,903584361,903584358)
 Cron execution ended at: 2022-09-07 05:42:39

***********************************************************

 Cron execution started at :2022-09-07 05:49:01 

 Total Count =>29

Total records SUCCESS: 1
(812334509) 
Total records FAIL: 0
() 
 Total records PENDING: 4
(903584336,903584352,903584353,903584356)
 Total records No Response: 23
(903584292,903584296,903584299,903584300,903584301,903584307,903584308,903584323,903584324,903584321,903584325,903584330,903584335,903584341,903584342,903584345,903584347,903584361,903584358,903584362,903584364,903584372,903584373)
 Cron execution ended at: 2022-09-07 05:49:52

***********************************************************

 Cron execution started at :2022-09-07 05:56:02 

 Total Count =>32

Total records SUCCESS: 1
(812334509) 
Total records FAIL: 0
() 
 Total records PENDING: 6
(903584336,903584352,903584353,903584356,903584382,903584390)
 Total records No Response: 25
(903584296,903584299,903584300,903584301,903584307,903584308,903584323,903584324,903584321,903584325,903584330,903584335,903584341,903584342,903584345,903584347,903584361,903584358,903584362,903584364,903584372,903584373,903584370,903584384,903584378)
 Cron execution ended at: 2022-09-07 05:56:57

***********************************************************

 Cron execution started at :2022-09-07 06:00:04 

 Total Count =>36

Total records SUCCESS: 1
(812334509) 
Total records FAIL: 0
() 
 Total records PENDING: 7
(903584336,903584352,903584353,903584356,903584382,903584390,903584393)
 Total records No Response: 26
(903584299,903584300,903584301,903584307,903584308,903584323,903584324,903584321,903584325,903584330,903584335,903584341,903584342,903584345,903584347,903584361,903584358,903584362,903584364,903584372,903584373,903584370,903584384,903584378,903584395,903584397)
 Cron execution ended at: 2022-09-07 06:01:26

***********************************************************

 Cron execution started at :2022-09-07 06:07:02 

 Total Count =>37

Total records SUCCESS: 1
(812334509) 
Total records FAIL: 0
() 
 Total records PENDING: 7
(903584336,903584352,903584353,903584356,903584382,903584390,903584393)
 Total records No Response: 29
(903584307,903584308,903584323,903584324,903584321,903584325,903584330,903584335,903584341,903584342,903584345,903584347,903584361,903584358,903584362,903584364,903584372,903584373,903584370,903584384,903584378,903584395,903584397,903584401,903584404,903584405,903584409,903584410,903584412)
 Cron execution ended at: 2022-09-07 06:08:11

***********************************************************

 Cron execution started at :2022-09-07 06:14:01 

 Total Count =>42

Total records SUCCESS: 2
(812334509,812334517) 
Total records FAIL: 1
(812334519) 
 Total records PENDING: 8
(903584336,903584352,903584353,903584356,903584382,903584390,903584393,903584425)
 Total records No Response: 31
(903584307,903584308,903584323,903584324,903584321,903584325,903584330,903584335,903584341,903584342,903584345,903584347,903584361,903584358,903584362,903584364,903584372,903584373,903584370,903584384,903584378,903584395,903584397,903584401,903584404,903584405,903584409,903584410,903584412,903584419,903584431)
 Cron execution ended at: 2022-09-07 06:15:22

***********************************************************

 Cron execution started at :2022-09-07 06:21:02 

 Total Count =>46

Total records SUCCESS: 2
(812334509,812334517) 
Total records FAIL: 0
() 
 Total records PENDING: 11
(903584336,903584352,903584353,903584356,903584382,903584390,903584393,903584425,903584443,903584444,903584452)
 Total records No Response: 32
(903584323,903584324,903584321,903584325,903584330,903584335,903584341,903584342,903584345,903584347,903584361,903584358,903584362,903584364,903584372,903584373,903584370,903584384,903584378,903584395,903584397,903584401,903584404,903584405,903584409,903584410,903584412,903584419,903584431,903584442,903584447,812334525)
 Cron execution ended at: 2022-09-07 06:23:07

***********************************************************

 Cron execution started at :2022-09-07 06:28:01 

 Total Count =>68

Total records SUCCESS: 4
(812334509,812334517,812334531,812334532) 
Total records FAIL: 3
(903584471,903584475,903584482) 
 Total records PENDING: 12
(903584336,903584352,903584353,903584356,903584382,903584390,903584393,903584425,903584443,903584444,903584452,903584483)
 Total records No Response: 45
(903584323,903584324,903584321,903584325,903584330,903584335,903584341,903584342,903584345,903584347,903584361,903584358,903584362,903584364,903584372,903584373,903584370,903584384,903584378,903584395,903584397,903584401,903584404,903584405,903584409,903584410,903584412,903584419,903584431,903584442,903584447,812334525,812334523,812334524,812334526,903584460,812334528,812334529,812334533,812334534,812334535,812334536,903584468,903584469,903584476)
 Cron execution ended at: 2022-09-07 06:31:05

***********************************************************

 Cron execution started at :2022-09-07 06:35:02 

 Total Count =>70

Total records SUCCESS: 4
(812334509,812334517,812334531,812334532) 
Total records FAIL: 0
() 
 Total records PENDING: 14
(903584336,903584352,903584353,903584356,903584382,903584390,903584393,903584425,903584443,903584444,903584452,903584483,903584486,903584491)
 Total records No Response: 50
(903584335,903584341,903584342,903584345,903584347,903584361,903584358,903584362,903584364,903584372,903584373,903584370,903584384,903584378,903584395,903584397,903584401,903584404,903584405,903584409,903584410,903584412,903584419,903584431,903584442,903584447,812334525,812334523,812334524,812334526,903584460,812334528,812334529,812334533,812334534,812334535,812334536,903584468,903584469,903584476,812334538,812334539,812334540,903584504,903584513,903584503,903584517,812334543,812334544,812334545)
 Cron execution ended at: 2022-09-07 06:37:43

***********************************************************

 Cron execution started at :2022-09-07 06:42:02 

 Total Count =>80

Total records SUCCESS: 4
(812334509,812334517,812334531,812334532) 
Total records FAIL: 0
() 
 Total records PENDING: 14
(903584336,903584352,903584353,903584356,903584382,903584390,903584393,903584425,903584443,903584444,903584452,903584483,903584486,903584491)
 Total records No Response: 61
(903584335,903584341,903584342,903584345,903584347,903584361,903584358,903584362,903584364,903584372,903584373,903584370,903584384,903584378,903584395,903584397,903584401,903584404,903584405,903584409,903584410,903584412,903584419,903584431,903584442,903584447,812334525,812334523,812334524,812334526,903584460,812334528,812334529,812334533,812334534,812334535,812334536,903584468,903584469,903584476,812334538,812334539,812334540,903584504,903584513,903584503,903584517,812334543,812334544,812334545,812334548,812334549,812334550,903584526,903584527,903584529,903584533,903584538,903584539,812334551,903584542)
 Cron execution ended at: 2022-09-07 06:44:49

***********************************************************

 Cron execution started at :2022-09-07 06:49:02 

 Total Count =>91

Total records SUCCESS: 4
(812334509,812334517,812334531,812334532) 
Total records FAIL: 2
(903584568,903584571) 
 Total records PENDING: 14
(903584352,903584353,903584356,903584382,903584390,903584393,903584425,903584443,903584444,903584452,903584483,903584486,903584491,903584546)
 Total records No Response: 69
(903584347,903584361,903584358,903584362,903584364,903584372,903584373,903584370,903584384,903584378,903584395,903584397,903584401,903584404,903584405,903584409,903584410,903584412,903584419,903584431,903584442,903584447,812334525,812334523,812334524,812334526,903584460,812334528,812334529,812334533,812334534,812334535,812334536,903584468,903584469,903584476,812334538,812334539,812334540,903584504,903584513,903584503,903584517,812334543,812334544,812334545,812334548,812334549,812334550,903584526,903584527,903584529,903584533,903584538,903584539,812334551,903584542,903584544,903584547,903584555,812334554,812334556,812334557,903584560,903584545,903584551,903584549,903584569,903584577)
 Cron execution ended at: 2022-09-07 06:52:06

***********************************************************

 Cron execution started at :2022-09-07 06:56:02 

 Total Count =>104

Total records SUCCESS: 4
(812334509,812334517,812334531,812334532) 
Total records FAIL: 1
(903584627) 
 Total records PENDING: 15
(903584353,903584356,903584382,903584390,903584393,903584425,903584443,903584444,903584452,903584483,903584486,903584491,903584546,903584581,903584622)
 Total records No Response: 83
(903584361,903584358,903584362,903584364,903584372,903584373,903584370,903584384,903584378,903584395,903584397,903584401,903584404,903584405,903584409,903584410,903584412,903584419,903584431,903584442,903584447,812334525,812334523,812334524,812334526,903584460,812334528,812334529,812334533,812334534,812334535,812334536,903584468,903584469,903584476,812334538,812334539,812334540,903584504,903584513,903584503,903584517,812334543,812334544,812334545,812334548,812334549,812334550,903584526,903584527,903584529,903584533,903584538,903584539,812334551,903584542,903584544,903584547,903584555,812334554,812334556,812334557,903584560,903584545,903584551,903584549,903584569,903584577,903584580,903584575,903584567,812334567,812334563,812334568,903584596,903584601,903584603,903584604,903584609,903584589,903584611,903584594,903584614)
 Cron execution ended at: 2022-09-07 06:59:16

***********************************************************

 Cron execution started at :2022-09-07 07:07:01 

 Total Count =>132

Total records SUCCESS: 4
(812334517,812334531,812334532,812334579) 
Total records FAIL: 0
() 
 Total records PENDING: 17
(903584382,903584390,903584393,903584425,903584443,903584444,903584452,903584483,903584486,903584491,903584546,903584581,903584622,903584679,903584682,903584710,903584715)
 Total records No Response: 103
(903584372,903584373,903584370,903584384,903584378,903584395,903584397,903584401,903584404,903584405,903584409,903584410,903584412,903584419,903584431,903584442,903584447,812334525,812334523,812334524,812334526,903584460,812334528,812334529,812334533,812334534,812334535,812334536,903584468,903584469,903584476,812334538,812334539,812334540,903584504,903584513,903584503,903584517,812334543,812334544,812334545,812334548,812334549,812334550,903584526,903584527,903584529,903584533,903584538,903584539,812334551,903584542,903584544,903584547,903584555,812334554,812334556,812334557,903584560,903584545,903584551,903584549,903584569,903584577,903584580,903584575,903584567,812334567,812334563,812334568,903584596,903584601,903584603,903584604,903584609,903584589,903584611,903584594,903584614,903584631,903584641,903584645,903584648,812334575,903584651,903584653,903584662,903584664,903584666,903584667,903584669,903584693,903584673,903584703,903584708,903584707,812334583,812334584,903584692,812334586,903584720,903584726,903584728)
 Cron execution ended at: 2022-09-07 07:11:46

***********************************************************

 Cron execution started at :2022-09-07 07:21:01 

 Total Count =>163

Total records SUCCESS: 4
(812334517,812334531,812334532,812334579) 
Total records FAIL: 0
() 
 Total records PENDING: 18
(903584425,903584443,903584444,903584452,903584483,903584486,903584491,903584546,903584581,903584622,903584679,903584682,903584710,903584715,812334591,903584803,903584825,903584841)
 Total records No Response: 133
(903584404,903584405,903584409,903584410,903584412,903584419,903584431,903584442,903584447,812334525,812334523,812334524,812334526,903584460,812334528,812334529,812334533,812334534,812334535,812334536,903584468,903584469,903584476,812334538,812334539,812334540,903584504,903584513,903584503,903584517,812334543,812334544,812334545,812334548,812334549,812334550,903584526,903584527,903584529,903584533,903584538,903584539,812334551,903584542,903584544,903584547,903584555,812334554,812334556,812334557,903584560,903584545,903584551,903584549,903584569,903584577,903584580,903584575,903584567,812334567,812334563,812334568,903584596,903584601,903584603,903584604,903584609,903584589,903584611,903584594,903584614,903584631,903584641,903584645,903584648,812334575,903584651,903584653,903584662,903584664,903584666,903584667,903584669,903584693,903584673,903584703,903584708,903584707,812334583,812334584,903584692,812334586,903584720,903584726,903584728,903584731,903584733,903584738,903584743,903584748,903584750,903584753,903584754,903584730,903584763,903584767,903584775,812334590,903584752,903584761,903584785,903584786,903584790,812334600,903584793,903584773,903584798,903584800,903584805,903584808,903584812,903584816,903584817,903584818,903584824,903584835,903584842,903584814,903584855,903584830,903584860,903584862,903584829)
 Cron execution ended at: 2022-09-07 07:25:44

***********************************************************

 Cron execution started at :2022-09-07 07:28:02 

 Total Count =>187

Total records SUCCESS: 4
(812334517,812334531,812334532,812334579) 
Total records FAIL: 1
(903584913) 
 Total records PENDING: 20
(903584425,903584443,903584444,903584452,903584483,903584486,903584491,903584546,903584581,903584622,903584679,903584682,903584710,903584715,812334591,903584803,903584825,903584841,903584894,903584914)
 Total records No Response: 145
(903584419,903584431,903584442,903584447,812334525,812334523,812334524,812334526,903584460,812334528,812334529,812334533,812334534,812334535,812334536,903584468,903584469,903584476,812334538,812334539,812334540,903584504,903584513,903584503,903584517,812334543,812334544,812334545,812334548,812334549,812334550,903584526,903584527,903584529,903584533,903584538,903584539,812334551,903584542,903584544,903584547,903584555,812334554,812334556,812334557,903584560,903584545,903584551,903584549,903584569,903584577,903584580,903584575,903584567,812334567,812334563,812334568,903584596,903584601,903584603,903584604,903584609,903584589,903584611,903584594,903584614,903584631,903584641,903584645,903584648,812334575,903584651,903584653,903584662,903584664,903584666,903584667,903584669,903584693,903584673,903584703,903584708,903584707,812334583,812334584,903584692,812334586,903584720,903584726,903584728,903584731,903584733,903584738,903584743,903584748,903584750,903584753,903584754,903584730,903584763,903584767,903584775,812334590,903584752,903584761,903584785,903584786,903584790,812334600,903584793,903584773,903584798,903584800,903584805,903584808,903584812,903584816,903584817,903584818,903584824,903584835,903584842,903584814,903584855,903584830,903584860,903584862,903584829,903584851,903584877,903584843,812334607,812334608,903584897,903584904,903584909,903584879,903584896,903584922,903584927,903584930,903584932,903584935,903584941,903584939)
 Cron execution ended at: 2022-09-07 07:34:16

***********************************************************

 Cron execution started at :2022-09-07 07:35:02 

 Total Count =>193

Total records SUCCESS: 3
(812334531,812334532,812334579) 
Total records FAIL: 3
(903584974,903584988,903584994) 
 Total records PENDING: 19
(903584443,903584444,903584452,903584483,903584486,903584491,903584546,903584581,903584622,903584679,903584682,903584710,903584715,812334591,903584803,903584825,903584841,903584894,903584914)
 Total records No Response: 158
(903584442,903584447,812334525,812334523,812334524,812334526,903584460,812334528,812334529,812334533,812334534,812334535,812334536,903584468,903584469,903584476,812334538,812334539,812334540,903584504,903584513,903584503,903584517,812334543,812334544,812334545,812334548,812334549,812334550,903584526,903584527,903584529,903584533,903584538,903584539,812334551,903584542,903584544,903584547,903584555,812334554,812334556,812334557,903584560,903584545,903584551,903584549,903584569,903584577,903584580,903584575,903584567,812334567,812334563,812334568,903584596,903584601,903584603,903584604,903584609,903584589,903584611,903584594,903584614,903584631,903584641,903584645,903584648,812334575,903584651,903584653,903584662,903584664,903584666,903584667,903584669,903584693,903584673,903584703,903584708,903584707,812334583,812334584,903584692,812334586,903584720,903584726,903584728,903584731,903584733,903584738,903584743,903584748,903584750,903584753,903584754,903584730,903584763,903584767,903584775,812334590,903584752,903584761,903584785,903584786,903584790,812334600,903584793,903584773,903584798,903584800,903584805,903584808,903584812,903584816,903584817,903584818,903584824,903584835,903584842,903584814,903584855,903584830,903584860,903584862,903584829,903584851,903584877,903584843,812334607,812334608,903584897,903584904,903584909,903584879,903584896,903584922,903584927,903584930,903584932,903584935,903584941,903584939,903584918,903584948,903584951,903584937,903584945,903584973,903584976,903584978,903584981,903584990,903584998,903584999,903585005,903585010,903585011)
 Cron execution ended at: 2022-09-07 07:41:14

***********************************************************

 Cron execution started at :2022-09-07 08:42:03 

 Total Count =>349

Total records SUCCESS: 1
(903585971) 
Total records FAIL: 15
(903585794,903585797,903585867,903585876,903585880,812334794,903585892,903585907,903585909,812334802,903585960,903585967,903585991,903586001,903585964) 
 Total records PENDING: 54
(903584894,903584914,903585030,903585047,903585064,903585058,903585089,812334654,903585152,903585172,903585180,903585185,903585216,903585255,903585285,903585298,903585303,903585368,903585370,903585383,903585401,903585381,903585382,812334709,812334724,903585473,903585489,903585576,903585582,903585590,903585551,903585586,903585617,903585616,903585620,903585608,903585650,903585652,903585624,903585709,903585730,903585770,903585771,903585781,903585785,903585816,903585827,903585868,903585813,903585882,903585919,903585935,903585950,903585980)
 Total records No Response: 235
(812334607,812334608,903584897,903584904,903584909,903584879,903584896,903584922,903584927,903584930,903584932,903584935,903584941,903584939,903584918,903584948,903584951,903584937,903584945,903584973,903584976,903584978,903584981,903584990,903584998,903584999,903585005,903585010,903585011,903585017,903585019,903585020,903585033,903585036,903585037,903585038,903585007,903585067,903585042,903585079,903585082,903585083,812334639,903585085,812334646,903585086,903585090,903585096,903585099,903585101,903585105,903585106,903585110,812334652,903585111,903585112,903585119,903585120,903585122,903585123,903585138,903585143,812334655,903585151,903585156,903585158,903585168,903585176,903585178,903585147,903585182,903585189,903585146,903585196,903585202,903585208,903585218,903585219,903585227,903585232,903585238,903585240,903585242,903585247,903585248,903585249,903585230,903585266,903585271,903585279,903585281,903585287,903585294,903585316,903585327,812334696,903585329,903585330,903585332,812334697,812334698,903585343,903585356,903585358,903585301,903585371,903585376,812334703,903585380,903585391,903585341,903585395,903585398,903585402,903585406,903585415,903585379,903585432,903585433,903585437,903585443,903585416,903585449,903585454,903585458,903585474,812334711,812334720,812334714,812334715,812334718,903585486,812334734,903585500,903585513,812334729,903585517,812334740,903585527,903585494,903585536,903585499,903585543,903585548,903585549,903585557,903585563,903585566,903585570,903585578,903585596,903585555,903585550,812334755,903585621,903585623,903585634,903585638,903585639,903585642,903585648,903585653,903585627,903585678,903585665,903585695,903585698,903585704,812334772,903585679,903585716,903585721,903585722,903585735,903585737,903585738,903585744,903585696,903585702,903585703,903585752,903585753,903585763,903585775,903585777,903585796,812334781,903585810,903585811,903585806,903585812,903585757,903585833,903585834,812334786,903585838,903585850,812334789,903585860,903585802,903585864,903585866,903585818,812334791,903585873,903585874,903585879,903585890,903585896,903585913,903585916,903585918,903585924,903585926,903585930,903585936,903585941,903585943,903585951,903585953,903585955,903585957,903585966,903585965,812334808,903585972,903585975,903585985,903585938,903585990,903585994,903586007,903586009,903586012,903586014)
 Cron execution ended at: 2022-09-07 08:59:28

***********************************************************

 Cron execution started at :2022-09-07 09:00:05 

 Total Count =>382

Total records SUCCESS: 1
(812334857) 
Total records FAIL: 15
(812334824,903586034,903586065,903586072,903586060,903586116,903586124,903586107,903586161,903586192,903586235,903586247,903586252,903586286,903586300) 
 Total records PENDING: 61
(903585089,812334654,903585152,903585172,903585180,903585185,903585216,903585255,903585285,903585298,903585303,903585368,903585370,903585383,903585401,903585381,903585382,812334709,812334724,903585473,903585489,903585576,903585582,903585590,903585551,903585586,903585617,903585616,903585620,903585608,903585650,903585652,903585624,903585709,903585730,903585770,903585771,903585781,903585785,903585816,903585827,903585868,903585813,903585882,903585919,903585935,903585950,903585980,903586055,903586076,903586082,903586090,903586066,812334832,903586153,903586193,903586210,903586214,903586249,903586253,903586282)
 Total records No Response: 238
(903585042,903585079,903585082,903585083,812334639,903585085,812334646,903585086,903585090,903585096,903585099,903585101,903585105,903585106,903585110,812334652,903585111,903585112,903585119,903585120,903585122,903585123,903585138,903585143,812334655,903585151,903585156,903585158,903585168,903585176,903585178,903585147,903585182,903585189,903585146,903585196,903585202,903585208,903585218,903585219,903585227,903585232,903585238,903585240,903585242,903585247,903585248,903585249,903585230,903585266,903585271,903585279,903585281,903585287,903585294,903585316,903585327,812334696,903585329,903585330,903585332,812334697,812334698,903585343,903585356,903585358,903585301,903585371,903585376,812334703,903585380,903585391,903585341,903585395,903585398,903585402,903585406,903585415,903585379,903585432,903585433,903585437,903585443,903585416,903585449,903585454,903585458,903585474,812334711,812334720,812334714,812334715,812334718,903585486,812334734,903585500,903585513,812334729,903585517,812334740,903585527,903585494,903585536,903585499,903585543,903585548,903585549,903585557,903585563,903585566,903585570,903585578,903585596,903585555,903585550,812334755,903585621,903585623,903585634,903585638,903585639,903585642,903585648,903585653,903585627,903585678,903585665,903585695,903585698,903585704,812334772,903585679,903585716,903585721,903585722,903585735,903585737,903585738,903585744,903585696,903585702,903585703,903585752,903585753,903585763,903585775,903585777,903585796,812334781,903585810,903585811,903585806,903585812,903585757,903585833,903585834,812334786,903585838,903585850,812334789,903585860,903585802,903585864,903585866,903585818,812334791,903585873,903585874,903585879,903585890,903585896,903585913,903585916,903585918,903585924,903585926,903585930,903585936,903585941,903585943,903585951,903585953,903585955,903585957,903585966,903585965,812334808,903585972,903585975,903585985,903585938,903585990,903585994,903586007,903586009,903586012,903586014,812334822,903586027,903586033,812334828,903586046,903586071,903586089,903586100,903586099,903586103,903586106,903586114,903586117,903586121,812334835,903586142,903586172,903586188,903586186,903586187,903586190,903586194,903586199,903586202,903586208,903586212,903586222,903586224,903586236,903586239,903586241,812334856,903586256,903586269,903586275,812334867,903586288,903586293,903586295,903586298,903586303)
 Cron execution ended at: 2022-09-07 09:21:30

***********************************************************

 Cron execution started at :2022-09-07 09:28:01 

 Total Count =>346

Total records SUCCESS: 2
(812334857,812334878) 
Total records FAIL: 12
(903586461,903586424,903586475,812334901,903586542,903586548,903586549,903586563,903586565,903586589,903586622,903586643) 
 Total records PENDING: 59
(903585489,903585576,903585582,903585590,903585551,903585586,903585617,903585616,903585620,903585608,903585650,903585652,903585624,903585709,903585730,903585770,903585771,903585781,903585785,903585816,903585827,903585868,903585813,903585882,903585919,903585935,903585950,903585980,903586055,903586076,903586082,903586090,903586066,812334832,903586153,903586193,903586210,903586214,903586249,903586253,903586282,903586341,903586319,903586404,903586406,903586411,903586409,903586496,903586500,903586502,812334904,903586503,903586535,903586574,903586583,903586586,903586593,903586620,903586663)
 Total records No Response: 219
(812334734,903585500,903585513,812334729,903585517,812334740,903585527,903585494,903585536,903585499,903585543,903585548,903585549,903585557,903585563,903585566,903585570,903585578,903585596,903585555,903585550,812334755,903585621,903585623,903585634,903585638,903585639,903585642,903585648,903585653,903585627,903585678,903585665,903585695,903585698,903585704,812334772,903585679,903585716,903585721,903585722,903585735,903585737,903585738,903585744,903585696,903585702,903585703,903585752,903585753,903585763,903585775,903585777,903585796,812334781,903585810,903585811,903585806,903585812,903585757,903585833,903585834,812334786,903585838,903585850,812334789,903585860,903585802,903585864,903585866,903585818,812334791,903585873,903585874,903585879,903585890,903585896,903585913,903585916,903585918,903585924,903585926,903585930,903585936,903585941,903585943,903585951,903585953,903585955,903585957,903585966,903585965,812334808,903585972,903585975,903585985,903585938,903585990,903585994,903586007,903586009,903586012,903586014,812334822,903586027,903586033,812334828,903586046,903586071,903586089,903586100,903586099,903586103,903586106,903586114,903586117,903586121,812334835,903586142,903586172,903586188,903586186,903586187,903586190,903586194,903586199,903586202,903586208,903586212,903586222,903586224,903586236,903586239,903586241,812334856,903586256,903586269,903586275,812334867,903586288,903586293,903586295,903586298,903586303,903586314,903586323,903586331,903586338,903586343,903586307,903586321,903586367,903586370,812334881,903586391,903586393,903586394,903586355,903586398,903586408,903586374,903586380,903586423,903586425,903586431,903586441,903586407,903586443,903586445,812334892,903586456,812334894,903586472,903586473,903586474,812334896,812334897,903586477,812334898,903586478,903586485,812334899,903586494,812334903,903586510,903586482,903586517,903586486,903586516,812334907,812334908,903586521,903586523,903586527,903586529,903586534,903586544,903586520,903586555,812334919,903586558,903586578,903586585,903586552,903586556,903586595,903586561,903586605,903586626,903586633,903586636,903586640,903586641,903586656,903586660,903586664,903586666,903586670,903586668)
 Cron execution ended at: 2022-09-07 09:46:52

***********************************************************

 Cron execution started at :2022-09-07 10:14:02 

 Total Count =>275

Total records SUCCESS: 1
(812334878) 
Total records FAIL: 4
(903587103,903587105,903587115,903587120) 
 Total records PENDING: 51
(903586249,903586253,903586282,903586341,903586319,903586404,903586406,903586411,903586409,903586496,903586500,903586502,812334904,903586503,903586535,903586574,903586583,903586586,903586593,903586620,903586663,812334931,903586697,903586698,812334941,903586718,903586682,903586691,903586759,903586781,903586817,903586856,903586866,812334979,903586918,903586950,903586952,903586953,812334995,903586987,903586994,903587052,903587060,903587063,903587057,903587089,812335018,812335019,903587114,812335026,812335027)
 Total records No Response: 205
(903586222,903586224,903586236,903586239,903586241,812334856,903586256,903586269,903586275,812334867,903586288,903586293,903586295,903586298,903586303,903586314,903586323,903586331,903586338,903586343,903586307,903586321,903586367,903586370,812334881,903586391,903586393,903586394,903586355,903586398,903586408,903586374,903586380,903586423,903586425,903586431,903586441,903586407,903586443,903586445,812334892,903586456,812334894,903586472,903586473,903586474,812334896,812334897,903586477,812334898,903586478,903586485,812334899,903586494,812334903,903586510,903586482,903586517,903586486,903586516,812334907,812334908,903586521,903586523,903586527,903586529,903586534,903586544,903586520,903586555,812334919,903586558,903586578,903586585,903586552,903586556,903586595,903586561,903586605,903586626,903586633,903586636,903586640,903586641,903586656,903586660,903586664,903586666,903586670,903586668,903586669,903586672,903586679,903586680,903586681,903586686,903586694,903586709,903586714,903586717,903586721,903586699,903586735,903586711,812334946,903586764,903586766,903586772,903586749,812334952,903586778,903586780,903586782,903586785,903586787,812334954,903586801,903586803,903586779,903586805,812334956,812334957,903586807,812334958,903586811,812334959,812334960,812334961,812334962,903586814,812334963,903586823,903586826,903586794,903586831,903586809,903586836,903586837,903586840,812334969,903586845,903586853,903586858,903586872,903586873,903586874,812334971,903586880,903586868,903586899,812334982,903586901,903586889,903586908,903586936,903586939,812334986,903586940,903586946,903586947,903586949,903586923,812334990,903586956,812334993,903586958,903586959,903586960,812334994,903586938,903586962,903586963,903586964,903586970,903586971,903586978,903586990,903586973,903586999,903587002,903587007,903587014,903587015,903587017,903587022,903587032,903587036,903587039,903587040,903587013,903587062,903587068,903587069,903587070,903587074,903587080,903587081,812335016,903587065,903587099,903587100,812335022,903587117,903587121,812335025)
 Cron execution ended at: 2022-09-07 10:24:11

***********************************************************

 Cron execution started at :2022-09-07 10:35:02 

 Total Count =>292

Total records SUCCESS: 0
() 
Total records FAIL: 2
(903587348,903587399) 
 Total records PENDING: 53
(903586535,903586574,903586583,903586586,903586593,903586620,903586663,812334931,903586697,903586698,812334941,903586718,903586682,903586691,903586759,903586781,903586817,903586856,903586866,812334979,903586918,903586950,903586952,903586953,812334995,903586987,903586994,903587052,903587060,903587063,903587057,903587089,812335018,812335019,903587114,812335026,812335027,903587125,903587110,812335029,903587158,903587180,903587217,903587256,903587283,903587295,812335048,903587328,812335051,812335053,903587374,903587389,903587386)
 Total records No Response: 218
(903586517,903586486,903586516,812334907,812334908,903586521,903586523,903586527,903586529,903586534,903586544,903586520,903586555,812334919,903586558,903586578,903586585,903586552,903586556,903586595,903586561,903586605,903586626,903586633,903586636,903586640,903586641,903586656,903586660,903586664,903586666,903586670,903586668,903586669,903586672,903586679,903586680,903586681,903586686,903586694,903586709,903586714,903586717,903586721,903586699,903586735,903586711,812334946,903586764,903586766,903586772,903586749,812334952,903586778,903586780,903586782,903586785,903586787,812334954,903586801,903586803,903586779,903586805,812334956,812334957,903586807,812334958,903586811,812334959,812334960,812334961,812334962,903586814,812334963,903586823,903586826,903586794,903586831,903586809,903586836,903586837,903586840,812334969,903586845,903586853,903586858,903586872,903586873,903586874,812334971,903586880,903586868,903586899,812334982,903586901,903586889,903586908,903586936,903586939,812334986,903586940,903586946,903586947,903586949,903586923,812334990,903586956,812334993,903586958,903586959,903586960,812334994,903586938,903586962,903586963,903586964,903586970,903586971,903586978,903586990,903586973,903586999,903587002,903587007,903587014,903587015,903587017,903587022,903587032,903587036,903587039,903587040,903587013,903587062,903587068,903587069,903587070,903587074,903587080,903587081,812335016,903587065,903587099,903587100,812335022,903587117,903587121,812335025,903587129,903587130,903587133,903587134,903587141,903587107,903587151,903587154,903587159,903587195,903587203,903587205,903587209,903587172,903587214,812335035,903587226,903587227,812335037,903587236,903587237,903587238,812335038,812335040,903587242,812335041,812335042,903587243,903587249,903587253,903587265,903587272,903587280,903587285,903587286,903587244,903587293,903587245,812335047,903587260,903587302,903587307,903587310,903587271,903587316,903587322,903587329,903587326,812335050,903587287,903587311,903587319,903587351,903587317,903587355,903587379,903587337,812335055,903587347,812335057,903587388,812335059,903587391,903587393,812335061,812335062,903587402,812335063,903587375,903587411)
 Cron execution ended at: 2022-09-07 10:45:27

***********************************************************

 Cron execution started at :2022-09-07 10:49:01 

 Total Count =>340

Total records SUCCESS: 23
(812335079,903587577,903587583,903587586,903587587,903587541,903587588,903587533,903587591,903587597,903587599,903587549,903587603,903587607,903587613,903587616,903587617,903587618,903587622,903587592,903587631,903587633,903587635) 
Total records FAIL: 8
(903587507,903587527,903587544,903587551,903587600,903587560,903587632,903587637) 
 Total records PENDING: 62
(903586697,903586698,812334941,903586718,903586682,903586691,903586759,903586781,903586817,903586856,903586866,812334979,903586918,903586950,903586952,903586953,812334995,903586987,903586994,903587052,903587060,903587063,903587057,903587089,812335018,812335019,903587114,812335026,812335027,903587125,903587110,812335029,903587158,903587180,903587217,903587256,903587283,903587295,812335048,903587328,812335051,812335053,903587374,903587389,903587386,903587427,812335068,812335071,812335072,903587504,903587545,903587550,903587563,812335090,903587579,903587547,903587593,903587596,903587604,903587628,903587630,903587641)
 Total records No Response: 226
(903586680,903586681,903586686,903586694,903586709,903586714,903586717,903586721,903586699,903586735,903586711,812334946,903586764,903586766,903586772,903586749,812334952,903586778,903586780,903586782,903586785,903586787,812334954,903586801,903586803,903586779,903586805,812334956,812334957,903586807,812334958,903586811,812334959,812334960,812334961,812334962,903586814,812334963,903586823,903586826,903586794,903586831,903586809,903586836,903586837,903586840,812334969,903586845,903586853,903586858,903586872,903586873,903586874,812334971,903586880,903586868,903586899,812334982,903586901,903586889,903586908,903586936,903586939,812334986,903586940,903586946,903586947,903586949,903586923,812334990,903586956,812334993,903586958,903586959,903586960,812334994,903586938,903586962,903586963,903586964,903586970,903586971,903586978,903586990,903586973,903586999,903587002,903587007,903587014,903587015,903587017,903587022,903587032,903587036,903587039,903587040,903587013,903587062,903587068,903587069,903587070,903587074,903587080,903587081,812335016,903587065,903587099,903587100,812335022,903587117,903587121,812335025,903587129,903587130,903587133,903587134,903587141,903587107,903587151,903587154,903587159,903587195,903587203,903587205,903587209,903587172,903587214,812335035,903587226,903587227,812335037,903587236,903587237,903587238,812335038,812335040,903587242,812335041,812335042,903587243,903587249,903587253,903587265,903587272,903587280,903587285,903587286,903587244,903587293,903587245,812335047,903587260,903587302,903587307,903587310,903587271,903587316,903587322,903587329,903587326,812335050,903587287,903587311,903587319,903587351,903587317,903587355,903587379,903587337,812335055,903587347,812335057,903587388,812335059,903587391,903587393,812335061,812335062,903587402,812335063,903587375,903587411,812335066,903587426,903587435,903587438,903587439,903587404,812335069,903587450,903587454,903587457,903587423,903587475,903587477,812335075,812335081,903587495,903587496,903587502,903587468,903587510,903587514,812335084,903587519,903587543,812335088,903587559,903587561,903587562,903587575,903587580,903587585,903587589,903587595,903587594,903587601,812335095,903587615,903587621,903587623,903587573,903587626,903587636,903587639,903587643)
 Cron execution ended at: 2022-09-07 11:06:34

***********************************************************

 Cron execution started at :2022-09-07 11:42:02 

 Total Count =>277

Total records SUCCESS: 3
(812335079,903587597,812335155) 
Total records FAIL: 0
() 
 Total records PENDING: 61
(903587256,903587283,903587295,812335048,903587328,812335051,812335053,903587374,903587389,903587386,903587427,812335068,812335071,812335072,903587504,903587545,903587550,903587563,812335090,903587579,903587547,903587593,903587596,903587604,903587628,903587630,903587641,903587645,903587648,903587652,903587658,903587661,903587666,903587673,903587717,903587730,903587736,903587734,903587796,903587779,812335137,903587867,903587870,903587890,903587908,903587916,903587930,812335148,903587954,903587960,903587959,903587920,903587988,903588008,812335175,903588062,903588096,903588098,903588109,903588113,812335192)
 Total records No Response: 213
(903587236,903587237,903587238,812335038,812335040,903587242,812335041,812335042,903587243,903587249,903587253,903587265,903587272,903587280,903587285,903587286,903587244,903587293,903587245,812335047,903587260,903587302,903587307,903587310,903587271,903587316,903587322,903587329,903587326,812335050,903587287,903587311,903587319,903587351,903587317,903587355,903587379,903587337,812335055,903587347,812335057,903587388,812335059,903587391,903587393,812335061,812335062,903587402,812335063,903587375,903587411,812335066,903587426,903587435,903587438,903587439,903587404,812335069,903587450,903587454,903587457,903587423,903587475,903587477,812335075,812335081,903587495,903587496,903587502,903587468,903587510,903587514,812335084,903587519,903587543,812335088,903587559,903587561,903587562,903587575,903587580,903587585,903587589,903587595,903587594,903587601,812335095,903587615,903587621,903587623,903587573,903587626,903587636,903587639,903587643,903587649,812335102,903587656,903587657,903587659,903587662,903587625,903587638,903587679,812335108,903587693,903587712,903587715,903587720,903587721,903587671,903587726,812335115,903587735,812335117,903587738,812335119,903587750,812335122,903587752,812335123,903587755,812335124,812335125,903587763,903587768,903587776,812335127,903587725,903587741,812335129,812335130,903587792,903587739,903587794,812335132,903587803,903587810,903587811,903587813,903587817,903587822,903587828,903587850,903587853,903587861,903587865,903587868,903587869,903587876,903587877,903587839,903587884,812335139,903587895,903587896,812335142,903587911,903587912,903587882,903587915,903587922,903587878,903587929,903587943,903587944,903587956,903587958,903587910,812335150,812335159,903587928,903587973,812335163,903587975,903587979,812335153,903587989,903587991,903588006,903588012,903587971,903588014,903588016,903588018,903588023,812335169,903588030,903587981,812335171,903588038,903588041,903588046,903588017,903588053,903588033,903588060,903588065,903588067,903588068,903588070,903588073,903588081,903588085,903588086,812335188,812335178,903588099,903588103,903588111,903588110,903588116,903588119)
 Cron execution ended at: 2022-09-07 11:52:11

***********************************************************

 Cron execution started at :2022-09-07 11:56:01 

 Total Count =>211

Total records SUCCESS: 3
(812335079,903587597,812335155) 
Total records FAIL: 0
() 
 Total records PENDING: 49
(812335071,812335072,903587504,903587545,903587550,903587563,812335090,903587579,903587547,903587593,903587596,903587604,903587628,903587630,903587641,903587645,903587648,903587652,903587658,903587661,903587666,903587673,903587717,903587730,903587736,903587734,903587796,903587779,812335137,903587867,903587870,903587890,903587908,903587916,903587930,812335148,903587954,903587960,903587959,903587920,903587988,903588008,812335175,903588062,903588096,903588098,903588109,903588113,812335192)
 Total records No Response: 159
(903587438,903587439,903587404,812335069,903587450,903587454,903587457,903587423,903587475,903587477,812335075,812335081,903587495,903587496,903587502,903587468,903587510,903587514,812335084,903587519,903587543,812335088,903587559,903587561,903587562,903587575,903587580,903587585,903587589,903587595,903587594,903587601,812335095,903587615,903587621,903587623,903587573,903587626,903587636,903587639,903587643,903587649,812335102,903587656,903587657,903587659,903587662,903587625,903587638,903587679,812335108,903587693,903587712,903587715,903587720,903587721,903587671,903587726,812335115,903587735,812335117,903587738,812335119,903587750,812335122,903587752,812335123,903587755,812335124,812335125,903587763,903587768,903587776,812335127,903587725,903587741,812335129,812335130,903587792,903587739,903587794,812335132,903587803,903587810,903587811,903587813,903587817,903587822,903587828,903587850,903587853,903587861,903587865,903587868,903587869,903587876,903587877,903587839,903587884,812335139,903587895,903587896,812335142,903587911,903587912,903587882,903587915,903587922,903587878,903587929,903587943,903587944,903587956,903587958,903587910,812335150,812335159,903587928,903587973,812335163,903587975,903587979,812335153,903587989,903587991,903588006,903588012,903587971,903588014,903588016,903588018,903588023,812335169,903588030,903587981,812335171,903588038,903588041,903588046,903588017,903588053,903588033,903588060,903588065,903588067,903588068,903588070,903588073,903588081,903588085,903588086,812335188,812335178,903588099,903588103,903588111,903588110,903588116,903588119)
 Cron execution ended at: 2022-09-07 12:04:21

***********************************************************

 Cron execution started at :2022-09-07 12:28:01 

 Total Count =>59

Total records SUCCESS: 0
() 
Total records FAIL: 0
() 
 Total records PENDING: 12
(903587960,903587959,903587920,903587988,903588008,812335175,903588062,903588096,903588098,903588109,903588113,812335192)
 Total records No Response: 47
(903587956,903587958,903587910,812335150,812335159,903587928,903587973,812335163,903587975,903587979,812335153,903587989,903587991,903588006,903588012,903587971,903588014,903588016,903588018,903588023,812335169,903588030,903587981,812335171,903588038,903588041,903588046,903588017,903588053,903588033,903588060,903588065,903588067,903588068,903588070,903588073,903588081,903588085,903588086,812335188,812335178,903588099,903588103,903588111,903588110,903588116,903588119)
 Cron execution ended at: 2022-09-07 12:29:47

***********************************************************

 Cron execution started at :2022-09-07 18:14:01 

 Total Count =>555

Total records SUCCESS: 5
(812335753,812335887,812335970,812336067,812336114) 
Total records FAIL: 19
(903591439,903591635,903591628,903591683,903591632,903591706,903591721,903591725,903591772,903591821,903591832,812336079,903591865,903591844,903591913,903591970,903591979,903592006,903591960) 
 Total records PENDING: 65
(903590491,903590444,812335738,903590518,903590516,903590480,812335746,903590550,903590600,812335766,812335768,903590634,903590640,903590667,903590685,903590695,903590700,903590703,903590723,903590729,812335797,903590788,903590854,903590870,903590909,903590921,812335862,903590976,903591011,903591017,903590963,903591041,903591074,812335896,812335922,903591161,903591192,903591124,903591205,903591211,903591235,903591289,903591301,903591382,903591416,903591437,903591383,903591449,812335987,903591464,903591466,903591499,35899,903591570,903591591,903591612,903591708,812336078,903591840,812336074,903591868,903591882,903591871,903591931,812336103)
 Total records No Response: 357
(903590483,903590485,903590492,903590497,903590496,903590449,903590454,903590507,812335737,812335740,812335742,903590509,812335744,903590522,903590537,903590489,903590545,903590501,903590549,903590556,903590561,812335756,903590563,903590568,903590569,903590587,903590593,903590598,903590604,903590602,903590554,903590607,903590613,812335770,903590635,903590646,903590649,812335765,812335778,903590678,903590687,903590693,903590694,812335779,903590706,903590708,903590709,812335782,903590648,812335784,903590713,812335786,903590671,903590676,903590736,812335793,812335794,812335795,812335799,812335800,812335801,903590756,812335802,903590758,903590759,903590761,812335804,812335808,812335809,812335810,812335811,903590717,812335814,812335817,903590728,812335820,812335819,812335822,812335823,812335825,903590783,812335824,812335827,812335826,812335829,812335830,812335832,812335831,903590732,812335812,812335840,903590776,812335842,812335843,903590852,903590858,903590859,903590862,903590866,903590869,903590807,903590873,903590885,903590831,903590833,903590836,903590898,903590839,812335851,812335855,903590923,903590926,903590928,812335858,903590935,812335859,903590938,903590943,812335861,812335863,812335864,903590950,903590954,812335865,903590955,903590958,812335867,812335869,812335870,812335871,812335873,903590966,812335874,812335876,903590982,812335877,903590986,812335878,812335879,903590999,903591003,903591015,812335889,903591021,903591023,903591024,812335891,812335892,903591032,903590967,903591039,812335898,903591050,903591053,903591009,812335902,903591064,903591067,903591082,903591089,903591091,903591102,812335907,903591099,903591105,812335909,903591110,903591113,903591114,903591036,812335900,903591123,812335911,812335914,903591054,812335916,903591068,903591146,903591158,812335923,812335924,903591168,903591175,903591103,812335927,903591183,903591196,903591139,903591219,903591220,903591222,903591245,903591181,903591198,812335940,812335929,812335945,903591270,903591275,903591273,903591274,903591218,903591296,903591299,903591305,903591306,903591310,903591311,903591255,812335960,903591256,903591318,903591323,903591324,903591326,903591330,812335962,903591329,903591336,903591286,903591344,903591345,903591354,903591364,903591369,903591373,903591378,903591312,903591377,903591334,903591392,903591393,903591394,903591405,903591406,903591413,812335975,812335974,903591440,903591452,903591390,903591398,903591402,903591407,903591460,903591475,903591476,903591494,812336003,903591504,903591508,903591467,903591527,903591484,903591538,812336013,903591488,903591546,903591553,903591555,903591556,812336007,903591562,903591568,903591573,903591574,903591576,903591581,903591583,903591590,903591520,903591594,903591529,812336022,812336024,812336025,903591607,903591608,903591609,903591610,903591611,812336027,903591626,903591630,903591633,903591638,903591640,903591647,903591648,903591651,903591658,903591666,903591624,903591692,903591701,903591703,903591704,812336045,903591720,903591718,903591722,903591723,812336048,812336051,903591668,903591672,903591739,812336053,812336057,903591702,903591705,903591755,812336046,903591768,903591771,903591775,903591776,903591777,903591784,903591794,903591802,812336073,903591810,812336062,903591820,812336064,812336076,812336066,812336068,903591834,903591842,903591851,812336082,903591866,903591808,903591830,903591888,903591900,903591902,903591855,812336094,903591912,903591927,812336090,903591940,903591943,903591947,903591921,903591965,903591967,903591968,903591952,903592001,903592004,903592016,812336117,903592015)
 Cron execution ended at: 2022-09-07 18:44:51
