
***********************************************************

 Cron execution started at :2022-09-01 23:49:01 

 Total Count =>552

Total records SUCCESS: 21
(903528294,903528297,903528303,903528315,903528264,903528266,903528325,903528332,903528333,903528343,903528298,903528346,903528357,903528358,903528359,903528363,903528368,903528336,812326527,903528406,812326557) 
Total records FAIL: 23
(903528212,903528213,903528262,903528286,903528290,903528347,903528694,903528711,903528717,903528735,903528742,903528734,903528779,903528782,903528790,903528841,903528936,903528918,903528969,903528987,903528971,903529028,903529011) 
 Total records PENDING: 86
(903527330,903527422,903527426,903527498,903527545,903527501,903527527,903527601,903527652,903527664,903527708,903527743,903527688,903527803,903527805,903527808,903527763,903527869,903527877,903527816,903527890,903527896,903527837,903527907,903527938,903527962,903527957,903527968,903527973,903528006,35802,903528060,903528033,903528076,903528078,903528040,903528088,903528108,903528058,903528153,903528190,903528193,903528196,903528155,903528221,903528227,812326517,903528246,812326520,903528269,903528299,903528258,903528362,903528367,903528341,903528386,903528402,903528460,903528478,903528504,903528507,903528545,903528593,35804,903528661,903528638,903528718,903528726,903528706,903528799,903528809,812326551,812326552,903528813,812326554,903528850,903528904,903528906,903528913,903528880,903528922,903528923,903528884,903528932,903529022,903529041)
 Total records No Response: 321
(903527350,903527278,903527367,903527363,903527373,903527384,903527390,903527385,903527406,903527418,812326483,903527429,903527436,903527437,903527439,903527382,903527445,903527443,903527447,903527450,903527414,903527467,903527472,903527470,903527481,903527489,903527457,903527510,903527519,903527523,903527526,903527535,903527537,903527540,903527544,903527546,903527542,903527499,812326489,903527559,903527571,903527509,812326491,903527580,903527584,903527551,903527557,903527617,903527623,903527633,903527634,903527636,903527639,903527644,903527649,903527660,903527666,903527670,903527676,903527680,903527684,903527691,903527689,903527692,903527697,903527711,903527718,903527729,903527725,903527735,903527682,903527750,903527754,903527759,903527766,903527707,903527764,903527779,903527776,903527792,903527757,903527819,903527748,903527830,903527831,903527836,903527840,903527851,903527849,903527854,903527862,903527867,35800,903527872,903527875,903527881,35801,903527886,903527820,903527901,903527910,903527919,903527924,903527929,903527928,903527925,903527930,903527846,903527941,903527942,903527945,903527882,903527944,903527955,903527964,903527966,903527970,903527893,903527972,903527976,903527983,903527984,903527992,903527932,903527987,903527994,903528004,812326512,903528011,903528016,903528019,903527990,903527993,903528042,903528005,903528045,903528046,903528047,903528048,903528002,903528014,903528057,903528065,903528079,903528092,903528098,903528103,903528114,903528112,903528117,903528118,903528125,903528140,903528149,903528096,903528145,903528151,903528163,903528156,903528109,903528124,903528184,903528185,903528201,903528158,903528203,903528146,903528205,903528202,903528208,903528207,903528219,903528226,903528250,903528263,903528271,903528277,903528283,903528234,903528302,903528247,903528323,903528319,903528321,903528324,903528278,903528331,903528274,903528288,903528335,903528338,903528340,903528348,903528356,903528330,903528369,903528383,903528387,903528390,903528389,903528394,903528361,903528401,903528414,903528418,903528425,903528433,903528435,903528437,903528448,903528453,903528466,903528465,903528471,903528423,903528473,903528475,903528476,903528479,903528444,903528434,903528505,903528520,903528532,903528488,903528539,903528542,903528544,903528546,903528502,903528553,903528557,903528559,903528561,903528524,903528570,903528576,903528579,903528588,903528548,903528611,812326541,903528631,903528642,903528596,903528644,903528649,812326538,903528654,903528667,903528673,903528643,903528683,903528685,903528653,903528691,903528692,903528695,903528703,903528715,903528733,903528736,812326547,812326548,903528749,903528714,903528748,903528705,903528759,903528757,903528763,35805,903528773,903528776,903528745,903528746,903528801,903528804,903528806,903528807,903528808,903528838,903528803,903528849,903528852,903528857,903528825,903528874,903528879,812326559,903528890,903528897,903528898,903528910,903528930,903528929,903528937,903528915,903528921,903528954,903528956,903528927,903528964,903528965,903528972,903528975,903528979,903528977,903528981,903528982,903528993,903528953,903528996,903528995,903528970,903528973,903528980,903528997,903529027,903529029,903529037)
 Cron execution ended at: 2022-09-02 00:23:19
