
***********************************************************

 Cron execution started at :2023-01-28 02:45:01 

 Total Count =>120

Total records SUCCESS: 0
() 
Total records FAIL: 0
() 
 Total records PENDING: 12
(903852623,903852643,903852646,903852651,903852680,903852681,812366789,903852707,903852723,903852742,812366804,812366808)
 Total records No Response: 108
(903852620,812366748,812366749,812366751,812366752,812366753,812366754,903852626,812366755,812366757,903852630,903852633,812366761,812366763,903852637,903852638,903852640,903852641,903852644,903852645,903852647,812366766,903852652,903852654,903852653,903852655,812366772,903852657,812366776,903852658,903852659,903852660,903852661,903852663,903852662,812366779,812366783,812366784,903852668,812366786,903852670,903852671,903852674,903852678,903852679,812366788,812366787,903852686,903852688,812366794,903852691,812366795,903852695,903852694,903852698,903852697,903852700,903852696,812366797,903852699,903852702,903852704,903852706,903852710,903852708,903852709,903852712,903852714,903852727,903852728,903852731,903852735,903852740,903852747,903852748,903852745,903852751,903852752,903852753,903852755,812366798,812366799,812366800,903852763,903852765,903852766,903852771,903852764,903852770,903852769,903852776,903852778,903852775,903852777,903852779,903852785,903852787,903852789,903852792,903852794,903852797,903852796,903852800,812366803,903852803,903852804,812366805,903852808)
 Cron execution ended at: 2023-01-28 02:45:59
