
***********************************************************

 Cron execution started at :2023-01-25 02:45:01 

 Total Count =>119

Total records SUCCESS: 0
() 
Total records FAIL: 0
() 
 Total records PENDING: 10
(812366614,903852434,812366632,903852491,812366669,812366670,812366671,903852500,903852502,903852541)
 Total records No Response: 109
(812366609,812366610,36726,903852411,903852410,903852412,903852414,903852415,903852419,903852420,903852422,903852423,812366624,903852429,903852428,903852430,903852424,903852426,903852431,903852437,903852441,903852442,903852438,36727,903852439,903852440,903852444,903852447,903852448,903852455,903852458,903852461,903852462,812366637,903852465,903852467,903852468,903852472,903852475,903852474,903852478,812366642,812366643,812366644,812366649,812366646,812366647,812366648,812366652,812366653,812366654,812366655,812366656,812366657,812366658,812366659,812366660,812366661,812366662,903852484,903852487,903852489,903852490,903852492,903852497,903852498,812366674,903852501,903852504,812366675,812366676,812366677,812366678,812366679,903852509,812366682,812366683,903852512,903852513,903852514,903852516,903852521,903852522,903852523,903852525,903852527,36729,903852528,903852530,812366690,812366691,812366692,812366693,812366694,812366695,812366696,812366697,903852533,812366701,812366702,812366703,812366704,903852534,903852535,903852536,903852537,812366705,812366706,812366707)
 Cron execution ended at: 2023-01-25 02:45:36
