
***********************************************************

 Cron execution started at :2021-04-10 23:58:02 

 Total Count =>84

Total records SUCCESS: 0
() 
Total records FAIL: 6
(902776798,902777000,902777003,902777004,902777005,902777006) 
 Total records PENDING: 0
()
 Total records No Response: 78
(902776472,902776474,902776484,902776498,902776501,902776511,902776516,902776529,902776531,902776532,902776553,902776554,902776558,902776561,902776569,902776570,902776572,902776601,902776602,902776613,902776624,902776636,902776642,902776648,902776651,902776665,902776684,902776691,902776698,902776722,902776739,902776742,902776746,902776755,902776759,902776760,902776766,902776777,902776786,902776789,902776792,902776794,902776800,902776803,902776805,902776806,902776808,902776812,902776817,902776822,902776830,902776833,902776847,902776855,902776856,902776864,902776866,902776880,902776881,902776894,902776896,902776910,902776929,902776937,902776938,902776940,902776961,902776962,902776966,902776971,902776974,902776978,902776979,902776988,902776990,902777001,902777008,902777019)
 Cron execution ended at: 2021-04-11 00:00:28
